Field Group

Plate Comment:	
Procedure Summary
  Plate Type:              Corning 96 well for LogPhase600
  Plate Number:            2
  Discontinuous Kinetics:  Runtime 01:00:00 (D:HH:MM), Interval 00:10:00 (HH:MM:SS), 145 Reads (max)
  Read:                    600 nm
  Incubator:               On
    Temperature setpoint:  37 °C
    Temperature gradient:  On
  Shaking:                 Off		
			
			

600

Time	A1	A2	A3	A4	A5	A6	A7	A8	A9	A10	A11	A12	B1	B2	B3	B4	B5	B6	B7	B8	B9	B10	B11	B12	C1	C2	C3	C4	C5	C6	C7	C8	C9	C10	C11	C12	D1	D2	D3	D4	D5	D6	D7	D8	D9	D10	D11	D12	E1	E2	E3	E4	E5	E6	E7	E8	E9	E10	E11	E12	F1	F2	F3	F4	F5	F6	F7	F8	F9	F10	F11	F12	G1	G2	G3	G4	G5	G6	G7	G8	G9	G10	G11	G12	H1	H2	H3	H4	H5	H6	H7	H8	H9	H10	H11	H12
0:00:00	0.080	0.081	0.081	0.080	0.080	0.081	0.081	0.080	0.081	0.081	0.081	0.080	0.080	0.104	1.299	1.297	1.296	0.170	0.876	1.033	0.178	0.425	1.050	0.080	0.080	0.111	1.294	1.311	1.550	0.191	1.280	1.014	0.190	0.950	1.043	0.081	0.080	0.106	1.312	1.347	1.434	0.196	1.638	0.806	0.198	0.668	1.023	0.081	0.080	0.104	1.299	1.337	1.382	0.196	1.343	1.121	0.203	0.648	1.038	0.081	0.080	0.104	1.445	1.318	1.403	0.204	1.170	0.924	0.190	0.579	1.078	0.081	0.080	0.104	1.263	1.262	1.292	0.204	1.264	0.830	0.190	0.729	1.028	0.080	0.080	0.078	0.080	0.080	0.080	0.080	0.111	0.080	0.080	0.080	0.080	0.081
0:10:00	0.080	0.081	0.081	0.080	0.080	0.081	0.081	0.080	0.081	0.081	0.081	0.080	0.080	0.103	1.286	1.287	1.290	0.170	0.875	1.025	0.179	0.408	1.050	0.080	0.080	0.103	1.266	1.273	1.532	0.169	1.272	0.971	0.174	0.919	1.048	0.080	0.080	0.103	1.272	1.309	1.398	0.168	1.624	0.771	0.172	0.630	1.013	0.081	0.080	0.103	1.258	1.302	1.351	0.168	1.319	1.085	0.180	0.618	1.032	0.081	0.080	0.104	1.431	1.282	1.387	0.183	1.286	0.919	0.176	0.568	1.081	0.081	0.080	0.104	1.261	1.267	1.290	0.203	1.251	0.819	0.191	0.721	1.029	0.080	0.080	0.077	0.080	0.080	0.080	0.080	0.110	0.080	0.080	0.080	0.080	0.081
0:20:00	0.079	0.082	0.081	0.080	0.081	0.081	0.081	0.080	0.081	0.081	0.081	0.080	0.080	0.104	1.282	1.287	1.288	0.168	0.882	1.010	0.178	0.400	1.053	0.081	0.080	0.103	1.265	1.272	1.538	0.169	1.294	0.966	0.173	0.920	1.047	0.081	0.080	0.103	1.273	1.311	1.397	0.167	1.624	0.794	0.171	0.639	1.012	0.082	0.080	0.103	1.259	1.308	1.352	0.168	1.389	1.078	0.179	0.619	1.036	0.081	0.080	0.104	1.437	1.287	1.383	0.182	1.293	0.933	0.177	0.555	1.083	0.081	0.080	0.103	1.260	1.267	1.293	0.201	1.256	0.800	0.191	0.704	1.029	0.080	0.080	0.077	0.079	0.080	0.080	0.080	0.113	0.080	0.080	0.080	0.080	0.080
0:30:00	0.079	0.081	0.081	0.080	0.080	0.081	0.081	0.080	0.081	0.081	0.081	0.080	0.080	0.103	1.283	1.290	1.290	0.168	0.889	1.013	0.178	0.398	1.054	0.080	0.080	0.103	1.267	1.277	1.550	0.169	1.282	0.960	0.173	0.911	1.053	0.080	0.080	0.103	1.274	1.316	1.403	0.168	1.638	0.792	0.172	0.636	1.012	0.081	0.080	0.103	1.259	1.312	1.358	0.169	1.385	1.089	0.180	0.609	1.037	0.080	0.080	0.104	1.445	1.289	1.393	0.183	1.290	0.945	0.177	0.544	1.085	0.081	0.080	0.103	1.259	1.272	1.298	0.200	1.267	0.820	0.192	0.697	1.032	0.080	0.080	0.077	0.080	0.080	0.079	0.080	0.112	0.080	0.080	0.080	0.079	0.081
0:40:00	0.079	0.081	0.081	0.080	0.080	0.080	0.081	0.080	0.081	0.081	0.081	0.080	0.080	0.103	1.283	1.291	1.288	0.167	0.905	1.023	0.177	0.393	1.054	0.080	0.079	0.103	1.268	1.278	1.548	0.168	1.299	0.957	0.172	0.920	1.050	0.080	0.080	0.103	1.276	1.320	1.405	0.168	1.642	0.805	0.171	0.674	1.012	0.081	0.080	0.103	1.260	1.317	1.357	0.169	1.390	1.092	0.179	0.608	1.038	0.080	0.080	0.104	1.450	1.294	1.388	0.182	1.293	0.958	0.176	0.490	1.085	0.080	0.079	0.103	1.258	1.274	1.300	0.198	1.279	0.825	0.191	0.681	1.034	0.080	0.080	0.077	0.080	0.080	0.079	0.080	0.114	0.080	0.080	0.080	0.079	0.080
0:50:00	0.079	0.081	0.081	0.080	0.080	0.080	0.081	0.080	0.081	0.081	0.081	0.080	0.080	0.103	1.284	1.294	1.293	0.166	0.905	1.020	0.178	0.393	1.056	0.080	0.080	0.103	1.268	1.281	1.560	0.169	1.283	0.958	0.173	0.911	1.058	0.080	0.080	0.103	1.277	1.323	1.411	0.169	1.660	0.823	0.172	0.660	1.014	0.081	0.080	0.103	1.260	1.319	1.372	0.169	1.385	1.097	0.180	0.591	1.039	0.081	0.080	0.104	1.456	1.296	1.402	0.182	1.289	0.977	0.176	0.475	1.089	0.081	0.080	0.104	1.258	1.278	1.305	0.197	1.294	0.849	0.193	0.676	1.037	0.080	0.080	0.078	0.080	0.080	0.080	0.080	0.113	0.080	0.080	0.080	0.080	0.081
1:00:00	0.080	0.081	0.081	0.080	0.080	0.081	0.081	0.080	0.081	0.081	0.081	0.080	0.080	0.103	1.284	1.296	1.294	0.165	0.910	1.031	0.178	0.390	1.056	0.080	0.080	0.103	1.268	1.282	1.564	0.169	1.283	0.953	0.173	0.910	1.060	0.080	0.080	0.103	1.277	1.327	1.418	0.169	1.652	0.854	0.172	0.649	1.015	0.081	0.080	0.103	1.261	1.322	1.372	0.169	1.387	1.099	0.180	0.504	1.039	0.081	0.080	0.104	1.460	1.298	1.410	0.182	1.296	1.000	0.175	0.459	1.090	0.081	0.080	0.103	1.257	1.280	1.305	0.196	1.308	0.860	0.193	0.667	1.039	0.080	0.080	0.077	0.080	0.080	0.080	0.080	0.111	0.080	0.080	0.080	0.080	0.081
1:10:00	0.079	0.082	0.081	0.080	0.080	0.081	0.081	0.080	0.081	0.081	0.081	0.080	0.080	0.103	1.283	1.296	1.293	0.164	0.919	1.020	0.179	0.386	1.058	0.080	0.080	0.103	1.268	1.281	1.565	0.168	1.292	0.956	0.175	0.917	1.062	0.081	0.080	0.103	1.276	1.328	1.420	0.169	1.477	0.876	0.172	0.644	1.014	0.081	0.080	0.103	1.261	1.325	1.372	0.168	1.392	1.098	0.180	0.492	1.042	0.081	0.080	0.103	1.463	1.300	1.407	0.182	1.296	1.013	0.177	0.449	1.090	0.081	0.080	0.103	1.256	1.279	1.305	0.194	1.321	0.863	0.192	0.654	1.040	0.080	0.079	0.077	0.079	0.080	0.080	0.080	0.113	0.080	0.080	0.080	0.080	0.080
1:20:00	0.079	0.081	0.081	0.080	0.080	0.080	0.081	0.080	0.081	0.081	0.081	0.080	0.080	0.103	1.283	1.299	1.297	0.163	0.918	1.039	0.179	0.385	1.058	0.080	0.080	0.103	1.268	1.284	1.577	0.169	1.282	0.957	0.175	0.902	1.067	0.081	0.080	0.103	1.276	1.338	1.428	0.170	1.464	0.892	0.173	0.638	1.015	0.081	0.080	0.103	1.261	1.324	1.376	0.169	1.383	1.109	0.180	0.416	1.041	0.081	0.080	0.103	1.469	1.301	1.417	0.182	1.297	1.010	0.176	0.448	1.091	0.081	0.080	0.103	1.256	1.282	1.310	0.193	1.337	0.887	0.193	0.651	1.044	0.080	0.080	0.077	0.080	0.080	0.080	0.080	0.111	0.080	0.080	0.080	0.080	0.081
1:30:00	0.080	0.081	0.081	0.080	0.080	0.081	0.081	0.080	0.081	0.081	0.081	0.080	0.080	0.103	1.283	1.299	1.296	0.163	0.934	1.034	0.178	0.381	1.059	0.081	0.080	0.103	1.267	1.284	1.571	0.168	1.292	0.956	0.174	0.916	1.067	0.081	0.080	0.103	1.276	1.337	1.429	0.170	1.462	0.911	0.173	0.640	1.016	0.082	0.080	0.103	1.262	1.320	1.375	0.169	1.387	1.109	0.179	0.412	1.043	0.081	0.080	0.104	1.499	1.302	1.411	0.182	1.299	1.016	0.177	0.443	1.091	0.081	0.080	0.104	1.255	1.282	1.308	0.192	1.349	0.886	0.191	0.640	1.046	0.080	0.080	0.077	0.080	0.080	0.080	0.080	0.113	0.081	0.081	0.080	0.080	0.081
1:40:00	0.080	0.081	0.081	0.080	0.080	0.081	0.081	0.080	0.081	0.081	0.081	0.080	0.080	0.103	1.283	1.302	1.300	0.163	0.939	1.050	0.179	0.381	1.061	0.081	0.080	0.103	1.267	1.286	1.582	0.169	1.281	0.960	0.174	0.910	1.075	0.081	0.080	0.103	1.277	1.339	1.433	0.170	1.463	0.924	0.173	0.629	1.017	0.082	0.080	0.103	1.263	1.320	1.382	0.171	1.381	1.113	0.180	0.408	1.044	0.081	0.080	0.104	1.616	1.303	1.425	0.182	1.301	1.012	0.177	0.443	1.092	0.081	0.080	0.104	1.256	1.286	1.313	0.192	1.363	0.907	0.192	0.640	1.048	0.080	0.080	0.078	0.080	0.080	0.080	0.080	0.111	0.081	0.081	0.080	0.080	0.081
1:50:00	0.080	0.081	0.081	0.080	0.080	0.081	0.081	0.080	0.081	0.081	0.081	0.080	0.080	0.103	1.282	1.299	1.297	0.162	0.943	1.044	0.179	0.376	1.062	0.080	0.080	0.103	1.267	1.284	1.577	0.169	1.289	0.959	0.174	0.912	1.075	0.081	0.080	0.103	1.276	1.336	1.430	0.170	1.465	0.948	0.173	0.617	1.018	0.081	0.080	0.103	1.261	1.319	1.383	0.171	1.384	1.107	0.180	0.406	1.046	0.081	0.080	0.103	1.601	1.304	1.422	0.182	1.307	1.024	0.176	0.436	1.093	0.081	0.080	0.103	1.253	1.284	1.311	0.192	1.371	0.892	0.191	0.634	1.047	0.080	0.080	0.077	0.080	0.080	0.080	0.080	0.112	0.080	0.080	0.080	0.080	0.081
2:00:00	0.080	0.082	0.081	0.081	0.081	0.081	0.081	0.081	0.081	0.081	0.081	0.080	0.081	0.104	1.279	1.301	1.298	0.162	0.942	1.053	0.179	0.374	1.063	0.081	0.080	0.103	1.267	1.285	1.548	0.169	1.286	0.958	0.174	0.896	1.078	0.081	0.080	0.103	1.276	1.339	1.432	0.171	1.466	0.963	0.173	0.460	1.018	0.082	0.080	0.103	1.262	1.321	1.387	0.172	1.380	1.103	0.180	0.406	1.047	0.081	0.080	0.103	1.590	1.303	1.432	0.183	1.310	1.027	0.177	0.433	1.095	0.081	0.080	0.103	1.254	1.284	1.315	0.191	1.384	0.901	0.191	0.634	1.048	0.080	0.080	0.077	0.080	0.080	0.080	0.081	0.111	0.081	0.081	0.080	0.080	0.081
2:10:00	0.080	0.081	0.081	0.080	0.080	0.081	0.081	0.080	0.081	0.081	0.081	0.080	0.080	0.103	1.280	1.301	1.298	0.162	0.957	1.060	0.179	0.371	1.064	0.080	0.080	0.103	1.267	1.285	1.662	0.169	1.289	0.960	0.174	0.905	1.078	0.081	0.080	0.103	1.276	1.341	1.433	0.172	1.469	0.978	0.174	0.455	1.019	0.081	0.080	0.103	1.261	1.322	1.387	0.172	1.382	1.111	0.181	0.402	1.047	0.081	0.080	0.103	1.591	1.304	1.432	0.182	1.311	1.033	0.176	0.428	1.093	0.081	0.080	0.103	1.252	1.286	1.317	0.191	1.395	0.909	0.191	0.629	1.051	0.080	0.080	0.078	0.080	0.080	0.080	0.080	0.112	0.080	0.081	0.080	0.080	0.081
0:00:00																																																																																																
0:00:00																																																																																																
0:00:00																																																																																																
0:00:00																																																																																																
0:00:00																																																																																																
0:00:00																																																																																																
0:00:00																																																																																																
0:00:00																																																																																																
0:00:00																																																																																																
0:00:00																																																																																																
0:00:00																																																																																																
0:00:00																																																																																																
0:00:00																																																																																																
0:00:00																																																																																																
0:00:00																																																																																																

