Field Group

Plate Comment:	
Procedure Summary
  Plate Type:              Corning 96 well for LogPhase600
  Plate Number:            2
  Discontinuous Kinetics:  Runtime 01:00:00 (D:HH:MM), Interval 00:10:00 (HH:MM:SS), 145 Reads (max)
  Read:                    600 nm
  Incubator:               On
    Temperature setpoint:  37 °C
    Temperature gradient:  On
  Shaking:                 Off		
			
			

600

Time	A1	A2	A3	A4	A5	A6	A7	A8	A9	A10	A11	A12	B1	B2	B3	B4	B5	B6	B7	B8	B9	B10	B11	B12	C1	C2	C3	C4	C5	C6	C7	C8	C9	C10	C11	C12	D1	D2	D3	D4	D5	D6	D7	D8	D9	D10	D11	D12	E1	E2	E3	E4	E5	E6	E7	E8	E9	E10	E11	E12	F1	F2	F3	F4	F5	F6	F7	F8	F9	F10	F11	F12	G1	G2	G3	G4	G5	G6	G7	G8	G9	G10	G11	G12	H1	H2	H3	H4	H5	H6	H7	H8	H9	H10	H11	H12
0:00:00	0.079	0.079	0.079	0.079	0.079	0.079	0.079	0.079	0.080	0.079	0.080	0.079	0.080	0.101	0.118	0.126	0.214	0.104	0.258	0.460	0.103	0.149	0.107	0.079	0.079	0.101	0.117	0.118	0.269	0.103	0.426	0.729	0.102	0.491	0.107	0.079	0.079	0.101	0.143	0.136	0.207	0.101	0.333	0.397	0.101	0.161	0.105	0.079	0.079	0.102	0.133	0.164	0.215	0.102	0.306	0.203	0.102	0.113	0.107	0.079	0.079	0.101	0.126	0.124	0.190	0.104	0.216	0.252	0.102	0.486	0.105	0.079	0.079	0.102	0.117	0.125	0.211	0.106	0.277	0.340	0.102	0.513	0.111	0.079	0.079	0.078	0.079	0.079	0.079	0.079	0.079	0.079	0.079	0.079	0.079	0.079
0:10:00	0.079	0.079	0.079	0.079	0.078	0.079	0.079	0.079	0.080	0.079	0.080	0.079	0.080	0.101	0.118	0.128	0.213	0.103	0.263	0.510	0.103	0.151	0.107	0.079	0.079	0.101	0.118	0.117	0.271	0.103	0.388	0.773	0.101	0.480	0.106	0.079	0.079	0.101	0.137	0.143	0.213	0.100	0.335	0.414	0.101	0.163	0.105	0.079	0.079	0.101	0.132	0.164	0.211	0.101	0.316	0.208	0.101	0.112	0.107	0.079	0.079	0.101	0.126	0.123	0.198	0.103	0.227	0.256	0.101	0.487	0.104	0.078	0.079	0.101	0.116	0.128	0.216	0.105	0.277	0.356	0.101	0.505	0.111	0.078	0.079	0.078	0.079	0.079	0.079	0.079	0.079	0.079	0.079	0.079	0.079	0.078
0:20:00	0.079	0.079	0.079	0.079	0.078	0.079	0.079	0.079	0.081	0.079	0.080	0.079	0.080	0.100	0.117	0.130	0.212	0.103	0.260	0.545	0.103	0.151	0.106	0.079	0.079	0.100	0.117	0.117	0.264	0.102	0.393	0.789	0.101	0.473	0.106	0.079	0.079	0.101	0.137	0.144	0.219	0.100	0.343	0.432	0.100	0.163	0.105	0.078	0.079	0.101	0.132	0.160	0.214	0.101	0.321	0.213	0.101	0.112	0.107	0.079	0.078	0.101	0.127	0.122	0.197	0.102	0.222	0.253	0.101	0.476	0.104	0.078	0.079	0.101	0.116	0.128	0.228	0.104	0.266	0.339	0.101	0.509	0.110	0.078	0.079	0.078	0.079	0.079	0.078	0.079	0.079	0.078	0.079	0.078	0.078	0.078
0:30:00	0.078	0.079	0.079	0.078	0.078	0.078	0.079	0.078	0.080	0.079	0.080	0.078	0.079	0.100	0.117	0.129	0.209	0.104	0.262	0.553	0.102	0.152	0.107	0.079	0.079	0.101	0.118	0.119	0.262	0.103	0.381	0.850	0.101	0.468	0.107	0.079	0.079	0.101	0.135	0.145	0.216	0.100	0.352	0.468	0.101	0.166	0.105	0.078	0.078	0.101	0.133	0.164	0.218	0.101	0.325	0.208	0.101	0.113	0.107	0.078	0.078	0.101	0.129	0.124	0.203	0.103	0.223	0.262	0.101	0.481	0.104	0.078	0.078	0.101	0.117	0.132	0.235	0.105	0.257	0.330	0.101	0.519	0.110	0.078	0.079	0.078	0.079	0.079	0.078	0.079	0.079	0.078	0.079	0.078	0.078	0.078
0:40:00	0.078	0.079	0.079	0.079	0.078	0.078	0.079	0.078	0.080	0.079	0.080	0.078	0.079	0.100	0.117	0.128	0.215	0.104	0.263	0.564	0.103	0.152	0.107	0.079	0.079	0.101	0.118	0.121	0.263	0.103	0.373	0.804	0.101	0.477	0.108	0.079	0.079	0.101	0.141	0.147	0.216	0.100	0.340	0.454	0.101	0.165	0.105	0.078	0.079	0.101	0.135	0.165	0.217	0.101	0.326	0.215	0.101	0.112	0.107	0.079	0.078	0.101	0.130	0.124	0.204	0.103	0.229	0.269	0.101	0.464	0.104	0.078	0.079	0.101	0.117	0.132	0.234	0.105	0.253	0.334	0.101	0.519	0.110	0.078	0.079	0.078	0.079	0.079	0.078	0.079	0.079	0.079	0.079	0.079	0.078	0.078
0:50:00	0.078	0.079	0.079	0.079	0.078	0.078	0.079	0.078	0.080	0.079	0.080	0.078	0.079	0.100	0.117	0.131	0.216	0.104	0.263	0.564	0.102	0.155	0.107	0.079	0.079	0.101	0.119	0.122	0.268	0.103	0.370	0.805	0.101	0.480	0.108	0.078	0.079	0.101	0.142	0.149	0.220	0.100	0.336	0.461	0.101	0.164	0.105	0.078	0.079	0.101	0.137	0.168	0.216	0.101	0.327	0.216	0.101	0.112	0.107	0.079	0.078	0.101	0.131	0.126	0.204	0.103	0.232	0.271	0.101	0.468	0.104	0.078	0.079	0.101	0.118	0.131	0.238	0.105	0.250	0.332	0.101	0.522	0.111	0.078	0.079	0.078	0.079	0.079	0.078	0.079	0.079	0.078	0.079	0.079	0.079	0.078
1:00:00	0.078	0.079	0.079	0.079	0.078	0.078	0.079	0.078	0.080	0.079	0.080	0.078	0.079	0.100	0.118	0.133	0.218	0.104	0.263	0.559	0.103	0.156	0.108	0.079	0.079	0.101	0.121	0.124	0.275	0.104	0.361	0.802	0.101	0.483	0.108	0.079	0.079	0.101	0.142	0.155	0.217	0.100	0.335	0.464	0.101	0.166	0.105	0.078	0.079	0.101	0.138	0.168	0.216	0.101	0.328	0.221	0.101	0.113	0.108	0.079	0.078	0.101	0.132	0.131	0.208	0.103	0.234	0.278	0.101	0.468	0.105	0.078	0.079	0.101	0.119	0.132	0.246	0.106	0.250	0.337	0.101	0.524	0.112	0.078	0.079	0.078	0.079	0.079	0.078	0.079	0.079	0.078	0.079	0.079	0.079	0.078
1:10:00	0.078	0.079	0.079	0.079	0.078	0.078	0.079	0.078	0.080	0.079	0.080	0.079	0.079	0.100	0.119	0.135	0.217	0.104	0.259	0.564	0.103	0.160	0.108	0.079	0.079	0.101	0.121	0.125	0.277	0.104	0.363	0.849	0.101	0.478	0.108	0.079	0.079	0.101	0.141	0.156	0.216	0.100	0.338	0.482	0.101	0.167	0.105	0.078	0.079	0.101	0.140	0.170	0.216	0.101	0.330	0.220	0.101	0.114	0.108	0.079	0.078	0.101	0.133	0.134	0.207	0.103	0.234	0.276	0.101	0.483	0.105	0.078	0.078	0.101	0.119	0.132	0.248	0.106	0.250	0.333	0.101	0.527	0.113	0.078	0.079	0.078	0.079	0.079	0.078	0.079	0.079	0.078	0.079	0.078	0.078	0.078
1:20:00	0.079	0.079	0.079	0.079	0.078	0.078	0.079	0.078	0.081	0.079	0.080	0.079	0.079	0.100	0.120	0.138	0.221	0.104	0.263	0.566	0.103	0.156	0.108	0.079	0.079	0.101	0.122	0.126	0.280	0.104	0.359	0.804	0.101	0.485	0.109	0.079	0.079	0.101	0.146	0.159	0.219	0.100	0.332	0.466	0.101	0.168	0.105	0.078	0.078	0.101	0.142	0.170	0.216	0.101	0.334	0.229	0.101	0.113	0.108	0.079	0.078	0.101	0.135	0.135	0.211	0.103	0.236	0.280	0.101	0.475	0.105	0.078	0.078	0.101	0.120	0.133	0.252	0.106	0.249	0.339	0.101	0.524	0.114	0.078	0.079	0.078	0.079	0.079	0.078	0.079	0.078	0.078	0.079	0.078	0.078	0.078
1:30:00	0.078	0.078	0.079	0.078	0.078	0.078	0.078	0.078	0.080	0.079	0.080	0.079	0.079	0.100	0.122	0.138	0.219	0.103	0.262	0.553	0.102	0.160	0.109	0.079	0.079	0.101	0.123	0.127	0.283	0.104	0.359	0.846	0.101	0.489	0.110	0.079	0.079	0.101	0.145	0.160	0.219	0.100	0.338	0.481	0.101	0.169	0.105	0.078	0.078	0.101	0.144	0.172	0.217	0.101	0.330	0.223	0.101	0.114	0.109	0.079	0.078	0.101	0.138	0.137	0.213	0.103	0.237	0.284	0.101	0.491	0.105	0.078	0.078	0.101	0.120	0.135	0.256	0.106	0.248	0.337	0.101	0.529	0.116	0.078	0.079	0.078	0.079	0.079	0.078	0.079	0.078	0.078	0.079	0.078	0.078	0.078
1:40:00	0.079	0.079	0.079	0.079	0.078	0.079	0.079	0.079	0.080	0.079	0.080	0.079	0.079	0.100	0.123	0.139	0.222	0.104	0.266	0.556	0.103	0.158	0.110	0.079	0.079	0.101	0.124	0.128	0.284	0.105	0.356	0.790	0.101	0.499	0.110	0.079	0.079	0.101	0.151	0.163	0.221	0.100	0.332	0.463	0.101	0.169	0.106	0.079	0.079	0.101	0.145	0.173	0.218	0.101	0.332	0.232	0.101	0.114	0.109	0.079	0.078	0.101	0.140	0.138	0.217	0.103	0.240	0.290	0.101	0.479	0.106	0.078	0.079	0.101	0.121	0.136	0.258	0.107	0.248	0.341	0.101	0.526	0.118	0.079	0.079	0.078	0.079	0.079	0.078	0.079	0.079	0.079	0.079	0.079	0.079	0.079
1:50:00	0.079	0.079	0.079	0.079	0.078	0.079	0.079	0.079	0.080	0.079	0.080	0.079	0.080	0.101	0.126	0.140	0.223	0.104	0.268	0.563	0.103	0.158	0.111	0.079	0.079	0.101	0.127	0.130	0.287	0.105	0.353	0.785	0.102	0.504	0.111	0.079	0.079	0.101	0.152	0.166	0.224	0.100	0.332	0.465	0.101	0.170	0.106	0.079	0.079	0.101	0.146	0.175	0.221	0.101	0.332	0.236	0.101	0.114	0.110	0.079	0.079	0.101	0.142	0.142	0.221	0.103	0.243	0.294	0.101	0.477	0.107	0.079	0.079	0.101	0.122	0.137	0.264	0.107	0.249	0.342	0.101	0.527	0.120	0.079	0.079	0.078	0.079	0.079	0.079	0.079	0.079	0.079	0.079	0.079	0.079	0.079
2:00:00	0.079	0.079	0.079	0.079	0.078	0.079	0.079	0.079	0.080	0.079	0.080	0.079	0.079	0.100	0.128	0.140	0.223	0.104	0.266	0.567	0.103	0.161	0.111	0.079	0.079	0.101	0.128	0.131	0.288	0.105	0.354	0.831	0.101	0.498	0.113	0.079	0.079	0.101	0.150	0.167	0.222	0.100	0.337	0.483	0.101	0.171	0.106	0.079	0.079	0.101	0.147	0.178	0.222	0.101	0.332	0.235	0.101	0.115	0.111	0.079	0.079	0.101	0.144	0.143	0.221	0.103	0.243	0.294	0.101	0.490	0.108	0.078	0.079	0.101	0.123	0.139	0.266	0.107	0.249	0.337	0.101	0.532	0.123	0.078	0.079	0.078	0.079	0.079	0.078	0.079	0.079	0.079	0.079	0.079	0.079	0.079
2:10:00	0.079	0.079	0.079	0.079	0.078	0.079	0.079	0.079	0.081	0.079	0.080	0.079	0.080	0.100	0.128	0.141	0.224	0.103	0.266	0.585	0.103	0.162	0.112	0.079	0.079	0.100	0.130	0.132	0.287	0.105	0.353	0.833	0.101	0.492	0.114	0.079	0.079	0.100	0.150	0.167	0.222	0.099	0.337	0.487	0.100	0.171	0.106	0.078	0.078	0.101	0.147	0.179	0.223	0.101	0.338	0.243	0.100	0.115	0.111	0.079	0.078	0.100	0.145	0.144	0.220	0.102	0.245	0.291	0.101	0.487	0.109	0.078	0.079	0.101	0.122	0.138	0.267	0.107	0.249	0.337	0.100	0.528	0.125	0.078	0.079	0.078	0.079	0.079	0.078	0.079	0.078	0.078	0.079	0.078	0.078	0.078
2:20:00	0.079	0.079	0.079	0.079	0.078	0.079	0.079	0.079	0.080	0.079	0.080	0.079	0.079	0.100	0.131	0.142	0.228	0.104	0.272	0.598	0.103	0.161	0.114	0.079	0.079	0.101	0.133	0.133	0.288	0.105	0.353	0.798	0.101	0.497	0.115	0.079	0.079	0.101	0.154	0.170	0.226	0.100	0.336	0.480	0.101	0.172	0.107	0.079	0.079	0.101	0.149	0.182	0.226	0.101	0.340	0.249	0.101	0.115	0.112	0.079	0.078	0.101	0.147	0.148	0.224	0.103	0.248	0.299	0.101	0.477	0.111	0.078	0.079	0.101	0.124	0.140	0.272	0.107	0.251	0.338	0.101	0.530	0.127	0.078	0.079	0.078	0.079	0.079	0.078	0.079	0.079	0.078	0.079	0.078	0.079	0.079
2:30:00	0.079	0.079	0.079	0.079	0.078	0.079	0.079	0.079	0.081	0.079	0.080	0.079	0.079	0.100	0.133	0.142	0.229	0.104	0.272	0.594	0.103	0.162	0.115	0.079	0.079	0.100	0.134	0.134	0.290	0.106	0.353	0.802	0.101	0.501	0.116	0.079	0.079	0.101	0.155	0.171	0.227	0.100	0.338	0.484	0.101	0.173	0.108	0.079	0.079	0.101	0.149	0.185	0.228	0.101	0.339	0.248	0.101	0.115	0.113	0.079	0.078	0.100	0.148	0.150	0.226	0.103	0.250	0.302	0.101	0.479	0.112	0.078	0.079	0.101	0.126	0.141	0.274	0.107	0.251	0.337	0.101	0.532	0.129	0.078	0.079	0.078	0.079	0.079	0.078	0.079	0.079	0.078	0.079	0.079	0.079	0.078
2:40:00	0.079	0.079	0.079	0.079	0.078	0.078	0.079	0.078	0.080	0.079	0.080	0.079	0.079	0.100	0.135	0.143	0.228	0.104	0.270	0.582	0.103	0.167	0.116	0.079	0.079	0.101	0.136	0.136	0.291	0.107	0.356	0.851	0.101	0.500	0.118	0.079	0.079	0.101	0.153	0.172	0.227	0.100	0.346	0.500	0.101	0.175	0.108	0.078	0.079	0.101	0.151	0.193	0.230	0.101	0.335	0.246	0.101	0.117	0.115	0.079	0.078	0.101	0.150	0.153	0.227	0.103	0.253	0.303	0.101	0.497	0.114	0.078	0.079	0.101	0.128	0.143	0.278	0.108	0.253	0.334	0.101	0.538	0.130	0.078	0.079	0.078	0.079	0.079	0.078	0.079	0.079	0.078	0.079	0.079	0.079	0.078
2:50:00	0.079	0.079	0.079	0.079	0.078	0.079	0.079	0.079	0.080	0.079	0.080	0.079	0.080	0.100	0.138	0.144	0.232	0.104	0.272	0.586	0.103	0.164	0.117	0.079	0.079	0.101	0.138	0.138	0.292	0.107	0.354	0.802	0.102	0.506	0.119	0.079	0.079	0.101	0.158	0.174	0.231	0.100	0.342	0.487	0.101	0.176	0.109	0.079	0.079	0.101	0.153	0.196	0.233	0.101	0.336	0.249	0.101	0.117	0.115	0.079	0.079	0.101	0.151	0.155	0.232	0.103	0.255	0.308	0.101	0.485	0.117	0.078	0.079	0.101	0.130	0.144	0.282	0.108	0.255	0.339	0.101	0.532	0.132	0.079	0.079	0.078	0.079	0.079	0.079	0.079	0.079	0.079	0.079	0.079	0.079	0.079
3:00:00	0.079	0.079	0.079	0.079	0.078	0.079	0.079	0.079	0.081	0.079	0.080	0.079	0.080	0.100	0.140	0.146	0.233	0.104	0.273	0.585	0.103	0.165	0.118	0.079	0.079	0.100	0.139	0.139	0.293	0.107	0.355	0.807	0.101	0.506	0.119	0.079	0.079	0.101	0.159	0.176	0.232	0.100	0.342	0.488	0.101	0.177	0.110	0.079	0.079	0.101	0.154	0.202	0.236	0.101	0.338	0.253	0.101	0.117	0.116	0.079	0.078	0.101	0.152	0.156	0.234	0.103	0.258	0.311	0.101	0.485	0.119	0.078	0.079	0.101	0.131	0.146	0.287	0.108	0.256	0.341	0.101	0.532	0.133	0.079	0.079	0.078	0.079	0.079	0.078	0.079	0.079	0.079	0.079	0.079	0.079	0.079
3:10:00	0.079	0.079	0.079	0.079	0.078	0.079	0.079	0.079	0.081	0.079	0.080	0.079	0.079	0.100	0.142	0.148	0.233	0.104	0.274	0.575	0.103	0.169	0.119	0.079	0.079	0.101	0.141	0.141	0.296	0.109	0.357	0.850	0.102	0.509	0.122	0.079	0.079	0.101	0.160	0.179	0.232	0.100	0.349	0.499	0.101	0.180	0.111	0.079	0.079	0.101	0.156	0.215	0.238	0.102	0.337	0.251	0.101	0.119	0.117	0.079	0.078	0.101	0.156	0.161	0.237	0.103	0.259	0.317	0.101	0.503	0.120	0.078	0.079	0.101	0.133	0.149	0.293	0.109	0.260	0.341	0.101	0.536	0.133	0.078	0.079	0.078	0.079	0.079	0.078	0.079	0.079	0.079	0.079	0.079	0.079	0.079
3:20:00	0.079	0.079	0.079	0.079	0.078	0.079	0.079	0.079	0.080	0.079	0.080	0.079	0.079	0.100	0.143	0.149	0.235	0.104	0.277	0.572	0.103	0.170	0.119	0.079	0.079	0.101	0.143	0.143	0.299	0.110	0.358	0.843	0.101	0.515	0.122	0.079	0.079	0.101	0.162	0.181	0.234	0.100	0.352	0.498	0.101	0.181	0.112	0.079	0.078	0.101	0.157	0.223	0.242	0.101	0.336	0.253	0.101	0.120	0.117	0.079	0.078	0.101	0.157	0.163	0.240	0.103	0.262	0.322	0.101	0.504	0.121	0.078	0.079	0.101	0.135	0.151	0.297	0.109	0.261	0.343	0.101	0.539	0.134	0.079	0.079	0.078	0.079	0.079	0.078	0.079	0.079	0.078	0.079	0.079	0.078	0.079
3:30:00	0.079	0.079	0.079	0.079	0.079	0.079	0.079	0.079	0.080	0.079	0.080	0.079	0.080	0.100	0.146	0.151	0.238	0.105	0.281	0.572	0.103	0.171	0.121	0.079	0.079	0.101	0.145	0.145	0.303	0.111	0.359	0.837	0.102	0.523	0.124	0.079	0.079	0.101	0.166	0.184	0.237	0.100	0.355	0.498	0.101	0.183	0.112	0.079	0.079	0.101	0.160	0.230	0.244	0.102	0.337	0.257	0.101	0.121	0.118	0.079	0.079	0.101	0.159	0.167	0.245	0.103	0.266	0.324	0.101	0.502	0.123	0.079	0.079	0.101	0.136	0.153	0.303	0.109	0.265	0.346	0.101	0.539	0.136	0.079	0.079	0.078	0.079	0.079	0.079	0.079	0.079	0.079	0.079	0.079	0.079	0.079
3:40:00	0.079	0.079	0.079	0.079	0.079	0.079	0.079	0.079	0.080	0.079	0.080	0.079	0.080	0.100	0.148	0.153	0.243	0.105	0.286	0.586	0.103	0.169	0.122	0.079	0.079	0.101	0.146	0.148	0.305	0.111	0.358	0.783	0.102	0.530	0.125	0.079	0.079	0.101	0.172	0.186	0.242	0.100	0.352	0.485	0.101	0.184	0.113	0.079	0.079	0.101	0.162	0.241	0.249	0.102	0.342	0.263	0.101	0.120	0.118	0.079	0.079	0.101	0.160	0.170	0.252	0.103	0.269	0.329	0.101	0.488	0.125	0.079	0.079	0.101	0.137	0.154	0.305	0.109	0.267	0.350	0.101	0.537	0.137	0.079	0.079	0.078	0.079	0.079	0.079	0.079	0.079	0.079	0.079	0.079	0.079	0.079
3:50:00	0.079	0.079	0.079	0.079	0.079	0.079	0.079	0.079	0.080	0.079	0.080	0.079	0.080	0.100	0.149	0.156	0.246	0.105	0.288	0.603	0.103	0.170	0.123	0.080	0.079	0.100	0.148	0.151	0.310	0.111	0.358	0.782	0.102	0.530	0.125	0.079	0.079	0.101	0.174	0.189	0.245	0.100	0.356	0.486	0.101	0.186	0.114	0.079	0.079	0.101	0.164	0.258	0.253	0.101	0.347	0.269	0.100	0.121	0.118	0.079	0.079	0.101	0.163	0.172	0.255	0.103	0.274	0.331	0.101	0.490	0.126	0.079	0.079	0.101	0.138	0.156	0.307	0.109	0.270	0.352	0.101	0.541	0.138	0.079	0.079	0.078	0.079	0.079	0.079	0.079	0.079	0.079	0.079	0.079	0.079	0.079
4:00:00	0.079	0.079	0.079	0.079	0.079	0.079	0.079	0.079	0.081	0.079	0.081	0.079	0.080	0.100	0.151	0.160	0.248	0.106	0.292	0.614	0.103	0.172	0.124	0.080	0.079	0.100	0.151	0.155	0.313	0.112	0.360	0.798	0.102	0.530	0.127	0.079	0.079	0.101	0.177	0.192	0.247	0.100	0.361	0.495	0.101	0.189	0.114	0.079	0.079	0.101	0.168	0.273	0.257	0.101	0.353	0.277	0.100	0.121	0.119	0.079	0.078	0.101	0.167	0.177	0.259	0.103	0.277	0.333	0.101	0.495	0.127	0.079	0.079	0.101	0.139	0.161	0.315	0.110	0.275	0.353	0.101	0.538	0.140	0.079	0.079	0.078	0.079	0.079	0.078	0.079	0.079	0.079	0.079	0.079	0.079	0.079
4:10:00	0.079	0.079	0.079	0.079	0.078	0.079	0.079	0.079	0.081	0.079	0.080	0.079	0.080	0.100	0.153	0.163	0.252	0.106	0.297	0.613	0.104	0.174	0.124	0.079	0.079	0.100	0.153	0.158	0.320	0.113	0.361	0.808	0.102	0.537	0.127	0.079	0.079	0.101	0.180	0.194	0.250	0.100	0.369	0.501	0.101	0.191	0.115	0.079	0.079	0.101	0.172	0.284	0.261	0.102	0.354	0.277	0.101	0.122	0.119	0.079	0.079	0.101	0.170	0.180	0.264	0.103	0.284	0.338	0.101	0.504	0.128	0.079	0.079	0.101	0.141	0.164	0.320	0.111	0.278	0.358	0.101	0.552	0.141	0.079	0.079	0.078	0.079	0.080	0.079	0.079	0.079	0.079	0.079	0.079	0.079	0.079
4:20:00	0.079	0.079	0.079	0.079	0.078	0.079	0.079	0.079	0.081	0.079	0.080	0.079	0.079	0.100	0.156	0.167	0.255	0.106	0.296	0.606	0.104	0.179	0.126	0.079	0.079	0.100	0.155	0.163	0.326	0.113	0.364	0.859	0.102	0.537	0.129	0.079	0.079	0.100	0.182	0.199	0.251	0.100	0.378	0.516	0.101	0.194	0.115	0.079	0.079	0.101	0.177	0.285	0.263	0.102	0.353	0.277	0.101	0.124	0.120	0.079	0.078	0.100	0.174	0.185	0.268	0.103	0.287	0.344	0.101	0.519	0.129	0.078	0.079	0.101	0.144	0.167	0.328	0.112	0.283	0.358	0.101	0.563	0.143	0.078	0.079	0.078	0.079	0.079	0.078	0.079	0.079	0.079	0.079	0.079	0.079	0.079
4:30:00	0.079	0.079	0.079	0.079	0.078	0.079	0.079	0.079	0.081	0.079	0.080	0.079	0.079	0.100	0.160	0.171	0.263	0.107	0.298	0.604	0.104	0.182	0.127	0.079	0.079	0.101	0.157	0.167	0.335	0.114	0.367	0.863	0.102	0.542	0.131	0.079	0.079	0.101	0.187	0.204	0.255	0.100	0.383	0.519	0.101	0.196	0.116	0.079	0.079	0.101	0.181	0.274	0.270	0.102	0.354	0.281	0.101	0.126	0.121	0.079	0.079	0.101	0.178	0.191	0.275	0.103	0.295	0.351	0.101	0.528	0.131	0.079	0.079	0.101	0.147	0.172	0.335	0.113	0.287	0.366	0.101	0.573	0.145	0.079	0.079	0.078	0.079	0.079	0.079	0.079	0.079	0.079	0.079	0.079	0.079	0.079
4:40:00	0.079	0.079	0.079	0.079	0.079	0.079	0.079	0.079	0.081	0.079	0.080	0.079	0.080	0.100	0.164	0.175	0.274	0.107	0.304	0.614	0.104	0.180	0.128	0.080	0.079	0.101	0.160	0.173	0.339	0.114	0.368	0.819	0.102	0.554	0.131	0.079	0.079	0.101	0.193	0.210	0.261	0.100	0.382	0.508	0.101	0.198	0.116	0.079	0.079	0.101	0.184	0.267	0.276	0.102	0.358	0.289	0.101	0.125	0.121	0.079	0.079	0.101	0.180	0.196	0.285	0.103	0.306	0.358	0.101	0.527	0.132	0.079	0.079	0.101	0.149	0.175	0.344	0.113	0.292	0.377	0.101	0.578	0.148	0.079	0.079	0.078	0.079	0.080	0.079	0.079	0.079	0.079	0.079	0.079	0.079	0.079
4:50:00	0.079	0.079	0.079	0.079	0.079	0.079	0.079	0.079	0.081	0.079	0.080	0.079	0.080	0.100	0.167	0.181	0.282	0.108	0.308	0.616	0.104	0.182	0.131	0.079	0.079	0.100	0.163	0.180	0.346	0.114	0.374	0.825	0.102	0.557	0.134	0.079	0.079	0.101	0.198	0.218	0.263	0.100	0.384	0.508	0.101	0.202	0.117	0.079	0.079	0.101	0.188	0.273	0.283	0.102	0.360	0.294	0.101	0.126	0.122	0.079	0.079	0.101	0.185	0.200	0.291	0.103	0.311	0.361	0.101	0.539	0.133	0.079	0.079	0.101	0.152	0.179	0.353	0.113	0.294	0.384	0.101	0.581	0.151	0.079	0.079	0.078	0.079	0.079	0.078	0.079	0.079	0.079	0.079	0.079	0.079	0.079
5:00:00	0.079	0.079	0.079	0.079	0.079	0.079	0.079	0.079	0.081	0.079	0.080	0.079	0.080	0.100	0.172	0.189	0.292	0.108	0.316	0.614	0.104	0.184	0.132	0.079	0.079	0.100	0.166	0.189	0.357	0.114	0.381	0.826	0.102	0.569	0.134	0.079	0.079	0.101	0.203	0.224	0.268	0.100	0.398	0.508	0.101	0.204	0.117	0.079	0.079	0.101	0.190	0.284	0.290	0.102	0.363	0.297	0.100	0.127	0.122	0.079	0.079	0.101	0.192	0.209	0.299	0.103	0.321	0.367	0.101	0.551	0.135	0.079	0.079	0.101	0.156	0.184	0.364	0.113	0.298	0.398	0.101	0.589	0.156	0.079	0.079	0.078	0.079	0.080	0.079	0.079	0.079	0.079	0.079	0.079	0.079	0.079
5:10:00	0.079	0.079	0.079	0.079	0.079	0.079	0.079	0.079	0.080	0.079	0.081	0.080	0.080	0.100	0.174	0.194	0.302	0.108	0.322	0.611	0.104	0.186	0.133	0.080	0.079	0.100	0.169	0.195	0.368	0.115	0.389	0.824	0.102	0.584	0.136	0.079	0.079	0.101	0.210	0.230	0.274	0.100	0.410	0.510	0.101	0.206	0.118	0.079	0.079	0.101	0.193	0.292	0.297	0.102	0.365	0.304	0.101	0.128	0.123	0.079	0.079	0.101	0.198	0.217	0.308	0.103	0.329	0.376	0.101	0.557	0.137	0.079	0.079	0.101	0.159	0.190	0.373	0.114	0.302	0.411	0.101	0.593	0.160	0.079	0.079	0.078	0.079	0.079	0.079	0.079	0.079	0.079	0.079	0.079	0.079	0.079
5:20:00	0.079	0.079	0.079	0.079	0.079	0.079	0.079	0.079	0.080	0.079	0.081	0.080	0.080	0.100	0.180	0.198	0.309	0.109	0.328	0.624	0.105	0.189	0.134	0.080	0.079	0.101	0.172	0.197	0.383	0.115	0.397	0.819	0.102	0.597	0.139	0.079	0.079	0.101	0.218	0.239	0.280	0.100	0.411	0.513	0.102	0.208	0.118	0.079	0.079	0.101	0.196	0.298	0.307	0.102	0.367	0.309	0.101	0.129	0.124	0.079	0.079	0.101	0.208	0.219	0.319	0.103	0.338	0.384	0.101	0.555	0.138	0.079	0.079	0.101	0.165	0.196	0.386	0.115	0.304	0.419	0.101	0.596	0.164	0.079	0.079	0.078	0.079	0.079	0.079	0.079	0.079	0.079	0.079	0.079	0.079	0.079
5:30:00	0.079	0.079	0.079	0.079	0.079	0.079	0.079	0.079	0.080	0.079	0.080	0.080	0.080	0.100	0.190	0.203	0.317	0.108	0.336	0.640	0.105	0.191	0.135	0.080	0.079	0.100	0.176	0.198	0.401	0.115	0.408	0.819	0.102	0.608	0.139	0.079	0.079	0.101	0.223	0.247	0.288	0.100	0.421	0.517	0.101	0.210	0.119	0.079	0.079	0.101	0.201	0.311	0.314	0.102	0.374	0.317	0.101	0.129	0.125	0.079	0.079	0.101	0.218	0.228	0.331	0.103	0.352	0.391	0.101	0.569	0.139	0.079	0.079	0.101	0.169	0.203	0.399	0.115	0.306	0.434	0.101	0.608	0.168	0.079	0.079	0.078	0.079	0.079	0.079	0.079	0.079	0.079	0.079	0.079	0.079	0.079
5:40:00	0.080	0.079	0.079	0.079	0.079	0.079	0.079	0.079	0.081	0.079	0.081	0.080	0.080	0.100	0.197	0.214	0.327	0.109	0.340	0.655	0.105	0.195	0.136	0.080	0.079	0.100	0.187	0.205	0.410	0.115	0.417	0.825	0.102	0.611	0.141	0.079	0.079	0.100	0.232	0.257	0.298	0.099	0.432	0.524	0.101	0.212	0.120	0.079	0.079	0.101	0.207	0.327	0.324	0.102	0.381	0.328	0.100	0.130	0.126	0.079	0.079	0.100	0.223	0.230	0.344	0.102	0.360	0.396	0.101	0.577	0.141	0.079	0.079	0.101	0.175	0.211	0.414	0.115	0.311	0.434	0.100	0.618	0.172	0.079	0.079	0.078	0.079	0.079	0.079	0.079	0.079	0.079	0.079	0.079	0.079	0.079
5:50:00	0.079	0.079	0.079	0.079	0.079	0.079	0.079	0.079	0.081	0.079	0.080	0.080	0.080	0.100	0.207	0.222	0.341	0.109	0.354	0.666	0.105	0.200	0.138	0.080	0.079	0.100	0.194	0.215	0.423	0.116	0.432	0.841	0.102	0.620	0.144	0.079	0.079	0.101	0.242	0.266	0.310	0.100	0.443	0.537	0.101	0.213	0.120	0.079	0.079	0.101	0.214	0.343	0.334	0.102	0.385	0.334	0.101	0.131	0.127	0.079	0.079	0.100	0.230	0.240	0.362	0.103	0.372	0.406	0.101	0.592	0.142	0.079	0.079	0.101	0.180	0.223	0.434	0.116	0.318	0.438	0.101	0.630	0.179	0.079	0.079	0.078	0.079	0.079	0.079	0.079	0.079	0.079	0.079	0.079	0.079	0.079
6:00:00	0.079	0.079	0.079	0.079	0.079	0.079	0.079	0.079	0.081	0.079	0.080	0.080	0.079	0.100	0.218	0.231	0.349	0.109	0.353	0.667	0.105	0.208	0.139	0.079	0.079	0.100	0.201	0.224	0.449	0.116	0.444	0.895	0.102	0.627	0.146	0.079	0.079	0.100	0.256	0.276	0.321	0.100	0.459	0.562	0.102	0.216	0.121	0.079	0.079	0.101	0.226	0.370	0.345	0.102	0.389	0.340	0.101	0.133	0.128	0.079	0.079	0.100	0.235	0.254	0.377	0.103	0.389	0.416	0.101	0.614	0.145	0.079	0.079	0.101	0.184	0.233	0.451	0.117	0.325	0.447	0.101	0.650	0.187	0.079	0.079	0.078	0.079	0.079	0.079	0.079	0.079	0.079	0.079	0.079	0.079	0.079
6:10:00	0.079	0.079	0.079	0.079	0.079	0.079	0.079	0.079	0.081	0.079	0.080	0.079	0.080	0.100	0.229	0.238	0.361	0.109	0.362	0.669	0.105	0.214	0.140	0.079	0.079	0.100	0.208	0.233	0.469	0.117	0.456	0.904	0.102	0.643	0.149	0.079	0.079	0.100	0.272	0.290	0.335	0.100	0.473	0.570	0.102	0.218	0.122	0.079	0.079	0.101	0.232	0.389	0.361	0.102	0.387	0.349	0.101	0.134	0.129	0.079	0.079	0.100	0.244	0.262	0.397	0.103	0.402	0.427	0.101	0.624	0.146	0.079	0.079	0.101	0.190	0.242	0.473	0.117	0.332	0.448	0.101	0.665	0.193	0.079	0.079	0.078	0.079	0.079	0.079	0.079	0.079	0.079	0.079	0.079	0.079	0.079
6:20:00	0.079	0.079	0.079	0.079	0.079	0.079	0.079	0.079	0.081	0.079	0.080	0.080	0.080	0.100	0.238	0.249	0.376	0.109	0.371	0.690	0.105	0.219	0.142	0.080	0.079	0.101	0.216	0.243	0.488	0.117	0.466	0.862	0.103	0.667	0.152	0.079	0.079	0.101	0.280	0.302	0.353	0.100	0.485	0.573	0.102	0.222	0.122	0.079	0.079	0.101	0.244	0.395	0.379	0.103	0.396	0.363	0.101	0.135	0.130	0.079	0.079	0.101	0.255	0.276	0.421	0.103	0.409	0.439	0.101	0.627	0.149	0.079	0.079	0.101	0.197	0.249	0.493	0.118	0.347	0.463	0.101	0.671	0.214	0.079	0.080	0.078	0.079	0.079	0.079	0.079	0.079	0.079	0.079	0.079	0.079	0.079
6:30:00	0.080	0.079	0.079	0.079	0.079	0.079	0.079	0.079	0.081	0.080	0.081	0.079	0.080	0.100	0.244	0.261	0.389	0.108	0.376	0.709	0.106	0.226	0.144	0.080	0.079	0.100	0.225	0.255	0.513	0.118	0.481	0.876	0.103	0.682	0.156	0.079	0.079	0.101	0.289	0.312	0.371	0.100	0.498	0.585	0.102	0.227	0.124	0.079	0.079	0.101	0.255	0.412	0.393	0.103	0.405	0.374	0.101	0.136	0.132	0.079	0.079	0.101	0.265	0.289	0.443	0.103	0.424	0.449	0.101	0.642	0.153	0.079	0.079	0.101	0.202	0.257	0.516	0.117	0.361	0.478	0.101	0.688	0.241	0.079	0.080	0.078	0.079	0.080	0.079	0.079	0.079	0.079	0.079	0.079	0.079	0.080
6:40:00	0.080	0.079	0.079	0.079	0.079	0.079	0.079	0.079	0.081	0.079	0.081	0.079	0.080	0.100	0.255	0.277	0.398	0.108	0.377	0.706	0.106	0.233	0.145	0.080	0.079	0.101	0.237	0.269	0.539	0.118	0.489	0.931	0.103	0.696	0.160	0.079	0.079	0.101	0.299	0.325	0.387	0.100	0.517	0.599	0.102	0.232	0.125	0.079	0.079	0.101	0.264	0.444	0.413	0.103	0.408	0.380	0.101	0.139	0.134	0.079	0.079	0.101	0.276	0.302	0.463	0.103	0.439	0.460	0.101	0.674	0.155	0.079	0.079	0.101	0.214	0.267	0.551	0.118	0.375	0.493	0.101	0.714	0.234	0.079	0.079	0.077	0.079	0.079	0.079	0.079	0.079	0.079	0.079	0.079	0.079	0.079
6:50:00	0.079	0.079	0.079	0.079	0.079	0.079	0.079	0.079	0.081	0.079	0.081	0.079	0.080	0.100	0.268	0.292	0.414	0.109	0.393	0.714	0.106	0.234	0.147	0.080	0.079	0.100	0.246	0.285	0.562	0.118	0.509	0.930	0.103	0.723	0.166	0.079	0.079	0.100	0.311	0.339	0.411	0.100	0.532	0.608	0.102	0.237	0.125	0.079	0.079	0.101	0.278	0.469	0.433	0.103	0.426	0.398	0.101	0.140	0.135	0.079	0.079	0.100	0.282	0.313	0.490	0.103	0.455	0.473	0.101	0.692	0.161	0.079	0.079	0.101	0.223	0.276	0.581	0.118	0.385	0.511	0.101	0.735	0.233	0.079	0.079	0.078	0.079	0.079	0.079	0.079	0.079	0.079	0.079	0.079	0.079	0.079
7:00:00	0.080	0.079	0.080	0.079	0.079	0.079	0.079	0.079	0.081	0.080	0.081	0.080	0.080	0.100	0.279	0.309	0.430	0.109	0.408	0.734	0.106	0.246	0.150	0.080	0.079	0.100	0.251	0.299	0.586	0.119	0.528	0.895	0.103	0.751	0.175	0.080	0.079	0.101	0.326	0.358	0.438	0.100	0.546	0.610	0.102	0.238	0.127	0.079	0.079	0.101	0.290	0.481	0.457	0.103	0.440	0.411	0.101	0.141	0.138	0.080	0.079	0.101	0.293	0.324	0.529	0.103	0.470	0.490	0.101	0.698	0.167	0.079	0.079	0.101	0.232	0.288	0.610	0.118	0.391	0.524	0.101	0.746	0.250	0.079	0.080	0.078	0.079	0.079	0.079	0.079	0.079	0.079	0.079	0.079	0.079	0.079
7:10:00	0.080	0.079	0.080	0.079	0.079	0.079	0.079	0.079	0.080	0.080	0.081	0.079	0.080	0.100	0.288	0.326	0.445	0.110	0.423	0.755	0.107	0.258	0.150	0.080	0.079	0.100	0.265	0.314	0.613	0.120	0.548	0.895	0.103	0.774	0.184	0.079	0.079	0.101	0.344	0.377	0.468	0.100	0.561	0.612	0.102	0.241	0.128	0.079	0.079	0.101	0.304	0.500	0.484	0.103	0.441	0.424	0.101	0.142	0.140	0.080	0.079	0.101	0.300	0.339	0.565	0.103	0.485	0.501	0.101	0.717	0.171	0.079	0.079	0.101	0.246	0.302	0.649	0.118	0.411	0.529	0.101	0.766	0.277	0.079	0.080	0.078	0.079	0.080	0.079	0.079	0.079	0.079	0.079	0.079	0.079	0.079
7:20:00	0.080	0.079	0.079	0.079	0.079	0.079	0.079	0.079	0.080	0.079	0.081	0.079	0.080	0.100	0.301	0.347	0.464	0.112	0.427	0.771	0.107	0.273	0.152	0.080	0.079	0.100	0.278	0.333	0.650	0.120	0.579	0.950	0.103	0.795	0.193	0.079	0.079	0.100	0.363	0.402	0.497	0.100	0.590	0.632	0.102	0.251	0.130	0.079	0.079	0.101	0.324	0.545	0.515	0.103	0.462	0.440	0.101	0.145	0.141	0.079	0.079	0.100	0.309	0.353	0.595	0.103	0.504	0.512	0.101	0.750	0.178	0.079	0.079	0.101	0.259	0.315	0.684	0.118	0.430	0.540	0.101	0.796	0.292	0.079	0.080	0.078	0.079	0.079	0.079	0.079	0.079	0.079	0.079	0.079	0.079	0.079
7:30:00	0.080	0.079	0.080	0.079	0.079	0.079	0.079	0.079	0.081	0.080	0.081	0.080	0.080	0.100	0.315	0.367	0.487	0.110	0.440	0.806	0.107	0.286	0.156	0.080	0.079	0.100	0.296	0.346	0.685	0.120	0.589	0.923	0.103	0.820	0.196	0.080	0.079	0.100	0.382	0.432	0.529	0.099	0.602	0.635	0.102	0.262	0.131	0.080	0.079	0.101	0.341	0.574	0.551	0.103	0.472	0.456	0.101	0.146	0.143	0.079	0.079	0.100	0.318	0.370	0.630	0.102	0.521	0.519	0.101	0.761	0.181	0.079	0.079	0.101	0.270	0.326	0.718	0.118	0.439	0.551	0.100	0.817	0.306	0.079	0.080	0.077	0.079	0.079	0.079	0.079	0.079	0.079	0.079	0.079	0.079	0.079
7:40:00	0.079	0.079	0.079	0.079	0.079	0.079	0.079	0.079	0.081	0.080	0.081	0.079	0.080	0.100	0.330	0.389	0.511	0.111	0.451	0.814	0.107	0.304	0.162	0.080	0.079	0.100	0.306	0.367	0.724	0.121	0.610	0.986	0.103	0.847	0.207	0.079	0.079	0.100	0.411	0.462	0.564	0.100	0.628	0.660	0.102	0.275	0.133	0.079	0.079	0.101	0.362	0.624	0.584	0.104	0.472	0.469	0.101	0.149	0.147	0.079	0.079	0.100	0.328	0.392	0.659	0.103	0.543	0.533	0.101	0.799	0.197	0.079	0.079	0.101	0.287	0.342	0.763	0.120	0.460	0.560	0.101	0.850	0.323	0.079	0.079	0.078	0.079	0.079	0.079	0.079	0.079	0.079	0.079	0.079	0.079	0.079
7:50:00	0.080	0.079	0.079	0.079	0.079	0.079	0.079	0.079	0.081	0.080	0.081	0.079	0.080	0.100	0.341	0.411	0.540	0.111	0.460	0.839	0.107	0.318	0.165	0.080	0.079	0.100	0.316	0.391	0.757	0.121	0.628	0.966	0.104	0.880	0.220	0.079	0.079	0.100	0.437	0.498	0.604	0.100	0.646	0.667	0.102	0.286	0.136	0.079	0.079	0.101	0.388	0.646	0.623	0.104	0.479	0.493	0.101	0.149	0.149	0.079	0.079	0.100	0.343	0.414	0.701	0.103	0.566	0.547	0.101	0.815	0.206	0.079	0.079	0.101	0.298	0.357	0.798	0.121	0.477	0.578	0.101	0.870	0.348	0.079	0.080	0.078	0.079	0.079	0.079	0.079	0.079	0.079	0.079	0.079	0.079	0.079
8:00:00	0.080	0.079	0.079	0.079	0.079	0.079	0.079	0.079	0.081	0.079	0.080	0.079	0.080	0.100	0.352	0.435	0.567	0.112	0.474	0.850	0.108	0.325	0.168	0.080	0.079	0.100	0.334	0.415	0.791	0.123	0.644	0.979	0.104	0.916	0.223	0.079	0.079	0.100	0.469	0.537	0.650	0.100	0.667	0.677	0.103	0.300	0.135	0.079	0.079	0.101	0.413	0.683	0.663	0.104	0.480	0.512	0.101	0.152	0.151	0.079	0.079	0.100	0.354	0.436	0.735	0.103	0.591	0.559	0.101	0.842	0.211	0.079	0.079	0.101	0.313	0.371	0.840	0.119	0.487	0.591	0.101	0.899	0.359	0.079	0.080	0.078	0.079	0.080	0.079	0.079	0.079	0.079	0.079	0.079	0.079	0.079
8:10:00	0.080	0.079	0.080	0.080	0.079	0.079	0.079	0.079	0.081	0.080	0.081	0.080	0.080	0.100	0.372	0.466	0.596	0.113	0.492	0.866	0.109	0.343	0.172	0.080	0.080	0.100	0.353	0.440	0.825	0.123	0.667	0.997	0.104	0.955	0.230	0.080	0.079	0.101	0.500	0.580	0.696	0.100	0.693	0.690	0.103	0.311	0.142	0.080	0.079	0.101	0.441	0.725	0.703	0.104	0.494	0.532	0.101	0.155	0.157	0.079	0.079	0.101	0.369	0.462	0.771	0.103	0.616	0.577	0.101	0.869	0.235	0.079	0.079	0.101	0.329	0.392	0.873	0.118	0.508	0.614	0.101	0.928	0.381	0.079	0.079	0.078	0.079	0.080	0.079	0.080	0.079	0.079	0.080	0.079	0.079	0.079
8:20:00	0.080	0.079	0.080	0.079	0.079	0.079	0.079	0.079	0.081	0.080	0.081	0.079	0.080	0.100	0.395	0.500	0.627	0.114	0.509	0.876	0.109	0.365	0.176	0.080	0.079	0.100	0.378	0.467	0.858	0.124	0.691	1.058	0.104	0.991	0.248	0.080	0.079	0.100	0.537	0.622	0.742	0.100	0.719	0.708	0.103	0.325	0.143	0.079	0.079	0.101	0.472	0.780	0.750	0.104	0.506	0.553	0.101	0.159	0.162	0.079	0.079	0.100	0.384	0.493	0.797	0.103	0.642	0.593	0.101	0.909	0.250	0.079	0.079	0.101	0.345	0.408	0.912	0.122	0.519	0.627	0.101	0.961	0.410	0.079	0.079	0.077	0.079	0.079	0.079	0.079	0.079	0.079	0.079	0.079	0.079	0.079
8:30:00	0.080	0.079	0.080	0.079	0.079	0.079	0.079	0.079	0.081	0.080	0.081	0.079	0.080	0.100	0.414	0.536	0.654	0.113	0.528	0.897	0.109	0.381	0.179	0.080	0.079	0.100	0.394	0.495	0.886	0.124	0.712	1.034	0.104	1.028	0.242	0.080	0.079	0.100	0.577	0.667	0.787	0.100	0.739	0.707	0.103	0.339	0.145	0.079	0.079	0.101	0.504	0.810	0.788	0.105	0.515	0.586	0.101	0.161	0.163	0.079	0.079	0.100	0.403	0.519	0.839	0.103	0.668	0.624	0.101	0.931	0.267	0.079	0.079	0.101	0.364	0.424	0.944	0.120	0.532	0.639	0.101	0.986	0.415	0.079	0.079	0.078	0.079	0.079	0.079	0.079	0.079	0.079	0.079	0.079	0.079	0.079
8:40:00	0.080	0.079	0.080	0.079	0.079	0.079	0.079	0.079	0.081	0.080	0.081	0.080	0.080	0.100	0.442	0.571	0.685	0.114	0.550	0.917	0.110	0.396	0.183	0.080	0.079	0.100	0.407	0.527	0.912	0.125	0.736	1.047	0.105	1.053	0.265	0.080	0.079	0.100	0.619	0.711	0.830	0.100	0.764	0.719	0.103	0.356	0.154	0.080	0.079	0.101	0.543	0.846	0.829	0.105	0.530	0.608	0.101	0.165	0.172	0.080	0.079	0.100	0.424	0.553	0.874	0.103	0.697	0.646	0.101	0.958	0.281	0.079	0.079	0.101	0.384	0.447	0.974	0.122	0.555	0.655	0.101	1.010	0.434	0.080	0.079	0.078	0.079	0.079	0.079	0.080	0.079	0.079	0.079	0.079	0.079	0.080
8:50:00	0.080	0.079	0.080	0.080	0.079	0.079	0.080	0.080	0.081	0.080	0.081	0.080	0.080	0.100	0.469	0.603	0.714	0.114	0.574	0.943	0.110	0.413	0.187	0.080	0.080	0.100	0.426	0.559	0.938	0.125	0.755	1.061	0.105	1.066	0.279	0.080	0.079	0.101	0.663	0.760	0.872	0.100	0.789	0.730	0.104	0.377	0.158	0.080	0.079	0.101	0.582	0.874	0.868	0.105	0.541	0.628	0.101	0.169	0.176	0.080	0.079	0.101	0.449	0.588	0.905	0.103	0.723	0.665	0.102	0.978	0.299	0.079	0.079	0.101	0.404	0.473	1.001	0.123	0.571	0.673	0.101	1.031	0.451	0.080	0.079	0.078	0.079	0.080	0.079	0.080	0.079	0.079	0.080	0.079	0.079	0.080
9:00:00	0.080	0.079	0.080	0.079	0.079	0.079	0.079	0.079	0.081	0.080	0.081	0.079	0.080	0.100	0.490	0.636	0.743	0.115	0.597	0.958	0.110	0.437	0.193	0.080	0.079	0.100	0.451	0.589	0.965	0.126	0.782	1.119	0.105	1.082	0.283	0.080	0.079	0.100	0.709	0.810	0.908	0.100	0.820	0.754	0.103	0.398	0.159	0.080	0.079	0.101	0.623	0.921	0.909	0.105	0.554	0.658	0.101	0.174	0.183	0.079	0.079	0.100	0.469	0.625	0.925	0.103	0.752	0.689	0.101	1.008	0.307	0.079	0.079	0.101	0.429	0.501	1.027	0.121	0.589	0.699	0.101	1.072	0.476	0.079	0.079	0.078	0.079	0.079	0.079	0.079	0.079	0.079	0.079	0.079	0.079	0.079
9:10:00	0.080	0.079	0.080	0.079	0.079	0.079	0.079	0.079	0.081	0.080	0.081	0.080	0.080	0.100	0.523	0.673	0.773	0.114	0.620	0.985	0.110	0.458	0.198	0.080	0.080	0.100	0.477	0.624	0.988	0.125	0.801	1.139	0.105	1.117	0.296	0.080	0.079	0.100	0.756	0.854	0.942	0.100	0.849	0.769	0.103	0.421	0.170	0.080	0.079	0.101	0.669	0.962	0.940	0.105	0.573	0.690	0.101	0.179	0.202	0.079	0.079	0.100	0.489	0.659	0.948	0.103	0.784	0.710	0.101	1.032	0.325	0.079	0.079	0.101	0.455	0.534	1.043	0.122	0.603	0.717	0.100	1.191	0.502	0.079	0.079	0.078	0.079	0.079	0.079	0.079	0.079	0.079	0.079	0.079	0.079	0.079
9:20:00	0.080	0.079	0.080	0.080	0.079	0.079	0.080	0.080	0.081	0.080	0.081	0.080	0.080	0.100	0.549	0.711	0.803	0.113	0.645	1.007	0.109	0.481	0.204	0.079	0.079	0.100	0.508	0.658	1.010	0.125	0.820	1.168	0.105	1.212	0.310	0.080	0.079	0.100	0.811	0.894	0.972	0.100	0.880	0.783	0.104	0.448	0.162	0.080	0.079	0.101	0.713	0.998	0.973	0.106	0.587	0.719	0.101	0.187	0.197	0.080	0.079	0.100	0.511	0.694	0.970	0.103	0.825	0.736	0.101	1.079	0.333	0.079	0.079	0.101	0.485	0.564	1.068	0.123	0.614	0.728	0.101	1.329	0.518	0.079	0.079	0.077	0.079	0.079	0.079	0.079	0.079	0.079	0.079	0.079	0.079	0.078
9:30:00	0.080	0.079	0.080	0.079	0.079	0.079	0.079	0.079	0.081	0.080	0.081	0.079	0.080	0.100	0.581	0.747	0.829	0.115	0.675	1.029	0.111	0.507	0.208	0.079	0.079	0.100	0.535	0.690	1.029	0.126	0.839	1.164	0.106	1.364	0.320	0.080	0.079	0.100	0.856	0.932	1.001	0.100	0.906	0.786	0.104	0.473	0.174	0.080	0.079	0.101	0.755	1.024	0.999	0.106	0.602	0.745	0.101	0.193	0.213	0.079	0.079	0.100	0.529	0.723	0.997	0.103	0.864	0.760	0.101	1.191	0.340	0.079	0.079	0.101	0.509	0.594	1.084	0.124	0.631	0.751	0.101	1.398	0.540	0.079	0.079	0.078	0.079	0.079	0.079	0.079	0.079	0.079	0.079	0.079	0.079	0.078
9:40:00	0.080	0.079	0.080	0.079	0.079	0.079	0.079	0.079	0.081	0.080	0.081	0.079	0.080	0.100	0.618	0.783	0.856	0.116	0.700	1.037	0.112	0.536	0.219	0.079	0.079	0.100	0.554	0.724	1.049	0.125	0.852	1.189	0.106	1.480	0.347	0.080	0.079	0.100	0.896	0.967	1.027	0.100	0.942	0.802	0.104	0.501	0.177	0.079	0.079	0.101	0.798	1.057	1.026	0.106	0.614	0.772	0.101	0.202	0.237	0.079	0.079	0.100	0.550	0.754	1.019	0.103	0.892	0.786	0.101	1.337	0.358	0.079	0.079	0.100	0.540	0.629	1.103	0.125	0.656	0.769	0.101	1.444	0.564	0.079	0.079	0.077	0.079	0.079	0.079	0.079	0.079	0.079	0.079	0.079	0.079	0.078
9:50:00	0.080	0.079	0.080	0.079	0.079	0.079	0.079	0.079	0.081	0.080	0.081	0.079	0.080	0.100	0.652	0.816	0.879	0.117	0.727	1.044	0.112	0.564	0.230	0.079	0.079	0.100	0.584	0.757	1.066	0.127	0.877	1.212	0.107	1.529	0.355	0.080	0.079	0.100	0.936	0.998	1.050	0.100	1.018	0.812	0.105	0.532	0.175	0.080	0.079	0.101	0.840	1.084	1.050	0.107	0.627	0.802	0.101	0.214	0.240	0.079	0.079	0.100	0.573	0.782	1.038	0.104	0.914	0.814	0.102	1.421	0.365	0.079	0.079	0.101	0.573	0.661	1.120	0.125	0.673	0.772	0.101	1.473	0.590	0.080	0.079	0.078	0.079	0.079	0.079	0.080	0.079	0.079	0.080	0.079	0.079	0.079
10:00:00	0.080	0.080	0.080	0.080	0.079	0.080	0.080	0.080	0.081	0.080	0.081	0.080	0.080	0.100	0.685	0.849	0.904	0.118	0.755	1.056	0.112	0.595	0.246	0.079	0.080	0.100	0.616	0.787	1.083	0.127	0.906	1.236	0.107	1.548	0.373	0.080	0.080	0.100	0.970	1.027	1.071	0.100	1.145	0.820	0.105	0.562	0.190	0.080	0.079	0.101	0.879	1.111	1.071	0.107	0.654	0.831	0.101	0.225	0.260	0.080	0.079	0.100	0.600	0.810	1.057	0.104	0.942	0.841	0.102	1.465	0.383	0.079	0.079	0.101	0.606	0.696	1.135	0.126	0.695	0.790	0.101	1.492	0.618	0.080	0.079	0.078	0.079	0.080	0.079	0.080	0.079	0.079	0.080	0.079	0.079	0.079
10:10:00	0.080	0.079	0.080	0.080	0.079	0.079	0.080	0.080	0.081	0.080	0.081	0.079	0.080	0.100	0.719	0.879	0.927	0.117	0.784	1.062	0.112	0.629	0.277	0.079	0.080	0.100	0.647	0.819	1.099	0.128	0.936	1.259	0.107	1.562	0.385	0.080	0.079	0.100	1.004	1.052	1.091	0.100	1.245	0.830	0.105	0.595	0.196	0.080	0.079	0.101	0.920	1.136	1.092	0.108	0.675	0.861	0.101	0.238	0.283	0.080	0.079	0.100	0.628	0.838	1.074	0.104	1.008	0.867	0.102	1.490	0.394	0.079	0.079	0.101	0.640	0.731	1.150	0.128	0.709	0.806	0.101	1.508	0.643	0.080	0.079	0.077	0.079	0.079	0.079	0.080	0.079	0.079	0.079	0.079	0.079	0.079
10:20:00	0.080	0.079	0.080	0.079	0.079	0.079	0.079	0.079	0.081	0.080	0.081	0.079	0.080	0.100	0.753	0.909	0.948	0.117	0.819	1.065	0.113	0.665	0.295	0.079	0.079	0.100	0.675	0.849	1.114	0.129	0.955	1.272	0.107	1.573	0.392	0.080	0.079	0.100	1.035	1.075	1.109	0.100	1.315	0.840	0.105	0.628	0.197	0.079	0.079	0.101	0.953	1.156	1.110	0.108	0.687	0.908	0.101	0.256	0.292	0.080	0.079	0.100	0.656	0.864	1.093	0.103	1.234	0.894	0.102	1.509	0.414	0.079	0.079	0.101	0.675	0.763	1.165	0.130	0.719	0.813	0.101	1.520	0.676	0.080	0.079	0.077	0.079	0.079	0.079	0.080	0.079	0.079	0.079	0.079	0.079	0.079
10:30:00	0.080	0.079	0.080	0.080	0.079	0.080	0.080	0.080	0.081	0.080	0.081	0.079	0.080	0.100	0.787	0.936	0.969	0.118	0.856	1.067	0.114	0.699	0.325	0.080	0.080	0.100	0.704	0.878	1.128	0.130	0.971	1.288	0.108	1.581	0.408	0.080	0.080	0.100	1.064	1.095	1.126	0.100	1.365	0.853	0.106	0.660	0.212	0.079	0.079	0.101	0.981	1.173	1.127	0.109	0.702	0.626	0.101	0.275	0.305	0.080	0.079	0.100	0.683	0.889	1.111	0.103	1.363	0.918	0.102	1.523	0.429	0.079	0.079	0.101	0.708	0.793	1.179	0.131	0.736	0.826	0.101	1.530	0.703	0.080	0.079	0.078	0.079	0.079	0.079	0.080	0.079	0.079	0.080	0.079	0.079	0.079
10:40:00	0.080	0.080	0.080	0.080	0.080	0.080	0.080	0.080	0.081	0.080	0.081	0.079	0.080	0.100	0.817	0.960	0.988	0.118	0.897	1.076	0.114	0.732	0.335	0.080	0.080	0.100	0.735	0.902	1.141	0.132	0.987	1.311	0.108	1.589	0.421	0.080	0.080	0.101	1.089	1.115	1.142	0.100	1.402	0.864	0.106	0.688	0.233	0.079	0.080	0.101	1.007	1.185	1.143	0.109	0.714	0.652	0.102	0.299	0.322	0.080	0.079	0.101	0.707	0.910	1.126	0.104	1.442	0.943	0.102	1.534	0.451	0.079	0.080	0.101	0.740	0.820	1.190	0.132	0.753	0.839	0.101	1.539	0.731	0.080	0.079	0.078	0.080	0.080	0.079	0.080	0.079	0.079	0.080	0.080	0.080	0.079
10:50:00	0.079	0.080	0.080	0.080	0.079	0.080	0.080	0.080	0.081	0.080	0.081	0.079	0.080	0.100	0.846	0.983	1.006	0.119	0.929	1.087	0.115	0.762	0.355	0.080	0.080	0.100	0.770	0.925	1.154	0.137	1.000	1.409	0.109	1.595	0.437	0.080	0.080	0.100	1.112	1.134	1.156	0.100	1.431	0.879	0.106	0.717	0.242	0.079	0.079	0.101	1.031	1.202	1.159	0.109	0.732	0.670	0.101	0.322	0.337	0.080	0.079	0.100	0.732	0.932	1.140	0.104	1.491	0.967	0.102	1.544	0.462	0.079	0.079	0.101	0.771	0.848	1.201	0.133	0.776	0.850	0.101	1.547	0.754	0.080	0.079	0.078	0.079	0.080	0.079	0.080	0.079	0.079	0.080	0.079	0.079	0.079
11:00:00	0.079	0.080	0.080	0.080	0.080	0.080	0.080	0.080	0.081	0.080	0.081	0.079	0.080	0.100	0.877	1.004	1.025	0.119	0.942	1.091	0.116	0.798	0.381	0.080	0.080	0.100	0.810	0.946	1.167	0.134	1.017	1.581	0.109	1.598	0.459	0.079	0.079	0.100	1.132	1.151	1.169	0.099	1.456	0.902	0.106	0.749	0.254	0.079	0.079	0.101	1.056	1.226	1.175	0.109	0.759	0.690	0.101	0.351	0.351	0.080	0.079	0.100	0.758	0.954	1.147	0.103	1.526	0.977	0.102	1.553	0.476	0.079	0.079	0.101	0.805	0.876	1.209	0.134	0.803	0.865	0.100	1.552	0.787	0.080	0.079	0.077	0.079	0.079	0.079	0.080	0.079	0.079	0.079	0.079	0.079	0.079
11:10:00	0.079	0.079	0.080	0.080	0.079	0.079	0.079	0.080	0.081	0.080	0.081	0.079	0.080	0.100	0.905	1.023	1.042	0.119	0.959	1.094	0.117	0.858	0.389	0.079	0.079	0.100	0.839	0.968	1.179	0.132	1.030	1.575	0.110	1.601	0.474	0.079	0.079	0.100	1.152	1.167	1.182	0.100	1.478	0.919	0.107	0.779	0.265	0.079	0.079	0.101	1.077	1.239	1.186	0.109	0.780	0.701	0.101	0.379	0.376	0.080	0.079	0.100	0.781	0.974	1.159	0.104	1.546	1.002	0.102	1.560	0.492	0.079	0.079	0.101	0.832	0.901	1.221	0.136	0.817	0.865	0.101	1.558	0.813	0.080	0.079	0.078	0.079	0.079	0.079	0.080	0.079	0.079	0.079	0.079	0.079	0.079
11:20:00	0.079	0.079	0.080	0.079	0.079	0.079	0.079	0.079	0.081	0.080	0.081	0.079	0.080	0.100	0.929	1.041	1.057	0.120	0.975	1.093	0.117	0.996	0.397	0.079	0.079	0.100	0.860	0.989	1.189	0.131	1.052	1.494	0.110	1.606	0.481	0.079	0.079	0.100	1.170	1.181	1.194	0.100	1.499	0.932	0.107	0.810	0.273	0.079	0.079	0.101	1.096	1.251	1.199	0.109	0.791	0.718	0.101	0.412	0.398	0.080	0.079	0.100	0.804	0.991	1.170	0.103	1.560	1.046	0.102	1.566	0.500	0.079	0.079	0.100	0.858	0.924	1.230	0.137	0.835	0.876	0.101	1.564	0.833	0.080	0.079	0.077	0.079	0.079	0.079	0.080	0.079	0.079	0.079	0.079	0.079	0.079
11:30:00	0.079	0.079	0.080	0.080	0.079	0.079	0.079	0.079	0.081	0.080	0.081	0.079	0.080	0.100	0.953	1.059	1.073	0.120	1.010	1.099	0.118	1.181	0.400	0.079	0.080	0.100	0.885	1.008	1.197	0.135	1.072	1.473	0.111	1.613	0.498	0.079	0.079	0.100	1.186	1.195	1.206	0.100	1.518	0.936	0.108	0.838	0.289	0.079	0.079	0.101	1.113	1.257	1.210	0.110	0.803	0.731	0.102	0.447	0.423	0.080	0.079	0.100	0.827	1.009	1.184	0.104	1.575	1.137	0.102	1.573	0.513	0.079	0.079	0.101	0.882	0.945	1.239	0.139	0.858	0.888	0.101	1.570	0.850	0.080	0.079	0.078	0.079	0.080	0.079	0.080	0.079	0.079	0.080	0.079	0.079	0.079
11:40:00	0.079	0.080	0.080	0.080	0.080	0.080	0.080	0.080	0.081	0.080	0.081	0.079	0.080	0.100	0.976	1.075	1.088	0.121	1.165	1.095	0.120	1.288	0.424	0.080	0.080	0.100	0.912	1.026	1.207	0.134	1.080	1.467	0.112	1.613	0.506	0.079	0.080	0.100	1.200	1.206	1.216	0.100	1.532	0.953	0.108	0.868	0.299	0.079	0.080	0.101	1.131	1.271	1.220	0.110	0.821	0.733	0.102	0.488	0.450	0.080	0.079	0.101	0.847	1.025	1.191	0.104	1.581	1.206	0.102	1.577	0.534	0.079	0.080	0.101	0.909	0.968	1.247	0.141	0.860	0.890	0.101	1.574	0.881	0.080	0.079	0.078	0.080	0.080	0.079	0.080	0.080	0.079	0.080	0.080	0.080	0.079
11:50:00	0.079	0.080	0.080	0.080	0.079	0.080	0.080	0.080	0.081	0.080	0.081	0.079	0.080	0.100	0.998	1.092	1.103	0.123	1.355	1.094	0.121	1.352	0.438	0.080	0.080	0.100	0.937	1.043	1.215	0.134	1.097	1.460	0.112	1.617	0.522	0.079	0.080	0.100	1.215	1.218	1.226	0.100	1.546	0.964	0.108	0.895	0.317	0.079	0.079	0.101	1.147	1.281	1.231	0.111	0.841	0.741	0.102	0.530	0.478	0.080	0.079	0.100	0.869	1.040	1.200	0.104	1.590	1.253	0.102	1.583	0.551	0.079	0.079	0.101	0.932	0.988	1.255	0.141	0.892	0.905	0.101	1.579	0.908	0.080	0.079	0.077	0.079	0.079	0.079	0.080	0.079	0.079	0.079	0.079	0.079	0.079
12:00:00	0.079	0.079	0.080	0.080	0.079	0.079	0.080	0.080	0.081	0.080	0.081	0.079	0.080	0.100	1.017	1.107	1.116	0.124	1.425	1.092	0.122	1.395	0.449	0.079	0.080	0.100	0.958	1.060	1.222	0.136	1.112	1.451	0.112	1.622	0.537	0.079	0.079	0.100	1.228	1.228	1.233	0.100	1.560	0.971	0.109	0.920	0.329	0.079	0.079	0.101	1.162	1.290	1.239	0.111	0.859	0.748	0.102	0.570	0.510	0.080	0.079	0.100	0.889	1.055	1.209	0.104	1.597	1.285	0.102	1.589	0.564	0.079	0.079	0.101	0.953	1.007	1.262	0.142	0.909	0.917	0.101	1.583	0.932	0.080	0.079	0.077	0.079	0.079	0.079	0.080	0.079	0.079	0.079	0.079	0.079	0.079
12:10:00	0.080	0.080	0.080	0.080	0.080	0.080	0.080	0.080	0.081	0.080	0.081	0.080	0.080	0.100	1.034	1.121	1.129	0.126	1.473	1.103	0.123	1.424	0.463	0.080	0.080	0.100	0.976	1.075	1.227	0.138	1.118	1.336	0.113	1.629	0.549	0.079	0.080	0.100	1.240	1.238	1.241	0.100	1.573	0.974	0.109	0.943	0.338	0.079	0.079	0.101	1.177	1.293	1.248	0.112	0.875	0.753	0.102	0.616	0.540	0.080	0.079	0.100	0.909	1.068	1.221	0.104	1.609	1.328	0.103	1.595	0.582	0.080	0.079	0.101	0.972	1.024	1.268	0.143	0.918	0.926	0.101	1.589	0.935	0.080	0.079	0.078	0.079	0.079	0.079	0.080	0.080	0.079	0.080	0.080	0.079	0.079
12:20:00	0.080	0.080	0.080	0.080	0.080	0.080	0.080	0.080	0.081	0.080	0.082	0.080	0.080	0.100	1.051	1.134	1.141	0.128	1.497	1.105	0.124	1.447	0.477	0.080	0.080	0.100	0.994	1.089	1.233	0.140	1.139	1.332	0.113	1.632	0.559	0.080	0.080	0.100	1.252	1.247	1.248	0.100	1.584	0.983	0.110	0.966	0.349	0.080	0.080	0.101	1.191	1.299	1.256	0.113	0.897	0.763	0.102	0.662	0.571	0.080	0.080	0.101	0.926	1.081	1.230	0.104	1.617	1.353	0.103	1.600	0.600	0.080	0.080	0.101	0.990	1.041	1.274	0.144	0.940	0.940	0.101	1.594	0.954	0.080	0.079	0.078	0.080	0.080	0.080	0.080	0.080	0.080	0.080	0.080	0.080	0.080
12:30:00	0.079	0.080	0.080	0.080	0.080	0.080	0.080	0.080	0.081	0.080	0.081	0.080	0.080	0.100	1.069	1.144	1.151	0.129	1.508	1.107	0.125	1.467	0.494	0.080	0.080	0.100	1.016	1.103	1.240	0.143	1.154	1.352	0.113	1.633	0.575	0.079	0.080	0.100	1.262	1.254	1.254	0.100	1.270	0.995	0.110	0.989	0.357	0.079	0.080	0.101	1.203	1.307	1.263	0.113	0.919	0.771	0.102	0.706	0.604	0.080	0.079	0.100	0.943	1.093	1.234	0.104	1.620	1.361	0.103	1.604	0.619	0.079	0.079	0.101	1.010	1.057	1.280	0.145	0.956	0.950	0.101	1.597	0.982	0.080	0.079	0.078	0.080	0.080	0.079	0.080	0.080	0.079	0.080	0.079	0.079	0.079
12:40:00	0.080	0.080	0.080	0.080	0.080	0.080	0.080	0.080	0.081	0.080	0.081	0.080	0.080	0.100	1.085	1.157	1.162	0.130	1.529	1.118	0.127	1.482	0.511	0.080	0.080	0.100	1.035	1.115	1.244	0.144	1.155	1.337	0.113	1.639	0.587	0.079	0.080	0.100	1.272	1.262	1.261	0.100	1.211	0.997	0.110	1.007	0.374	0.079	0.080	0.101	1.216	1.310	1.270	0.113	0.941	0.780	0.102	0.748	0.639	0.080	0.080	0.100	0.961	1.104	1.243	0.104	1.631	1.391	0.103	1.609	0.629	0.080	0.080	0.101	1.026	1.072	1.284	0.146	0.964	0.959	0.101	1.603	0.987	0.080	0.079	0.078	0.080	0.080	0.079	0.080	0.079	0.080	0.080	0.080	0.080	0.079
12:50:00	0.080	0.080	0.080	0.080	0.080	0.080	0.080	0.080	0.081	0.080	0.081	0.080	0.080	0.100	1.101	1.168	1.172	0.132	1.540	1.124	0.127	1.496	0.527	0.080	0.080	0.100	1.052	1.128	1.250	0.146	1.168	1.349	0.114	1.642	0.599	0.079	0.080	0.100	1.282	1.269	1.266	0.100	1.205	1.002	0.110	1.026	0.386	0.079	0.080	0.101	1.228	1.317	1.277	0.113	0.967	0.787	0.102	0.789	0.681	0.080	0.080	0.100	0.979	1.115	1.248	0.104	1.638	1.404	0.103	1.615	0.639	0.080	0.080	0.101	1.042	1.087	1.289	0.148	0.980	0.972	0.101	1.607	1.020	0.080	0.079	0.078	0.080	0.080	0.079	0.080	0.080	0.079	0.080	0.080	0.080	0.079
13:00:00	0.080	0.080	0.080	0.080	0.080	0.080	0.080	0.080	0.081	0.080	0.081	0.080	0.080	0.100	1.115	1.178	1.181	0.133	1.542	1.129	0.128	1.507	0.542	0.080	0.080	0.100	1.074	1.137	1.254	0.146	1.177	1.367	0.114	1.643	0.614	0.079	0.080	0.100	1.290	1.275	1.271	0.099	1.192	1.015	0.110	1.045	0.398	0.079	0.079	0.101	1.238	1.327	1.283	0.115	0.995	0.790	0.102	0.829	0.719	0.080	0.080	0.100	0.995	1.125	1.248	0.103	1.640	1.406	0.103	1.618	0.653	0.080	0.079	0.101	1.062	1.101	1.291	0.148	0.986	0.978	0.100	1.609	1.085	0.080	0.079	0.077	0.079	0.079	0.079	0.080	0.080	0.079	0.080	0.079	0.079	0.080
13:10:00	0.079	0.080	0.080	0.080	0.080	0.080	0.080	0.080	0.081	0.080	0.081	0.080	0.080	0.100	1.130	1.187	1.190	0.134	1.545	1.135	0.128	1.516	0.553	0.080	0.080	0.100	1.090	1.148	1.258	0.147	1.191	1.375	0.115	1.644	0.629	0.079	0.080	0.100	1.298	1.280	1.274	0.100	1.196	1.020	0.111	1.060	0.409	0.079	0.079	0.101	1.248	1.331	1.289	0.115	1.020	0.792	0.102	0.865	0.759	0.080	0.079	0.100	1.010	1.134	1.252	0.104	1.642	1.410	0.103	1.621	0.667	0.080	0.079	0.101	1.076	1.114	1.294	0.151	1.009	0.991	0.101	1.611	1.115	0.080	0.079	0.078	0.079	0.079	0.079	0.080	0.080	0.079	0.080	0.079	0.079	0.079
13:20:00	0.079	0.080	0.080	0.080	0.080	0.080	0.080	0.080	0.081	0.080	0.081	0.080	0.080	0.100	1.143	1.196	1.197	0.136	1.558	1.146	0.130	1.524	0.570	0.080	0.080	0.100	1.101	1.158	1.261	0.147	1.207	1.362	0.115	1.649	0.640	0.079	0.080	0.100	1.306	1.284	1.278	0.099	1.206	1.014	0.111	1.071	0.423	0.079	0.080	0.101	1.257	1.332	1.293	0.115	1.037	0.798	0.102	0.895	0.805	0.080	0.080	0.100	1.026	1.142	1.258	0.104	1.654	1.431	0.103	1.626	0.676	0.080	0.079	0.101	1.087	1.126	1.298	0.153	1.027	1.002	0.101	1.617	1.114	0.080	0.079	0.078	0.080	0.079	0.079	0.080	0.080	0.079	0.080	0.079	0.079	0.079
13:30:00	0.079	0.080	0.080	0.080	0.080	0.080	0.080	0.080	0.081	0.080	0.081	0.080	0.080	0.100	1.155	1.204	1.205	0.137	1.563	1.146	0.132	1.530	0.578	0.080	0.080	0.100	1.113	1.167	1.264	0.147	1.211	1.365	0.115	1.651	0.656	0.079	0.080	0.100	1.312	1.288	1.282	0.100	1.200	1.015	0.111	1.085	0.439	0.079	0.080	0.101	1.265	1.335	1.298	0.115	1.058	0.805	0.103	0.925	0.870	0.080	0.080	0.100	1.039	1.149	1.262	0.104	1.658	1.436	0.104	1.630	0.694	0.079	0.079	0.101	1.100	1.137	1.301	0.154	1.038	1.012	0.101	1.621	1.127	0.080	0.079	0.078	0.080	0.080	0.079	0.080	0.079	0.079	0.080	0.079	0.079	0.079
13:40:00	0.079	0.080	0.080	0.080	0.080	0.080	0.080	0.080	0.081	0.080	0.081	0.080	0.080	0.100	1.168	1.212	1.212	0.139	1.569	1.150	0.133	1.536	0.594	0.080	0.080	0.100	1.126	1.176	1.267	0.148	1.223	1.372	0.115	1.653	0.669	0.080	0.080	0.100	1.318	1.292	1.286	0.100	1.205	1.013	0.112	1.096	0.452	0.080	0.080	0.101	1.274	1.339	1.303	0.116	1.077	0.815	0.103	0.952	0.975	0.080	0.080	0.101	1.054	1.156	1.266	0.104	1.665	1.446	0.104	1.635	0.705	0.080	0.080	0.101	1.112	1.148	1.304	0.155	1.057	1.023	0.101	1.624	1.126	0.080	0.079	0.078	0.080	0.079	0.080	0.080	0.080	0.080	0.080	0.080	0.080	0.080
13:50:00	0.079	0.080	0.080	0.080	0.080	0.080	0.080	0.080	0.081	0.080	0.081	0.080	0.080	0.100	1.180	1.220	1.220	0.140	1.575	1.157	0.134	1.544	0.608	0.080	0.080	0.100	1.141	1.185	1.270	0.149	1.234	1.377	0.116	1.657	0.684	0.080	0.080	0.100	1.324	1.297	1.290	0.099	1.209	1.011	0.111	1.107	0.471	0.080	0.080	0.101	1.282	1.343	1.308	0.117	1.099	0.824	0.103	0.977	1.065	0.080	0.080	0.100	1.069	1.163	1.269	0.104	1.671	1.457	0.104	1.640	0.721	0.080	0.080	0.101	1.125	1.158	1.307	0.157	1.075	1.035	0.101	1.628	1.129	0.080	0.079	0.078	0.080	0.079	0.079	0.080	0.080	0.080	0.080	0.080	0.080	0.080
14:00:00	0.079	0.080	0.080	0.080	0.080	0.080	0.080	0.080	0.081	0.080	0.082	0.080	0.081	0.100	1.190	1.227	1.226	0.140	1.579	1.162	0.136	1.550	0.616	0.080	0.080	0.100	1.152	1.193	1.273	0.151	1.242	1.372	0.116	1.660	0.696	0.080	0.080	0.100	1.330	1.300	1.293	0.100	1.206	1.008	0.112	1.117	0.489	0.080	0.080	0.101	1.290	1.346	1.311	0.117	1.117	0.835	0.103	1.000	1.164	0.080	0.080	0.100	1.082	1.169	1.272	0.104	1.675	1.465	0.104	1.645	0.738	0.080	0.080	0.101	1.137	1.169	1.308	0.158	1.090	1.046	0.101	1.632	1.129	0.080	0.079	0.078	0.080	0.079	0.079	0.080	0.080	0.080	0.080	0.080	0.080	0.080
14:10:00	0.079	0.080	0.080	0.080	0.080	0.080	0.080	0.080	0.081	0.080	0.082	0.080	0.080	0.100	1.200	1.232	1.231	0.141	1.577	1.157	0.138	1.554	0.627	0.080	0.080	0.100	1.161	1.200	1.275	0.152	1.249	1.388	0.116	1.660	0.710	0.080	0.080	0.100	1.334	1.302	1.294	0.100	1.205	1.010	0.112	1.126	0.505	0.080	0.080	0.101	1.295	1.350	1.314	0.117	1.133	0.842	0.103	1.024	1.252	0.080	0.080	0.100	1.093	1.174	1.272	0.104	1.674	1.462	0.105	1.649	0.754	0.080	0.080	0.101	1.148	1.177	1.310	0.159	1.111	1.054	0.101	1.634	1.132	0.080	0.079	0.078	0.080	0.079	0.079	0.080	0.080	0.080	0.080	0.080	0.080	0.080
14:20:00	0.080	0.080	0.081	0.080	0.080	0.080	0.080	0.080	0.081	0.081	0.082	0.080	0.081	0.100	1.209	1.238	1.236	0.141	1.588	1.173	0.139	1.559	0.641	0.080	0.080	0.100	1.169	1.206	1.275	0.153	1.261	1.375	0.117	1.665	0.725	0.080	0.080	0.100	1.338	1.304	1.297	0.100	1.211	1.002	0.113	1.130	0.519	0.080	0.080	0.101	1.301	1.348	1.316	0.118	1.147	0.849	0.104	1.040	1.315	0.081	0.080	0.100	1.104	1.178	1.277	0.104	1.687	1.482	0.105	1.655	0.770	0.080	0.080	0.101	1.155	1.185	1.311	0.160	1.127	1.068	0.101	1.640	1.128	0.080	0.080	0.078	0.080	0.079	0.080	0.080	0.080	0.080	0.080	0.080	0.080	0.080
14:30:00	0.079	0.080	0.080	0.080	0.080	0.080	0.080	0.080	0.081	0.080	0.081	0.080	0.080	0.100	1.219	1.242	1.240	0.140	1.591	1.184	0.140	1.563	0.654	0.080	0.080	0.100	1.179	1.211	1.276	0.155	1.266	1.374	0.117	1.667	0.738	0.080	0.080	0.100	1.341	1.305	1.298	0.100	1.208	1.000	0.113	1.135	0.531	0.080	0.080	0.101	1.305	1.348	1.317	0.119	1.166	0.854	0.104	1.059	1.357	0.080	0.080	0.100	1.115	1.183	1.278	0.104	1.693	1.491	0.105	1.659	0.783	0.080	0.080	0.101	1.164	1.191	1.311	0.161	1.145	1.081	0.101	1.643	1.128	0.080	0.079	0.078	0.080	0.079	0.080	0.080	0.080	0.080	0.080	0.080	0.080	0.080
14:40:00	0.079	0.080	0.080	0.080	0.080	0.080	0.080	0.080	0.081	0.080	0.081	0.080	0.080	0.100	1.227	1.246	1.243	0.140	1.589	1.184	0.142	1.567	0.672	0.080	0.080	0.100	1.189	1.217	1.278	0.156	1.271	1.391	0.117	1.667	0.752	0.080	0.080	0.100	1.343	1.307	1.299	0.100	1.203	1.005	0.113	1.142	0.546	0.080	0.080	0.101	1.310	1.352	1.319	0.120	1.187	0.861	0.104	1.078	1.389	0.080	0.080	0.100	1.125	1.187	1.277	0.105	1.692	1.488	0.105	1.662	0.799	0.080	0.080	0.101	1.173	1.198	1.312	0.162	1.166	1.092	0.101	1.644	1.133	0.080	0.079	0.078	0.080	0.079	0.079	0.080	0.080	0.080	0.080	0.080	0.080	0.080
14:50:00	0.080	0.080	0.080	0.080	0.080	0.080	0.080	0.080	0.081	0.080	0.082	0.080	0.081	0.100	1.235	1.252	1.248	0.141	1.599	1.206	0.141	1.571	0.684	0.080	0.080	0.100	1.200	1.221	1.277	0.157	1.277	1.377	0.117	1.671	0.766	0.080	0.080	0.100	1.345	1.308	1.300	0.099	1.204	1.002	0.113	1.145	0.564	0.080	0.080	0.101	1.314	1.352	1.320	0.119	1.210	0.870	0.104	1.091	1.411	0.080	0.080	0.100	1.136	1.190	1.278	0.104	1.704	1.510	0.105	1.667	0.816	0.080	0.080	0.101	1.183	1.204	1.310	0.163	1.181	1.106	0.101	1.647	1.130	0.080	0.080	0.077	0.080	0.079	0.079	0.080	0.080	0.080	0.080	0.080	0.080	0.080
15:00:00	0.079	0.080	0.080	0.080	0.080	0.080	0.080	0.080	0.081	0.080	0.082	0.080	0.080	0.100	1.243	1.255	1.251	0.142	1.593	1.207	0.143	1.575	0.698	0.080	0.080	0.100	1.208	1.225	1.280	0.158	1.284	1.398	0.118	1.669	0.777	0.080	0.080	0.100	1.348	1.310	1.301	0.100	1.198	1.011	0.114	1.152	0.581	0.080	0.080	0.101	1.319	1.355	1.323	0.121	1.244	0.878	0.104	1.110	1.437	0.080	0.080	0.100	1.145	1.194	1.276	0.105	1.700	1.503	0.106	1.669	0.839	0.080	0.080	0.101	1.190	1.210	1.311	0.166	1.197	1.119	0.101	1.648	1.135	0.080	0.079	0.078	0.080	0.079	0.080	0.080	0.080	0.080	0.080	0.080	0.080	0.080
15:10:00	0.079	0.080	0.080	0.079	0.080	0.080	0.080	0.080	0.081	0.080	0.082	0.080	0.080	0.100	1.250	1.258	1.253	0.144	1.595	1.212	0.145	1.578	0.710	0.080	0.080	0.100	1.213	1.229	1.280	0.159	1.288	1.399	0.119	1.671	0.790	0.080	0.080	0.100	1.349	1.310	1.301	0.099	1.200	1.014	0.113	1.155	0.595	0.080	0.080	0.101	1.322	1.355	1.323	0.121	1.281	0.886	0.104	1.123	1.458	0.080	0.080	0.100	1.152	1.197	1.276	0.105	1.705	1.507	0.106	1.673	0.856	0.080	0.080	0.101	1.196	1.215	1.311	0.166	1.211	1.130	0.101	1.650	1.134	0.080	0.079	0.078	0.080	0.079	0.079	0.080	0.079	0.079	0.080	0.080	0.080	0.080
15:20:00	0.079	0.080	0.080	0.080	0.080	0.080	0.080	0.080	0.081	0.080	0.081	0.080	0.080	0.100	1.257	1.261	1.256	0.148	1.603	1.224	0.147	1.582	0.718	0.080	0.080	0.100	1.218	1.232	1.279	0.161	1.294	1.388	0.119	1.674	0.801	0.080	0.080	0.100	1.350	1.310	1.301	0.100	1.205	1.012	0.114	1.157	0.614	0.080	0.080	0.101	1.325	1.353	1.323	0.122	1.318	0.893	0.104	1.134	1.475	0.080	0.080	0.100	1.161	1.199	1.277	0.105	1.716	1.522	0.106	1.680	0.871	0.080	0.080	0.100	1.201	1.219	1.311	0.168	1.225	1.143	0.101	1.655	1.135	0.080	0.079	0.078	0.080	0.079	0.079	0.080	0.079	0.079	0.080	0.080	0.079	0.080
15:30:00	0.080	0.080	0.081	0.080	0.080	0.080	0.080	0.080	0.081	0.080	0.082	0.080	0.081	0.100	1.263	1.264	1.259	0.149	1.606	1.226	0.149	1.585	0.731	0.080	0.080	0.100	1.223	1.236	1.279	0.161	1.302	1.393	0.121	1.676	0.817	0.080	0.080	0.100	1.351	1.310	1.303	0.100	1.207	1.015	0.114	1.160	0.635	0.080	0.080	0.101	1.328	1.353	1.324	0.123	1.354	0.903	0.105	1.145	1.488	0.080	0.080	0.100	1.169	1.202	1.278	0.105	1.722	1.529	0.107	1.684	0.884	0.080	0.080	0.101	1.206	1.224	1.312	0.170	1.242	1.154	0.101	1.657	1.136	0.080	0.080	0.078	0.080	0.079	0.080	0.080	0.080	0.080	0.080	0.080	0.080	0.080
15:40:00	0.080	0.080	0.080	0.080	0.080	0.080	0.080	0.080	0.081	0.080	0.082	0.080	0.081	0.100	1.267	1.266	1.261	0.150	1.604	1.227	0.150	1.587	0.745	0.080	0.080	0.100	1.230	1.239	1.279	0.163	1.308	1.404	0.121	1.675	0.831	0.080	0.080	0.100	1.351	1.310	1.302	0.099	1.205	1.023	0.114	1.164	0.651	0.080	0.080	0.101	1.330	1.355	1.325	0.124	1.383	0.908	0.105	1.158	1.497	0.080	0.080	0.100	1.177	1.203	1.275	0.105	1.719	1.526	0.107	1.686	0.906	0.080	0.080	0.101	1.213	1.227	1.311	0.170	1.260	1.166	0.101	1.657	1.138	0.080	0.080	0.077	0.080	0.079	0.080	0.080	0.080	0.080	0.080	0.080	0.080	0.080
15:50:00	0.080	0.080	0.081	0.080	0.080	0.080	0.080	0.080	0.081	0.081	0.082	0.080	0.081	0.100	1.272	1.269	1.264	0.151	1.612	1.239	0.153	1.592	0.761	0.080	0.080	0.100	1.235	1.242	1.279	0.164	1.314	1.395	0.122	1.679	0.844	0.080	0.080	0.100	1.352	1.311	1.302	0.099	1.210	1.021	0.114	1.164	0.669	0.080	0.080	0.101	1.332	1.353	1.325	0.125	1.424	0.913	0.105	1.165	1.508	0.081	0.080	0.100	1.184	1.205	1.276	0.105	1.731	1.543	0.108	1.693	0.921	0.080	0.080	0.101	1.218	1.231	1.310	0.173	1.274	1.179	0.101	1.661	1.135	0.080	0.080	0.078	0.080	0.079	0.080	0.080	0.080	0.080	0.080	0.080	0.080	0.080
16:00:00	0.080	0.080	0.080	0.080	0.080	0.080	0.080	0.080	0.081	0.080	0.082	0.080	0.081	0.100	1.277	1.270	1.266	0.151	1.611	1.238	0.155	1.594	0.776	0.080	0.080	0.100	1.238	1.245	1.280	0.164	1.320	1.410	0.122	1.678	0.856	0.080	0.080	0.100	1.353	1.310	1.303	0.099	1.206	1.028	0.115	1.168	0.683	0.080	0.080	0.101	1.335	1.355	1.326	0.125	1.130	0.920	0.106	1.176	1.515	0.081	0.080	0.100	1.189	1.206	1.275	0.106	1.730	1.541	0.108	1.696	0.942	0.080	0.080	0.101	1.223	1.235	1.312	0.174	1.290	1.188	0.101	1.662	1.138	0.080	0.080	0.078	0.080	0.079	0.080	0.080	0.080	0.080	0.080	0.080	0.080	0.080
16:10:01	0.080	0.080	0.081	0.080	0.080	0.080	0.080	0.080	0.081	0.081	0.082	0.080	0.081	0.100	1.282	1.272	1.267	0.151	1.618	1.251	0.155	1.597	0.787	0.081	0.080	0.100	1.240	1.246	1.278	0.166	1.326	1.403	0.122	1.681	0.871	0.080	0.080	0.100	1.353	1.310	1.302	0.099	1.209	1.029	0.115	1.166	0.702	0.080	0.080	0.101	1.335	1.350	1.325	0.125	1.164	0.928	0.106	1.180	1.523	0.081	0.080	0.100	1.195	1.207	1.277	0.106	1.742	1.557	0.108	1.702	0.955	0.079	0.080	0.101	1.224	1.237	1.311	0.177	1.300	1.199	0.101	1.666	1.135	0.081	0.080	0.078	0.080	0.079	0.080	0.080	0.080	0.080	0.080	0.080	0.080	0.081
16:20:01	0.080	0.080	0.080	0.080	0.080	0.080	0.080	0.080	0.081	0.080	0.082	0.080	0.081	0.100	1.285	1.272	1.267	0.151	1.616	1.256	0.158	1.599	0.801	0.080	0.080	0.100	1.245	1.247	1.279	0.169	1.332	1.411	0.123	1.680	0.882	0.080	0.080	0.100	1.352	1.309	1.302	0.100	1.204	1.041	0.115	1.167	0.715	0.080	0.080	0.101	1.336	1.350	1.325	0.126	1.146	0.932	0.106	1.187	1.529	0.080	0.080	0.100	1.200	1.208	1.274	0.106	1.742	1.556	0.109	1.705	0.975	0.079	0.080	0.101	1.228	1.239	1.311	0.178	1.313	1.212	0.101	1.666	1.134	0.080	0.080	0.078	0.080	0.079	0.080	0.080	0.080	0.080	0.080	0.080	0.080	0.080
16:30:01	0.080	0.080	0.080	0.080	0.080	0.080	0.080	0.080	0.081	0.080	0.081	0.080	0.081	0.100	1.289	1.273	1.268	0.150	1.620	1.267	0.160	1.602	0.814	0.080	0.080	0.100	1.250	1.248	1.278	0.170	1.338	1.408	0.122	1.681	0.895	0.080	0.080	0.100	1.351	1.309	1.301	0.099	1.211	1.048	0.115	1.167	0.730	0.080	0.080	0.100	1.337	1.350	1.325	0.127	1.156	0.932	0.106	1.193	1.535	0.080	0.080	0.100	1.205	1.209	1.273	0.105	1.749	1.567	0.109	1.708	0.993	0.079	0.080	0.100	1.233	1.241	1.311	0.179	1.325	1.218	0.100	1.666	1.133	0.080	0.080	0.077	0.080	0.079	0.079	0.080	0.080	0.080	0.080	0.080	0.079	0.080
16:40:01	0.080	0.080	0.081	0.080	0.080	0.080	0.080	0.081	0.081	0.081	0.081	0.081	0.081	0.100	1.292	1.274	1.269	0.150	1.621	1.277	0.157	1.604	0.823	0.081	0.080	0.100	1.255	1.249	1.278	0.171	1.345	1.409	0.123	1.681	0.906	0.080	0.080	0.100	1.351	1.308	1.300	0.099	1.206	1.057	0.116	1.168	0.748	0.080	0.080	0.101	1.338	1.351	1.325	0.128	1.146	0.936	0.107	1.198	1.538	0.081	0.080	0.100	1.210	1.210	1.270	0.106	1.752	1.570	0.110	1.710	1.019	0.079	0.080	0.101	1.236	1.243	1.311	0.182	1.346	1.224	0.101	1.665	1.128	0.081	0.080	0.078	0.080	0.079	0.080	0.080	0.080	0.080	0.080	0.080	0.079	0.079
16:50:01	0.080	0.080	0.081	0.080	0.080	0.080	0.080	0.080	0.081	0.081	0.081	0.080	0.081	0.100	1.296	1.274	1.269	0.151	1.626	1.289	0.159	1.606	0.833	0.080	0.080	0.100	1.256	1.249	1.278	0.173	1.348	1.402	0.124	1.683	0.917	0.080	0.080	0.100	1.349	1.306	1.299	0.100	1.214	1.059	0.116	1.166	0.764	0.080	0.080	0.101	1.338	1.347	1.324	0.129	1.179	0.944	0.107	1.200	1.545	0.080	0.080	0.100	1.214	1.210	1.271	0.106	1.762	1.583	0.110	1.716	1.031	0.079	0.080	0.101	1.236	1.244	1.311	0.183	1.396	1.230	0.101	1.667	1.127	0.080	0.080	0.078	0.080	0.079	0.080	0.080	0.080	0.080	0.080	0.080	0.079	0.079
17:00:01	0.080	0.080	0.080	0.080	0.080	0.080	0.080	0.080	0.081	0.081	0.081	0.080	0.081	0.100	1.299	1.274	1.269	0.152	1.628	1.293	0.161	1.608	0.847	0.080	0.080	0.100	1.256	1.250	1.278	0.176	1.349	1.404	0.125	1.684	0.927	0.080	0.080	0.100	1.348	1.306	1.298	0.099	1.213	1.067	0.116	1.165	0.782	0.080	0.080	0.100	1.338	1.346	1.324	0.129	1.178	0.951	0.107	1.204	1.550	0.080	0.080	0.100	1.217	1.210	1.271	0.107	1.766	1.587	0.111	1.719	1.050	0.079	0.080	0.100	1.238	1.245	1.312	0.185	1.410	1.233	0.101	1.668	1.125	0.080	0.080	0.078	0.080	0.079	0.079	0.080	0.080	0.080	0.080	0.080	0.079	0.079
17:10:01	0.080	0.080	0.080	0.080	0.080	0.080	0.080	0.080	0.081	0.080	0.081	0.080	0.081	0.100	1.301	1.274	1.270	0.153	1.629	1.294	0.161	1.609	0.855	0.080	0.080	0.100	1.257	1.251	1.278	0.178	1.351	1.406	0.127	1.685	0.935	0.080	0.080	0.100	1.347	1.304	1.298	0.100	1.211	1.072	0.117	1.165	0.796	0.080	0.080	0.101	1.338	1.346	1.324	0.130	1.173	0.955	0.108	1.208	1.554	0.080	0.080	0.100	1.219	1.209	1.271	0.107	1.770	1.590	0.112	1.722	1.068	0.079	0.080	0.101	1.239	1.246	1.314	0.186	1.427	1.235	0.101	1.669	1.124	0.080	0.080	0.078	0.080	0.079	0.080	0.080	0.080	0.080	0.080	0.080	0.079	0.079
17:20:01	0.080	0.080	0.081	0.080	0.080	0.080	0.080	0.080	0.081	0.081	0.081	0.080	0.081	0.100	1.303	1.274	1.270	0.155	1.632	1.302	0.161	1.609	0.863	0.080	0.080	0.100	1.260	1.251	1.279	0.179	1.353	1.406	0.127	1.685	0.944	0.080	0.080	0.100	1.346	1.303	1.298	0.099	1.212	1.078	0.117	1.165	0.810	0.080	0.080	0.101	1.338	1.345	1.324	0.131	1.179	0.960	0.108	1.211	1.559	0.081	0.080	0.100	1.222	1.210	1.270	0.107	1.775	1.597	0.112	1.725	1.087	0.079	0.080	0.101	1.241	1.246	1.315	0.187	1.424	1.239	0.101	1.669	1.123	0.081	0.080	0.078	0.080	0.079	0.080	0.080	0.080	0.080	0.080	0.080	0.079	0.079
17:30:01	0.079	0.080	0.081	0.080	0.080	0.080	0.080	0.080	0.081	0.081	0.081	0.081	0.081	0.100	1.304	1.274	1.272	0.156	1.634	1.305	0.164	1.610	0.875	0.081	0.080	0.100	1.261	1.252	1.279	0.181	1.352	1.410	0.128	1.686	0.952	0.080	0.080	0.100	1.345	1.303	1.298	0.099	1.215	1.084	0.117	1.163	0.826	0.080	0.080	0.101	1.338	1.345	1.325	0.131	1.187	0.966	0.109	1.213	1.564	0.081	0.080	0.100	1.225	1.210	1.270	0.107	1.779	1.603	0.113	1.729	1.104	0.079	0.080	0.101	1.243	1.248	1.317	0.189	1.422	1.249	0.101	1.671	1.119	0.081	0.080	0.078	0.080	0.079	0.080	0.080	0.080	0.080	0.080	0.080	0.079	0.079
17:40:01	0.079	0.080	0.081	0.080	0.080	0.080	0.080	0.080	0.081	0.081	0.081	0.080	0.081	0.100	1.306	1.274	1.272	0.157	1.633	1.304	0.166	1.611	0.888	0.080	0.080	0.100	1.261	1.252	1.281	0.182	1.352	1.420	0.129	1.686	0.961	0.080	0.080	0.100	1.343	1.301	1.297	0.099	1.208	1.095	0.117	1.164	0.835	0.080	0.080	0.101	1.338	1.345	1.324	0.133	1.166	0.970	0.110	1.217	1.567	0.081	0.080	0.100	1.226	1.209	1.269	0.108	1.778	1.599	0.114	1.730	1.121	0.079	0.080	0.101	1.243	1.248	1.318	0.191	1.427	1.250	0.101	1.671	1.119	0.081	0.080	0.078	0.080	0.079	0.080	0.080	0.080	0.080	0.080	0.080	0.080	0.079
17:50:01	0.079	0.080	0.081	0.080	0.080	0.080	0.080	0.080	0.081	0.081	0.081	0.079	0.081	0.100	1.307	1.273	1.272	0.158	1.633	1.322	0.165	1.610	0.900	0.081	0.080	0.100	1.263	1.252	1.280	0.184	1.354	1.424	0.129	1.685	0.976	0.080	0.080	0.100	1.342	1.301	1.297	0.100	1.213	1.107	0.118	1.162	0.846	0.080	0.080	0.101	1.337	1.344	1.324	0.134	1.180	0.977	0.110	1.218	1.568	0.081	0.080	0.100	1.228	1.210	1.268	0.108	1.782	1.611	0.115	1.732	1.140	0.080	0.080	0.101	1.244	1.248	1.318	0.193	1.426	1.255	0.101	1.669	1.114	0.081	0.080	0.078	0.080	0.080	0.080	0.080	0.080	0.080	0.080	0.080	0.080	0.079
18:00:01	0.079	0.080	0.081	0.080	0.080	0.080	0.080	0.081	0.081	0.081	0.081	0.079	0.081	0.100	1.309	1.274	1.273	0.158	1.641	1.323	0.166	1.613	0.908	0.081	0.080	0.100	1.261	1.254	1.282	0.185	1.353	1.410	0.130	1.690	0.983	0.080	0.080	0.100	1.342	1.300	1.297	0.100	1.220	1.105	0.118	1.158	0.870	0.080	0.080	0.101	1.336	1.340	1.325	0.136	1.293	0.984	0.110	1.218	1.577	0.081	0.080	0.100	1.231	1.211	1.273	0.108	1.794	1.623	0.115	1.739	1.143	0.079	0.080	0.101	1.241	1.248	1.322	0.194	1.429	1.255	0.101	1.676	1.109	0.081	0.080	0.078	0.080	0.080	0.080	0.080	0.080	0.080	0.080	0.080	0.080	0.079
18:10:01	0.079	0.080	0.081	0.080	0.080	0.080	0.080	0.080	0.081	0.081	0.081	0.079	0.081	0.100	1.309	1.272	1.271	0.158	1.638	1.336	0.165	1.610	0.921	0.081	0.080	0.100	1.265	1.252	1.282	0.187	1.356	1.423	0.130	1.686	0.996	0.080	0.080	0.100	1.339	1.299	1.295	0.099	1.210	1.121	0.118	1.157	0.874	0.080	0.080	0.101	1.335	1.342	1.324	0.136	1.260	0.990	0.111	1.218	1.575	0.081	0.080	0.100	1.231	1.211	1.267	0.108	1.793	1.631	0.115	1.738	1.169	0.079	0.080	0.101	1.243	1.246	1.321	0.196	1.428	1.259	0.101	1.671	1.108	0.081	0.080	0.078	0.080	0.080	0.080	0.080	0.080	0.080	0.080	0.080	0.080	0.079
18:20:01	0.080	0.080	0.081	0.080	0.081	0.081	0.080	0.081	0.081	0.081	0.081	0.080	0.081	0.100	1.309	1.273	1.274	0.158	1.639	1.336	0.167	1.612	0.933	0.081	0.080	0.100	1.264	1.254	1.284	0.184	1.356	1.427	0.132	1.689	1.004	0.080	0.080	0.100	1.338	1.300	1.295	0.099	1.211	1.127	0.118	1.156	0.896	0.080	0.080	0.100	1.335	1.343	1.325	0.134	1.270	0.996	0.111	1.220	1.581	0.081	0.080	0.100	1.234	1.212	1.268	0.108	1.796	1.632	0.116	1.742	1.187	0.079	0.080	0.100	1.242	1.248	1.325	0.197	1.427	1.259	0.101	1.674	1.105	0.081	0.079	0.078	0.080	0.079	0.080	0.080	0.080	0.080	0.080	0.080	0.080	0.079
18:30:01	0.079	0.080	0.080	0.080	0.080	0.080	0.080	0.080	0.081	0.081	0.081	0.079	0.081	0.100	1.311	1.274	1.274	0.158	1.640	1.340	0.168	1.612	0.942	0.081	0.080	0.100	1.263	1.254	1.285	0.186	1.356	1.431	0.132	1.690	1.014	0.080	0.080	0.100	1.337	1.299	1.295	0.099	1.210	1.135	0.119	1.155	0.906	0.080	0.080	0.101	1.335	1.342	1.325	0.137	1.265	1.000	0.112	1.221	1.583	0.080	0.080	0.100	1.235	1.212	1.268	0.109	1.797	1.637	0.117	1.744	1.202	0.079	0.080	0.101	1.240	1.247	1.327	0.199	1.425	1.258	0.101	1.676	1.102	0.080	0.079	0.078	0.080	0.079	0.080	0.080	0.080	0.080	0.080	0.080	0.079	0.079
18:40:01	0.079	0.080	0.080	0.080	0.080	0.080	0.080	0.080	0.082	0.081	0.081	0.079	0.081	0.100	1.311	1.275	1.275	0.159	1.645	1.359	0.169	1.612	0.950	0.081	0.080	0.100	1.265	1.255	1.285	0.191	1.359	1.423	0.133	1.691	1.028	0.080	0.080	0.100	1.337	1.299	1.295	0.099	1.217	1.141	0.119	1.151	0.921	0.080	0.080	0.101	1.334	1.341	1.325	0.138	1.274	1.007	0.112	1.219	1.585	0.081	0.080	0.100	1.237	1.214	1.268	0.109	1.808	1.659	0.117	1.747	1.214	0.079	0.080	0.100	1.240	1.247	1.329	0.201	1.421	1.262	0.101	1.675	1.097	0.081	0.079	0.078	0.080	0.079	0.080	0.080	0.080	0.080	0.080	0.080	0.079	0.079
18:50:01	0.079	0.080	0.080	0.080	0.080	0.080	0.080	0.080	0.081	0.081	0.081	0.079	0.081	0.100	1.313	1.277	1.278	0.160	1.647	1.350	0.171	1.614	0.957	0.081	0.080	0.100	1.261	1.259	1.289	0.193	1.359	1.425	0.135	1.695	1.034	0.080	0.080	0.100	1.337	1.300	1.296	0.100	1.221	1.145	0.120	1.149	0.942	0.080	0.080	0.101	1.336	1.341	1.327	0.139	1.295	1.014	0.112	1.220	1.593	0.081	0.080	0.100	1.238	1.215	1.272	0.110	1.811	1.666	0.117	1.752	1.223	0.080	0.080	0.101	1.239	1.249	1.336	0.204	1.420	1.260	0.101	1.681	1.097	0.081	0.079	0.078	0.080	0.080	0.080	0.080	0.080	0.080	0.080	0.080	0.080	0.079
19:00:01	0.080	0.080	0.081	0.080	0.080	0.080	0.080	0.080	0.081	0.081	0.081	0.079	0.081	0.100	1.313	1.278	1.279	0.160	1.648	1.354	0.172	1.613	0.965	0.081	0.080	0.100	1.261	1.260	1.290	0.189	1.361	1.423	0.137	1.696	1.045	0.080	0.080	0.100	1.337	1.299	1.296	0.099	1.224	1.150	0.120	1.147	0.956	0.080	0.080	0.101	1.336	1.340	1.327	0.141	1.296	1.023	0.113	1.219	1.596	0.081	0.080	0.100	1.239	1.216	1.272	0.110	1.815	1.167	0.118	1.755	1.236	0.080	0.080	0.101	1.238	1.249	1.340	0.205	1.418	1.259	0.101	1.682	1.094	0.081	0.079	0.078	0.080	0.080	0.080	0.080	0.080	0.080	0.080	0.080	0.080	0.080
19:10:01	0.079	0.080	0.081	0.080	0.080	0.080	0.080	0.080	0.081	0.081	0.081	0.080	0.081	0.100	1.313	1.279	1.281	0.161	1.649	1.356	0.173	1.613	0.973	0.081	0.080	0.100	1.262	1.262	1.291	0.192	1.361	1.426	0.137	1.697	1.054	0.080	0.080	0.100	1.335	1.299	1.296	0.099	1.225	1.155	0.120	1.145	0.968	0.080	0.080	0.101	1.336	1.341	1.328	0.142	1.299	1.020	0.113	1.219	1.598	0.081	0.080	0.100	1.240	1.216	1.272	0.110	1.818	1.222	0.118	1.758	1.245	0.080	0.080	0.101	1.238	1.249	1.343	0.206	1.416	1.260	0.101	1.683	1.089	0.081	0.079	0.078	0.080	0.079	0.080	0.080	0.080	0.080	0.080	0.080	0.080	0.079
19:20:01	0.080	0.080	0.081	0.080	0.080	0.080	0.080	0.080	0.081	0.081	0.081	0.080	0.081	0.100	1.315	1.281	1.283	0.162	1.651	1.360	0.176	1.614	0.981	0.081	0.080	0.100	1.261	1.264	1.293	0.197	1.363	1.425	0.137	1.699	1.064	0.081	0.080	0.100	1.336	1.299	1.296	0.099	1.226	1.160	0.121	1.143	0.981	0.080	0.080	0.100	1.336	1.339	1.329	0.142	1.305	1.021	0.113	1.218	1.601	0.081	0.080	0.100	1.242	1.218	1.274	0.111	1.822	1.214	0.118	1.761	1.256	0.080	0.080	0.100	1.236	1.250	1.347	0.209	1.414	1.260	0.101	1.686	1.085	0.081	0.079	0.078	0.080	0.080	0.080	0.080	0.080	0.080	0.080	0.080	0.080	0.079
19:30:01	0.080	0.080	0.081	0.080	0.081	0.080	0.080	0.081	0.081	0.081	0.082	0.080	0.081	0.100	1.316	1.282	1.283	0.162	1.648	1.369	0.176	1.613	0.992	0.081	0.080	0.100	1.263	1.265	1.294	0.193	1.365	1.438	0.138	1.695	1.076	0.081	0.080	0.100	1.335	1.299	1.296	0.099	1.220	1.176	0.121	1.142	0.989	0.081	0.080	0.101	1.336	1.341	1.329	0.144	1.275	1.025	0.114	1.217	1.600	0.081	0.080	0.100	1.243	1.218	1.272	0.111	1.820	1.219	0.120	1.760	1.277	0.080	0.080	0.101	1.237	1.250	1.349	0.209	1.417	1.264	0.102	1.683	1.083	0.081	0.079	0.078	0.080	0.080	0.080	0.081	0.080	0.080	0.080	0.080	0.080	0.080
19:40:01	0.080	0.080	0.081	0.080	0.081	0.080	0.080	0.080	0.081	0.081	0.082	0.080	0.081	0.100	1.318	1.283	1.286	0.163	1.653	1.368	0.176	1.615	0.995	0.081	0.080	0.100	1.259	1.268	1.297	0.200	1.364	1.426	0.139	1.701	1.082	0.081	0.080	0.100	1.335	1.300	1.297	0.099	1.231	1.174	0.121	1.139	1.006	0.081	0.080	0.101	1.336	1.337	1.329	0.146	1.312	1.032	0.114	1.215	1.607	0.081	0.080	0.100	1.245	1.220	1.276	0.112	1.830	1.204	0.120	1.767	1.284	0.080	0.080	0.101	1.233	1.251	1.354	0.211	1.407	1.260	0.102	1.690	1.078	0.081	0.079	0.078	0.080	0.080	0.080	0.081	0.080	0.080	0.081	0.080	0.080	0.080
19:50:01	0.080	0.080	0.081	0.080	0.080	0.080	0.080	0.080	0.081	0.081	0.081	0.080	0.081	0.100	1.317	1.284	1.284	0.163	1.654	1.384	0.176	1.613	1.001	0.081	0.080	0.100	1.263	1.267	1.296	0.202	1.367	1.426	0.139	1.698	1.092	0.080	0.080	0.100	1.333	1.299	1.296	0.099	1.232	1.183	0.121	1.135	1.011	0.080	0.080	0.101	1.335	1.337	1.329	0.145	1.299	1.040	0.114	1.211	1.605	0.081	0.080	0.100	1.245	1.220	1.273	0.112	1.834	1.208	0.120	1.766	1.300	0.080	0.079	0.100	1.233	1.249	1.355	0.209	1.400	1.266	0.102	1.687	1.073	0.081	0.079	0.078	0.080	0.079	0.080	0.080	0.080	0.080	0.080	0.080	0.080	0.080
20:00:01	0.080	0.080	0.081	0.080	0.080	0.080	0.080	0.080	0.081	0.081	0.082	0.080	0.081	0.100	1.321	1.288	1.289	0.164	1.657	1.392	0.177	1.615	1.011	0.081	0.080	0.100	1.266	1.271	1.298	0.206	1.370	1.428	0.139	1.700	1.101	0.081	0.080	0.100	1.334	1.300	1.298	0.099	1.236	1.192	0.121	1.134	1.024	0.080	0.080	0.101	1.337	1.339	1.331	0.147	1.294	1.045	0.114	1.211	1.608	0.081	0.080	0.100	1.247	1.224	1.274	0.112	1.841	1.211	0.120	1.770	1.313	0.080	0.079	0.101	1.236	1.252	1.360	0.209	1.399	1.271	0.102	1.688	1.072	0.080	0.079	0.078	0.080	0.080	0.080	0.080	0.080	0.080	0.080	0.080	0.080	0.080
20:10:01	0.080	0.080	0.081	0.080	0.081	0.080	0.081	0.081	0.081	0.081	0.082	0.080	0.081	0.100	1.323	1.291	1.290	0.165	1.657	1.398	0.179	1.616	1.019	0.081	0.080	0.100	1.268	1.273	1.300	0.210	1.372	1.433	0.140	1.700	1.109	0.081	0.081	0.100	1.334	1.301	1.298	0.099	1.239	1.201	0.122	1.132	1.034	0.081	0.080	0.101	1.338	1.340	1.333	0.148	1.290	1.050	0.114	1.209	1.609	0.081	0.080	0.100	1.250	1.226	1.273	0.113	1.843	1.212	0.121	1.771	1.326	0.080	0.079	0.100	1.236	1.253	1.364	0.209	1.395	1.280	0.102	1.688	1.064	0.080	0.079	0.078	0.080	0.080	0.080	0.080	0.080	0.080	0.080	0.080	0.080	0.080
20:20:01	0.080	0.080	0.081	0.080	0.081	0.080	0.080	0.080	0.081	0.081	0.081	0.080	0.081	0.100	1.326	1.293	1.292	0.168	1.658	1.400	0.178	1.617	1.026	0.081	0.080	0.100	1.268	1.275	1.302	0.214	1.373	1.435	0.141	1.701	1.114	0.080	0.080	0.100	1.334	1.300	1.298	0.099	1.239	1.208	0.122	1.131	1.043	0.081	0.080	0.101	1.338	1.340	1.334	0.149	1.289	1.050	0.115	1.207	1.611	0.081	0.080	0.100	1.252	1.227	1.274	0.114	1.845	1.211	0.121	1.773	1.337	0.080	0.079	0.101	1.235	1.253	1.368	0.213	1.392	1.280	0.102	1.690	1.060	0.080	0.079	0.078	0.080	0.080	0.080	0.080	0.080	0.080	0.080	0.080	0.080	0.080
20:30:01	0.079	0.080	0.080	0.080	0.080	0.080	0.079	0.080	0.081	0.081	0.081	0.080	0.081	0.100	1.329	1.294	1.295	0.172	1.656	1.387	0.182	1.618	1.033	0.081	0.080	0.100	1.265	1.278	1.306	0.225	1.373	1.444	0.144	1.702	1.116	0.080	0.080	0.100	1.333	1.300	1.298	0.099	1.236	1.218	0.122	1.131	1.053	0.080	0.080	0.100	1.341	1.339	1.335	0.149	1.282	1.052	0.115	1.207	1.615	0.081	0.080	0.100	1.252	1.228	1.276	0.115	1.840	1.207	0.122	1.774	1.349	0.080	0.079	0.100	1.234	1.255	1.374	0.219	1.391	1.272	0.102	1.694	1.055	0.079	0.079	0.078	0.080	0.079	0.080	0.080	0.080	0.080	0.080	0.080	0.080	0.080
20:40:01	0.080	0.080	0.081	0.080	0.081	0.080	0.080	0.080	0.081	0.081	0.081	0.080	0.081	0.100	1.331	1.296	1.297	0.174	1.656	1.386	0.183	1.619	1.038	0.081	0.081	0.100	1.265	1.280	1.308	0.229	1.374	1.443	0.146	1.702	1.121	0.080	0.080	0.100	1.333	1.300	1.299	0.099	1.237	1.223	0.123	1.129	1.062	0.081	0.081	0.101	1.341	1.339	1.335	0.149	1.283	1.055	0.116	1.205	1.616	0.080	0.080	0.100	1.253	1.229	1.277	0.116	1.843	1.208	0.123	1.775	1.359	0.080	0.079	0.101	1.234	1.256	1.378	0.221	1.385	1.266	0.102	1.695	1.053	0.080	0.079	0.078	0.080	0.080	0.080	0.081	0.080	0.080	0.080	0.080	0.080	0.080
20:50:01	0.080	0.080	0.081	0.080	0.081	0.080	0.080	0.080	0.081	0.081	0.081	0.080	0.081	0.100	1.332	1.300	1.299	0.177	1.658	1.400	0.182	1.617	1.045	0.081	0.081	0.100	1.269	1.282	1.308	0.232	1.377	1.445	0.146	1.700	1.128	0.080	0.080	0.100	1.332	1.300	1.299	0.099	1.239	1.231	0.123	1.128	1.069	0.079	0.081	0.101	1.341	1.340	1.336	0.152	1.269	1.060	0.116	1.202	1.613	0.080	0.080	0.100	1.254	1.231	1.274	0.116	1.847	1.204	0.123	1.775	1.369	0.080	0.079	0.100	1.237	1.257	1.381	0.224	1.381	1.271	0.102	1.692	1.051	0.080	0.079	0.078	0.080	0.079	0.080	0.081	0.080	0.080	0.080	0.080	0.080	0.080
21:00:01	0.080	0.080	0.081	0.080	0.081	0.080	0.080	0.080	0.081	0.081	0.081	0.080	0.081	0.100	1.335	1.303	1.303	0.179	1.659	1.391	0.184	1.620	1.050	0.081	0.081	0.100	1.269	1.286	1.312	0.238	1.377	1.446	0.148	1.704	1.130	0.081	0.080	0.100	1.332	1.301	1.299	0.099	1.247	1.233	0.124	1.127	1.080	0.079	0.080	0.101	1.343	1.339	1.337	0.150	1.289	1.062	0.116	1.200	1.618	0.080	0.080	0.100	1.257	1.232	1.278	0.117	1.849	1.174	0.124	1.780	1.375	0.079	0.079	0.100	1.236	1.259	1.385	0.227	1.376	1.269	0.102	1.698	1.045	0.080	0.079	0.078	0.080	0.079	0.080	0.080	0.080	0.080	0.080	0.080	0.080	0.080
21:10:01	0.080	0.080	0.081	0.080	0.081	0.080	0.080	0.080	0.081	0.081	0.081	0.080	0.081	0.100	1.340	1.306	1.305	0.182	1.661	1.403	0.185	1.620	1.057	0.081	0.080	0.100	1.271	1.288	1.312	0.244	1.379	1.447	0.148	1.703	1.135	0.081	0.080	0.100	1.332	1.301	1.300	0.099	1.252	1.242	0.124	1.125	1.084	0.079	0.080	0.101	1.343	1.340	1.338	0.155	1.282	1.066	0.117	1.198	1.616	0.080	0.080	0.100	1.258	1.234	1.278	0.117	1.853	1.172	0.124	1.780	1.385	0.079	0.079	0.101	1.237	1.260	1.389	0.229	1.372	1.274	0.102	1.697	1.043	0.080	0.079	0.078	0.080	0.079	0.080	0.081	0.080	0.080	0.080	0.080	0.080	0.080
21:20:01	0.080	0.080	0.081	0.080	0.081	0.080	0.080	0.080	0.081	0.081	0.081	0.080	0.081	0.100	1.343	1.309	1.307	0.186	1.663	1.406	0.186	1.621	1.063	0.081	0.081	0.100	1.270	1.290	1.314	0.252	1.380	1.448	0.149	1.705	1.137	0.081	0.080	0.100	1.332	1.301	1.300	0.099	1.256	1.248	0.125	1.123	1.091	0.079	0.081	0.101	1.344	1.338	1.339	0.157	1.284	1.071	0.117	1.195	1.617	0.080	0.080	0.100	1.260	1.235	1.279	0.118	1.856	1.167	0.125	1.783	1.390	0.080	0.080	0.101	1.236	1.261	1.393	0.233	1.368	1.274	0.103	1.699	1.039	0.080	0.080	0.078	0.081	0.080	0.080	0.081	0.081	0.080	0.080	0.081	0.080	0.080
21:30:01	0.079	0.080	0.081	0.080	0.080	0.080	0.080	0.080	0.080	0.081	0.081	0.080	0.081	0.100	1.345	1.312	1.310	0.191	1.665	1.399	0.186	1.624	1.066	0.081	0.080	0.100	1.270	1.293	1.318	0.253	1.381	1.445	0.151	1.708	1.136	0.080	0.080	0.100	1.332	1.302	1.301	0.099	1.258	1.249	0.125	1.121	1.099	0.079	0.080	0.100	1.345	1.336	1.339	0.155	1.298	1.073	0.117	1.193	1.622	0.080	0.080	0.100	1.262	1.237	1.282	0.119	1.859	1.158	0.125	1.787	1.396	0.079	0.079	0.100	1.234	1.262	1.397	0.232	1.364	1.271	0.102	1.705	1.036	0.080	0.079	0.078	0.080	0.079	0.080	0.080	0.080	0.080	0.080	0.080	0.080	0.080
21:40:01	0.080	0.080	0.081	0.079	0.080	0.080	0.080	0.080	0.081	0.081	0.081	0.080	0.081	0.100	1.351	1.318	1.314	0.193	1.671	1.409	0.187	1.627	1.072	0.081	0.080	0.100	1.273	1.297	1.321	0.256	1.384	1.435	0.151	1.711	1.139	0.081	0.080	0.100	1.333	1.303	1.302	0.099	1.268	1.251	0.125	1.120	1.107	0.079	0.080	0.100	1.346	1.336	1.340	0.156	1.315	1.082	0.117	1.190	1.625	0.080	0.080	0.100	1.266	1.240	1.283	0.119	1.871	1.159	0.125	1.794	1.403	0.079	0.079	0.100	1.236	1.264	1.401	0.237	1.358	1.278	0.102	1.708	1.037	0.080	0.080	0.078	0.080	0.080	0.080	0.080	0.080	0.080	0.080	0.080	0.080	0.080
21:50:01	0.080	0.080	0.081	0.080	0.081	0.080	0.080	0.081	0.081	0.081	0.082	0.081	0.081	0.100	1.355	1.322	1.316	0.200	1.668	1.421	0.186	1.624	1.080	0.080	0.081	0.100	1.278	1.297	1.318	0.259	1.387	1.449	0.151	1.706	1.144	0.080	0.081	0.100	1.332	1.303	1.301	0.099	1.263	1.266	0.125	1.119	1.111	0.079	0.081	0.100	1.345	1.340	1.342	0.160	1.272	1.088	0.117	1.188	1.617	0.080	0.080	0.100	1.267	1.241	1.278	0.120	1.865	1.168	0.126	1.788	1.413	0.080	0.079	0.100	1.239	1.264	1.404	0.245	1.361	1.283	0.103	1.701	1.028	0.080	0.080	0.078	0.080	0.080	0.080	0.081	0.080	0.080	0.080	0.080	0.079	0.080
22:00:01	0.079	0.080	0.081	0.079	0.080	0.080	0.080	0.080	0.081	0.081	0.081	0.080	0.081	0.100	1.359	1.326	1.320	0.206	1.669	1.413	0.189	1.628	1.084	0.080	0.080	0.100	1.276	1.300	1.323	0.263	1.388	1.451	0.153	1.710	1.143	0.079	0.080	0.100	1.332	1.304	1.302	0.099	1.265	1.270	0.126	1.119	1.116	0.079	0.080	0.100	1.348	1.338	1.343	0.164	1.286	1.090	0.118	1.187	1.624	0.080	0.080	0.100	1.269	1.243	1.282	0.121	1.866	1.176	0.127	1.792	1.420	0.079	0.079	0.100	1.238	1.266	1.410	0.245	1.356	1.281	0.103	1.707	1.026	0.080	0.079	0.078	0.080	0.079	0.080	0.081	0.080	0.080	0.080	0.080	0.079	0.080
22:10:01	0.080	0.080	0.081	0.079	0.080	0.080	0.080	0.080	0.081	0.081	0.081	0.080	0.081	0.099	1.364	1.331	1.324	0.209	1.674	1.416	0.190	1.630	1.088	0.080	0.080	0.100	1.277	1.304	1.326	0.270	1.389	1.442	0.154	1.713	1.143	0.079	0.080	0.100	1.332	1.305	1.303	0.099	1.272	1.272	0.126	1.117	1.124	0.079	0.080	0.100	1.349	1.337	1.344	0.164	1.304	1.095	0.118	1.185	1.626	0.080	0.080	0.100	1.272	1.246	1.284	0.122	1.874	1.175	0.127	1.797	1.425	0.079	0.079	0.100	1.238	1.268	1.413	0.247	1.351	1.285	0.103	1.711	1.024	0.080	0.079	0.078	0.080	0.079	0.080	0.080	0.080	0.080	0.080	0.079	0.079	0.080
22:20:01	0.080	0.080	0.081	0.080	0.080	0.080	0.080	0.080	0.081	0.081	0.081	0.080	0.081	0.100	1.369	1.336	1.327	0.217	1.675	1.426	0.191	1.629	1.091	0.080	0.080	0.100	1.280	1.306	1.326	0.276	1.392	1.448	0.154	1.711	1.145	0.079	0.080	0.100	1.332	1.305	1.304	0.099	1.274	1.280	0.127	1.116	1.127	0.079	0.081	0.101	1.350	1.338	1.346	0.167	1.290	1.099	0.119	1.182	1.622	0.080	0.080	0.100	1.273	1.248	1.283	0.123	1.875	1.176	0.127	1.796	1.433	0.079	0.079	0.101	1.242	1.270	1.417	0.252	1.350	1.291	0.103	1.708	1.024	0.080	0.080	0.078	0.080	0.079	0.080	0.081	0.080	0.080	0.080	0.079	0.079	0.080
22:30:01	0.080	0.080	0.081	0.080	0.080	0.080	0.080	0.080	0.081	0.081	0.081	0.080	0.081	0.100	1.372	1.341	1.330	0.221	1.672	1.423	0.193	1.629	1.096	0.080	0.081	0.100	1.282	1.308	1.329	0.282	1.394	1.459	0.156	1.710	1.145	0.079	0.081	0.100	1.331	1.305	1.304	0.099	1.270	1.288	0.127	1.116	1.131	0.079	0.081	0.101	1.352	1.340	1.348	0.167	1.277	1.103	0.119	1.181	1.622	0.080	0.081	0.100	1.274	1.249	1.283	0.124	1.871	1.173	0.128	1.795	1.439	0.080	0.080	0.100	1.244	1.272	1.421	0.257	1.349	1.294	0.103	1.708	1.022	0.080	0.080	0.078	0.080	0.079	0.080	0.081	0.080	0.080	0.080	0.080	0.079	0.079
22:40:01	0.080	0.080	0.081	0.080	0.080	0.080	0.080	0.080	0.081	0.081	0.081	0.080	0.081	0.100	1.375	1.347	1.335	0.227	1.678	1.418	0.195	1.633	1.097	0.080	0.081	0.100	1.282	1.313	1.334	0.285	1.393	1.446	0.157	1.716	1.143	0.080	0.081	0.100	1.333	1.305	1.306	0.099	1.276	1.286	0.128	1.115	1.138	0.079	0.081	0.100	1.353	1.338	1.348	0.169	1.306	1.103	0.119	1.179	1.628	0.080	0.080	0.100	1.277	1.251	1.287	0.124	1.880	1.167	0.128	1.802	1.444	0.080	0.079	0.100	1.244	1.275	1.425	0.256	1.344	1.295	0.103	1.717	1.020	0.080	0.080	0.078	0.080	0.079	0.080	0.080	0.080	0.080	0.080	0.080	0.079	0.079
22:50:01	0.080	0.080	0.081	0.079	0.080	0.080	0.080	0.080	0.081	0.081	0.081	0.080	0.081	0.100	1.381	1.353	1.339	0.232	1.676	1.426	0.196	1.633	1.103	0.080	0.080	0.100	1.285	1.315	1.333	0.293	1.395	1.460	0.158	1.713	1.144	0.080	0.080	0.100	1.332	1.306	1.306	0.099	1.273	1.297	0.128	1.115	1.140	0.079	0.080	0.100	1.355	1.340	1.350	0.173	1.284	1.107	0.120	1.178	1.625	0.080	0.080	0.100	1.279	1.252	1.286	0.126	1.876	1.171	0.129	1.800	1.449	0.080	0.079	0.100	1.246	1.277	1.428	0.261	1.345	1.302	0.104	1.714	1.017	0.080	0.080	0.078	0.080	0.079	0.080	0.080	0.080	0.080	0.080	0.080	0.079	0.079
23:00:01	0.080	0.080	0.081	0.080	0.081	0.080	0.080	0.080	0.081	0.081	0.082	0.081	0.081	0.100	1.387	1.361	1.343	0.241	1.681	1.432	0.197	1.635	1.105	0.081	0.081	0.100	1.286	1.319	1.336	0.298	1.397	1.447	0.158	1.717	1.143	0.080	0.081	0.100	1.332	1.307	1.307	0.099	1.280	1.299	0.129	1.113	1.144	0.080	0.081	0.101	1.355	1.338	1.351	0.174	1.299	1.111	0.120	1.176	1.627	0.081	0.081	0.100	1.283	1.255	1.289	0.126	1.886	1.170	0.130	1.806	1.455	0.080	0.080	0.101	1.246	1.279	1.431	0.263	1.340	1.306	0.104	1.719	1.019	0.080	0.080	0.078	0.080	0.080	0.081	0.080	0.081	0.080	0.080	0.080	0.080	0.079
23:10:01	0.080	0.080	0.081	0.080	0.080	0.080	0.080	0.080	0.081	0.081	0.081	0.081	0.081	0.100	1.391	1.368	1.347	0.247	1.680	1.432	0.200	1.637	1.108	0.080	0.081	0.100	1.288	1.321	1.339	0.302	1.399	1.453	0.159	1.716	1.142	0.080	0.081	0.100	1.332	1.308	1.308	0.099	1.276	1.308	0.130	1.113	1.145	0.080	0.081	0.101	1.357	1.339	1.352	0.177	1.281	1.113	0.121	1.175	1.628	0.080	0.081	0.100	1.285	1.257	1.289	0.128	1.882	1.176	0.131	1.804	1.458	0.080	0.080	0.100	1.247	1.280	1.436	0.270	1.340	1.308	0.104	1.719	1.014	0.080	0.080	0.078	0.080	0.080	0.081	0.080	0.080	0.080	0.080	0.080	0.080	0.079
23:20:01	0.080	0.080	0.081	0.080	0.080	0.080	0.080	0.080	0.081	0.081	0.081	0.080	0.081	0.099	1.396	1.378	1.351	0.252	1.681	1.435	0.202	1.637	1.111	0.080	0.080	0.100	1.290	1.323	1.341	0.305	1.400	1.452	0.160	1.717	1.140	0.080	0.080	0.100	1.333	1.308	1.308	0.099	1.279	1.313	0.130	1.112	1.147	0.079	0.080	0.100	1.358	1.339	1.353	0.180	1.281	1.117	0.121	1.173	1.628	0.080	0.080	0.100	1.287	1.259	1.289	0.129	1.884	1.183	0.131	1.806	1.463	0.080	0.080	0.100	1.248	1.282	1.439	0.274	1.337	1.314	0.104	1.721	1.012	0.080	0.079	0.078	0.080	0.079	0.080	0.080	0.080	0.080	0.080	0.080	0.079	0.079
23:30:01	0.080	0.080	0.081	0.080	0.081	0.080	0.080	0.080	0.081	0.081	0.081	0.081	0.081	0.099	1.399	1.388	1.356	0.255	1.683	1.431	0.204	1.640	1.113	0.080	0.081	0.099	1.291	1.326	1.343	0.308	1.401	1.453	0.161	1.720	1.140	0.080	0.081	0.100	1.333	1.309	1.309	0.099	1.282	1.317	0.130	1.112	1.151	0.080	0.081	0.100	1.359	1.340	1.354	0.180	1.285	1.119	0.121	1.172	1.631	0.080	0.080	0.100	1.290	1.260	1.290	0.129	1.886	1.182	0.131	1.809	1.468	0.080	0.080	0.100	1.249	1.284	1.443	0.289	1.335	1.318	0.104	1.724	1.009	0.080	0.079	0.078	0.080	0.079	0.079	0.080	0.080	0.080	0.080	0.080	0.079	0.079
23:40:01	0.080	0.080	0.081	0.080	0.080	0.080	0.080	0.080	0.081	0.081	0.081	0.080	0.081	0.100	1.408	1.405	1.361	0.259	1.686	1.447	0.206	1.640	1.114	0.080	0.081	0.100	1.295	1.328	1.343	0.312	1.404	1.447	0.160	1.720	1.141	0.080	0.080	0.100	1.333	1.310	1.309	0.099	1.291	1.321	0.131	1.110	1.152	0.080	0.081	0.100	1.359	1.338	1.356	0.181	1.283	1.125	0.121	1.169	1.627	0.080	0.080	0.100	1.292	1.263	1.290	0.130	1.893	1.186	0.131	1.811	1.471	0.080	0.080	0.100	1.252	1.285	1.446	0.309	1.333	1.328	0.105	1.723	1.010	0.080	0.079	0.078	0.080	0.080	0.079	0.080	0.080	0.080	0.080	0.080	0.080	0.079
23:50:01	0.080	0.080	0.081	0.080	0.080	0.080	0.080	0.080	0.081	0.081	0.081	0.080	0.081	0.099	1.412	1.415	1.365	0.260	1.684	1.444	0.210	1.640	1.118	0.080	0.081	0.099	1.296	1.330	1.345	0.319	1.405	1.460	0.162	1.720	1.139	0.080	0.080	0.100	1.333	1.308	1.310	0.099	1.288	1.331	0.132	1.111	1.151	0.079	0.080	0.100	1.361	1.340	1.357	0.183	1.270	1.126	0.122	1.169	1.628	0.080	0.080	0.100	1.294	1.265	1.290	0.131	1.887	1.185	0.132	1.810	1.475	0.080	0.079	0.100	1.253	1.287	1.450	0.316	1.328	1.333	0.105	1.724	1.002	0.080	0.079	0.078	0.080	0.079	0.079	0.080	0.079	0.079	0.080	0.079	0.079	0.079
24:00:01	0.080	0.080	0.081	0.080	0.080	0.080	0.080	0.080	0.081	0.080	0.081	0.080	0.081	0.099	1.418	1.433	1.372	0.263	1.689	1.447	0.213	1.643	1.119	0.080	0.080	0.100	1.297	1.333	1.348	0.322	1.408	1.451	0.164	1.723	1.139	0.080	0.080	0.100	1.334	1.308	1.311	0.099	1.298	1.333	0.132	1.110	1.153	0.079	0.080	0.100	1.362	1.339	1.357	0.186	1.284	1.128	0.122	1.167	1.630	0.080	0.080	0.100	1.297	1.267	1.293	0.132	1.895	1.184	0.132	1.815	1.480	0.080	0.079	0.100	1.254	1.289	1.454	0.324	1.325	1.339	0.106	1.728	1.008	0.080	0.079	0.078	0.080	0.079	0.079	0.080	0.079	0.080	0.080	0.080	0.079	0.079

