Field Group

Plate Comment:	
Procedure Summary
  Plate Type:              Corning 96 well for LogPhase600
  Plate Number:            3
  Discontinuous Kinetics:  Runtime 01:00:00 (D:HH:MM), Interval 00:10:00 (HH:MM:SS), 145 Reads (max)
  Read:                    600 nm
  Incubator:               On
    Temperature setpoint:  37 °C
    Temperature gradient:  On
  Shaking:                 Off		
			
			

600

Time	A1	A2	A3	A4	A5	A6	A7	A8	A9	A10	A11	A12	B1	B2	B3	B4	B5	B6	B7	B8	B9	B10	B11	B12	C1	C2	C3	C4	C5	C6	C7	C8	C9	C10	C11	C12	D1	D2	D3	D4	D5	D6	D7	D8	D9	D10	D11	D12	E1	E2	E3	E4	E5	E6	E7	E8	E9	E10	E11	E12	F1	F2	F3	F4	F5	F6	F7	F8	F9	F10	F11	F12	G1	G2	G3	G4	G5	G6	G7	G8	G9	G10	G11	G12	H1	H2	H3	H4	H5	H6	H7	H8	H9	H10	H11	H12
0:00:00	0.080	0.080	0.081	0.079	0.081	0.080	0.081	0.079	0.079	0.080	0.079	0.080	0.116	0.104	0.192	0.170	0.178	0.105	0.152	0.235	0.104	0.210	0.112	0.079	0.080	0.102	0.184	0.178	0.174	0.103	0.137	0.199	0.107	0.213	0.108	0.079	0.079	0.108	0.139	0.172	0.119	0.111	0.135	0.174	0.104	0.238	0.111	0.079	0.079	0.102	0.187	0.190	0.146	0.118	0.131	0.170	0.104	0.189	0.108	0.079	0.080	0.102	0.177	0.167	0.199	0.105	0.184	0.119	0.106	0.180	0.112	0.079	0.079	0.102	0.208	0.169	0.171	0.108	0.156	0.203	0.106	0.179	0.111	0.079	0.079	0.079	0.080	0.078	0.080	0.080	0.080	0.080	0.079	0.080	0.080	0.080
0:10:00	0.080	0.080	0.081	0.079	0.081	0.080	0.081	0.079	0.079	0.080	0.079	0.080	0.117	0.104	0.188	0.195	0.222	0.104	0.186	0.214	0.104	0.228	0.113	0.079	0.081	0.103	0.176	0.178	0.184	0.103	0.142	0.189	0.107	0.228	0.109	0.079	0.079	0.109	0.146	0.182	0.125	0.111	0.140	0.163	0.104	0.228	0.111	0.079	0.079	0.102	0.185	0.182	0.151	0.118	0.133	0.164	0.104	0.208	0.107	0.079	0.080	0.102	0.183	0.167	0.192	0.105	0.186	0.124	0.106	0.202	0.112	0.079	0.079	0.102	0.209	0.172	0.161	0.108	0.158	0.203	0.105	0.175	0.111	0.079	0.079	0.079	0.080	0.078	0.080	0.080	0.080	0.080	0.079	0.080	0.080	0.079
0:20:00	0.080	0.080	0.081	0.079	0.080	0.080	0.081	0.079	0.078	0.080	0.079	0.080	0.116	0.104	0.198	0.204	0.220	0.104	0.186	0.205	0.104	0.228	0.114	0.079	0.080	0.103	0.191	0.179	0.190	0.103	0.147	0.183	0.106	0.222	0.109	0.079	0.079	0.109	0.161	0.183	0.134	0.114	0.144	0.158	0.103	0.230	0.112	0.079	0.079	0.102	0.184	0.171	0.156	0.121	0.139	0.155	0.104	0.213	0.105	0.079	0.080	0.101	0.192	0.178	0.187	0.106	0.188	0.133	0.105	0.194	0.112	0.079	0.079	0.102	0.212	0.174	0.159	0.108	0.155	0.199	0.105	0.176	0.112	0.079	0.079	0.079	0.080	0.078	0.079	0.080	0.080	0.080	0.079	0.079	0.079	0.079
0:30:00	0.080	0.080	0.081	0.079	0.080	0.080	0.081	0.079	0.079	0.079	0.079	0.080	0.115	0.104	0.196	0.209	0.216	0.105	0.197	0.205	0.104	0.237	0.115	0.079	0.080	0.103	0.201	0.178	0.182	0.103	0.160	0.180	0.106	0.215	0.110	0.079	0.079	0.109	0.171	0.188	0.149	0.118	0.154	0.164	0.103	0.232	0.112	0.079	0.079	0.102	0.183	0.173	0.162	0.120	0.146	0.157	0.105	0.199	0.106	0.079	0.080	0.102	0.193	0.185	0.179	0.106	0.185	0.148	0.105	0.188	0.114	0.079	0.079	0.102	0.209	0.185	0.167	0.108	0.159	0.191	0.105	0.182	0.112	0.079	0.079	0.079	0.081	0.078	0.080	0.080	0.080	0.080	0.079	0.080	0.080	0.080
0:40:00	0.080	0.080	0.081	0.079	0.081	0.080	0.081	0.079	0.079	0.080	0.079	0.080	0.116	0.104	0.202	0.208	0.212	0.104	0.198	0.199	0.105	0.233	0.116	0.079	0.080	0.103	0.198	0.181	0.178	0.103	0.166	0.178	0.106	0.220	0.111	0.079	0.079	0.109	0.170	0.188	0.149	0.117	0.160	0.164	0.103	0.234	0.111	0.079	0.079	0.102	0.185	0.174	0.160	0.119	0.151	0.161	0.104	0.196	0.107	0.079	0.080	0.102	0.194	0.184	0.181	0.106	0.182	0.154	0.105	0.193	0.115	0.079	0.079	0.102	0.210	0.192	0.164	0.108	0.160	0.189	0.104	0.181	0.113	0.079	0.079	0.079	0.080	0.078	0.080	0.080	0.080	0.080	0.079	0.080	0.080	0.079
0:50:00	0.080	0.080	0.081	0.079	0.081	0.080	0.081	0.079	0.079	0.080	0.079	0.080	0.116	0.104	0.205	0.208	0.211	0.105	0.203	0.198	0.105	0.231	0.115	0.079	0.080	0.103	0.197	0.185	0.176	0.104	0.171	0.177	0.106	0.221	0.111	0.079	0.079	0.109	0.172	0.185	0.155	0.117	0.161	0.163	0.103	0.230	0.111	0.079	0.079	0.102	0.187	0.172	0.160	0.118	0.155	0.160	0.104	0.197	0.107	0.079	0.080	0.102	0.194	0.182	0.183	0.106	0.185	0.159	0.105	0.196	0.115	0.079	0.079	0.102	0.213	0.196	0.166	0.108	0.164	0.190	0.104	0.188	0.112	0.079	0.079	0.079	0.080	0.078	0.080	0.080	0.080	0.080	0.079	0.080	0.080	0.080
1:00:00	0.080	0.079	0.081	0.079	0.080	0.080	0.081	0.079	0.079	0.080	0.079	0.080	0.116	0.104	0.209	0.207	0.215	0.105	0.208	0.198	0.105	0.231	0.115	0.079	0.080	0.103	0.201	0.187	0.176	0.103	0.176	0.179	0.106	0.223	0.112	0.079	0.079	0.108	0.176	0.185	0.161	0.117	0.163	0.163	0.103	0.227	0.112	0.079	0.079	0.102	0.189	0.174	0.161	0.118	0.159	0.160	0.104	0.199	0.106	0.079	0.080	0.102	0.195	0.184	0.181	0.105	0.188	0.163	0.105	0.198	0.115	0.079	0.079	0.102	0.216	0.201	0.171	0.108	0.168	0.191	0.104	0.197	0.114	0.079	0.079	0.079	0.080	0.078	0.080	0.080	0.080	0.080	0.079	0.080	0.080	0.080
1:10:00	0.080	0.080	0.081	0.079	0.081	0.080	0.081	0.079	0.079	0.080	0.079	0.080	0.116	0.104	0.212	0.209	0.218	0.105	0.210	0.197	0.104	0.230	0.115	0.079	0.080	0.103	0.203	0.189	0.177	0.104	0.179	0.181	0.106	0.224	0.112	0.079	0.079	0.109	0.177	0.187	0.164	0.118	0.166	0.165	0.103	0.227	0.112	0.079	0.079	0.102	0.192	0.176	0.161	0.119	0.163	0.160	0.105	0.200	0.107	0.079	0.080	0.102	0.196	0.186	0.181	0.105	0.189	0.164	0.105	0.197	0.116	0.079	0.079	0.102	0.219	0.203	0.172	0.108	0.169	0.192	0.104	0.201	0.113	0.079	0.079	0.079	0.080	0.078	0.080	0.080	0.080	0.080	0.079	0.080	0.080	0.080
1:20:00	0.080	0.080	0.081	0.079	0.081	0.080	0.081	0.079	0.079	0.080	0.079	0.080	0.116	0.104	0.216	0.213	0.220	0.105	0.212	0.196	0.104	0.227	0.114	0.079	0.080	0.103	0.209	0.191	0.179	0.104	0.180	0.181	0.106	0.225	0.112	0.079	0.079	0.109	0.181	0.189	0.167	0.118	0.168	0.170	0.103	0.227	0.111	0.079	0.079	0.103	0.194	0.179	0.162	0.120	0.166	0.160	0.105	0.202	0.107	0.079	0.080	0.102	0.198	0.190	0.182	0.105	0.191	0.163	0.105	0.200	0.117	0.079	0.079	0.102	0.221	0.205	0.171	0.107	0.169	0.193	0.104	0.204	0.114	0.079	0.079	0.079	0.080	0.078	0.080	0.080	0.080	0.080	0.079	0.080	0.080	0.080
1:30:00	0.080	0.080	0.081	0.079	0.081	0.080	0.081	0.079	0.079	0.080	0.079	0.080	0.115	0.104	0.220	0.216	0.222	0.105	0.214	0.197	0.104	0.227	0.114	0.079	0.080	0.103	0.212	0.193	0.183	0.103	0.182	0.182	0.107	0.227	0.113	0.079	0.079	0.109	0.185	0.191	0.169	0.119	0.170	0.172	0.103	0.228	0.112	0.079	0.079	0.103	0.196	0.181	0.164	0.121	0.167	0.161	0.105	0.204	0.107	0.079	0.080	0.102	0.200	0.194	0.184	0.105	0.191	0.164	0.105	0.201	0.118	0.079	0.079	0.102	0.224	0.208	0.173	0.107	0.171	0.195	0.104	0.210	0.115	0.079	0.079	0.079	0.080	0.078	0.080	0.080	0.080	0.080	0.079	0.080	0.080	0.080
1:40:00	0.080	0.080	0.081	0.079	0.081	0.080	0.081	0.079	0.079	0.080	0.079	0.080	0.115	0.104	0.223	0.220	0.225	0.105	0.216	0.198	0.104	0.227	0.114	0.079	0.080	0.103	0.214	0.198	0.185	0.103	0.184	0.182	0.106	0.229	0.114	0.079	0.079	0.109	0.188	0.193	0.172	0.119	0.172	0.172	0.103	0.230	0.112	0.079	0.079	0.102	0.200	0.185	0.167	0.121	0.168	0.162	0.105	0.206	0.108	0.079	0.080	0.102	0.201	0.194	0.186	0.105	0.192	0.164	0.105	0.203	0.118	0.079	0.079	0.102	0.227	0.211	0.175	0.107	0.173	0.197	0.104	0.215	0.116	0.079	0.079	0.079	0.080	0.078	0.080	0.080	0.080	0.080	0.080	0.080	0.080	0.080
1:50:00	0.080	0.080	0.081	0.079	0.081	0.080	0.081	0.079	0.079	0.080	0.079	0.080	0.116	0.103	0.225	0.221	0.228	0.105	0.218	0.201	0.104	0.228	0.115	0.079	0.080	0.102	0.218	0.198	0.188	0.103	0.185	0.183	0.106	0.228	0.115	0.079	0.079	0.108	0.190	0.195	0.176	0.121	0.174	0.171	0.103	0.234	0.113	0.079	0.079	0.102	0.201	0.190	0.169	0.122	0.171	0.162	0.104	0.207	0.108	0.079	0.080	0.102	0.204	0.196	0.189	0.105	0.194	0.166	0.105	0.205	0.119	0.079	0.079	0.102	0.230	0.213	0.179	0.107	0.176	0.198	0.104	0.219	0.116	0.079	0.079	0.079	0.080	0.078	0.080	0.080	0.080	0.080	0.079	0.080	0.080	0.080
2:00:00	0.080	0.080	0.081	0.079	0.081	0.080	0.081	0.079	0.079	0.080	0.079	0.080	0.116	0.104	0.228	0.224	0.231	0.105	0.220	0.202	0.104	0.229	0.116	0.079	0.081	0.103	0.222	0.202	0.189	0.103	0.188	0.184	0.107	0.230	0.116	0.079	0.079	0.108	0.195	0.197	0.180	0.122	0.176	0.172	0.103	0.235	0.113	0.079	0.079	0.102	0.204	0.193	0.172	0.123	0.173	0.164	0.104	0.209	0.110	0.079	0.080	0.102	0.205	0.196	0.191	0.105	0.195	0.167	0.105	0.207	0.120	0.079	0.079	0.102	0.233	0.216	0.182	0.107	0.178	0.199	0.104	0.225	0.116	0.079	0.079	0.079	0.080	0.078	0.080	0.080	0.080	0.080	0.080	0.080	0.080	0.080
2:10:00	0.080	0.080	0.081	0.079	0.080	0.080	0.081	0.079	0.079	0.080	0.079	0.080	0.115	0.104	0.233	0.226	0.234	0.104	0.222	0.203	0.104	0.229	0.117	0.079	0.080	0.103	0.227	0.206	0.191	0.103	0.189	0.186	0.107	0.231	0.117	0.079	0.079	0.109	0.200	0.201	0.182	0.123	0.178	0.172	0.103	0.237	0.114	0.079	0.079	0.102	0.205	0.195	0.173	0.124	0.175	0.166	0.104	0.213	0.110	0.079	0.080	0.101	0.207	0.198	0.193	0.105	0.197	0.168	0.105	0.210	0.122	0.079	0.079	0.102	0.236	0.219	0.184	0.107	0.181	0.201	0.104	0.229	0.117	0.079	0.079	0.079	0.080	0.078	0.079	0.080	0.080	0.080	0.079	0.079	0.079	0.079
2:20:00	0.080	0.080	0.081	0.079	0.081	0.080	0.081	0.079	0.079	0.080	0.079	0.080	0.115	0.104	0.235	0.227	0.235	0.105	0.223	0.204	0.104	0.227	0.118	0.079	0.080	0.103	0.230	0.209	0.193	0.103	0.192	0.187	0.107	0.232	0.119	0.079	0.079	0.109	0.203	0.204	0.184	0.124	0.180	0.174	0.103	0.240	0.114	0.079	0.079	0.102	0.208	0.199	0.177	0.125	0.178	0.168	0.104	0.214	0.111	0.079	0.080	0.102	0.209	0.205	0.197	0.105	0.200	0.169	0.105	0.213	0.124	0.079	0.079	0.102	0.241	0.222	0.186	0.107	0.183	0.203	0.104	0.235	0.118	0.079	0.080	0.080	0.081	0.078	0.080	0.080	0.080	0.080	0.080	0.080	0.080	0.080
2:30:00	0.080	0.080	0.081	0.079	0.081	0.080	0.081	0.079	0.079	0.080	0.079	0.080	0.116	0.104	0.237	0.230	0.237	0.105	0.225	0.205	0.104	0.229	0.118	0.079	0.080	0.103	0.233	0.212	0.195	0.103	0.194	0.189	0.107	0.232	0.120	0.079	0.079	0.109	0.207	0.207	0.189	0.124	0.183	0.175	0.103	0.242	0.116	0.079	0.079	0.102	0.212	0.202	0.179	0.125	0.181	0.169	0.104	0.216	0.113	0.079	0.080	0.101	0.211	0.208	0.201	0.105	0.202	0.171	0.105	0.215	0.126	0.079	0.079	0.102	0.244	0.223	0.188	0.107	0.186	0.205	0.104	0.241	0.119	0.079	0.079	0.079	0.080	0.078	0.080	0.080	0.080	0.080	0.079	0.080	0.080	0.080
2:40:00	0.080	0.080	0.081	0.079	0.081	0.081	0.081	0.079	0.079	0.080	0.079	0.080	0.116	0.104	0.241	0.232	0.241	0.105	0.228	0.206	0.104	0.230	0.119	0.079	0.081	0.103	0.236	0.214	0.197	0.103	0.197	0.191	0.107	0.233	0.122	0.079	0.079	0.109	0.212	0.211	0.195	0.125	0.186	0.177	0.103	0.245	0.117	0.079	0.079	0.103	0.218	0.208	0.183	0.126	0.184	0.171	0.105	0.219	0.115	0.079	0.080	0.102	0.215	0.214	0.204	0.105	0.204	0.173	0.106	0.217	0.128	0.079	0.079	0.102	0.248	0.227	0.192	0.108	0.190	0.208	0.104	0.245	0.121	0.079	0.080	0.080	0.081	0.078	0.080	0.080	0.080	0.080	0.080	0.080	0.080	0.080
2:50:00	0.080	0.080	0.081	0.079	0.081	0.080	0.081	0.079	0.079	0.080	0.079	0.080	0.116	0.104	0.245	0.234	0.245	0.105	0.232	0.207	0.104	0.233	0.120	0.079	0.081	0.103	0.240	0.216	0.200	0.103	0.201	0.194	0.107	0.232	0.124	0.079	0.079	0.109	0.215	0.213	0.200	0.126	0.190	0.179	0.103	0.247	0.119	0.079	0.079	0.102	0.224	0.212	0.188	0.126	0.188	0.174	0.105	0.220	0.116	0.079	0.080	0.102	0.219	0.218	0.207	0.105	0.206	0.176	0.106	0.220	0.128	0.079	0.079	0.102	0.253	0.231	0.197	0.108	0.194	0.209	0.104	0.251	0.122	0.079	0.080	0.080	0.081	0.079	0.080	0.080	0.080	0.080	0.080	0.080	0.080	0.080
3:00:00	0.080	0.080	0.081	0.079	0.081	0.080	0.081	0.079	0.079	0.080	0.079	0.080	0.116	0.104	0.251	0.236	0.250	0.105	0.235	0.208	0.104	0.235	0.121	0.079	0.081	0.103	0.242	0.221	0.204	0.103	0.203	0.196	0.107	0.232	0.125	0.079	0.079	0.109	0.220	0.216	0.203	0.126	0.193	0.180	0.103	0.250	0.119	0.079	0.079	0.102	0.231	0.216	0.193	0.126	0.192	0.177	0.105	0.221	0.117	0.079	0.080	0.102	0.222	0.222	0.210	0.105	0.208	0.179	0.106	0.222	0.129	0.079	0.079	0.102	0.257	0.235	0.202	0.108	0.197	0.212	0.104	0.257	0.123	0.079	0.079	0.079	0.080	0.078	0.080	0.080	0.080	0.080	0.079	0.080	0.080	0.080
3:10:00	0.080	0.080	0.081	0.079	0.081	0.081	0.081	0.080	0.079	0.080	0.079	0.080	0.116	0.104	0.256	0.239	0.254	0.105	0.237	0.209	0.104	0.234	0.121	0.079	0.081	0.103	0.244	0.225	0.206	0.103	0.206	0.198	0.107	0.232	0.126	0.079	0.079	0.109	0.227	0.220	0.208	0.127	0.197	0.183	0.103	0.252	0.120	0.079	0.079	0.103	0.234	0.221	0.196	0.127	0.195	0.181	0.105	0.225	0.118	0.079	0.080	0.102	0.226	0.225	0.215	0.105	0.212	0.182	0.106	0.225	0.130	0.079	0.079	0.102	0.263	0.239	0.205	0.108	0.201	0.215	0.105	0.263	0.124	0.079	0.080	0.080	0.081	0.078	0.080	0.080	0.080	0.080	0.080	0.080	0.080	0.080
3:20:00	0.080	0.080	0.081	0.079	0.081	0.080	0.081	0.079	0.079	0.080	0.079	0.080	0.115	0.104	0.259	0.242	0.256	0.105	0.240	0.210	0.104	0.236	0.121	0.079	0.080	0.103	0.246	0.229	0.209	0.103	0.210	0.200	0.107	0.232	0.126	0.079	0.079	0.109	0.233	0.223	0.212	0.127	0.200	0.185	0.103	0.253	0.120	0.079	0.079	0.102	0.239	0.224	0.200	0.127	0.198	0.184	0.105	0.226	0.119	0.079	0.080	0.102	0.229	0.229	0.218	0.105	0.215	0.185	0.106	0.230	0.130	0.079	0.079	0.102	0.268	0.243	0.210	0.108	0.204	0.218	0.104	0.272	0.124	0.079	0.079	0.079	0.080	0.078	0.080	0.080	0.080	0.080	0.080	0.080	0.080	0.080
3:30:00	0.080	0.080	0.081	0.079	0.081	0.080	0.081	0.079	0.079	0.080	0.079	0.080	0.114	0.103	0.269	0.243	0.259	0.105	0.244	0.213	0.104	0.237	0.122	0.079	0.080	0.102	0.255	0.233	0.211	0.103	0.214	0.203	0.107	0.233	0.127	0.079	0.079	0.108	0.240	0.225	0.217	0.126	0.205	0.188	0.103	0.255	0.121	0.079	0.079	0.102	0.244	0.229	0.204	0.128	0.203	0.187	0.105	0.228	0.120	0.079	0.080	0.101	0.232	0.233	0.222	0.104	0.218	0.188	0.106	0.232	0.130	0.079	0.079	0.102	0.273	0.246	0.219	0.108	0.209	0.221	0.104	0.276	0.124	0.079	0.079	0.079	0.080	0.079	0.080	0.080	0.080	0.080	0.080	0.080	0.080	0.080
3:40:00	0.081	0.080	0.081	0.079	0.081	0.081	0.081	0.080	0.079	0.080	0.079	0.080	0.116	0.104	0.274	0.247	0.262	0.105	0.246	0.214	0.105	0.236	0.122	0.080	0.081	0.103	0.258	0.236	0.214	0.103	0.218	0.206	0.107	0.231	0.127	0.079	0.080	0.108	0.247	0.231	0.221	0.127	0.209	0.193	0.103	0.259	0.122	0.080	0.080	0.102	0.249	0.234	0.209	0.128	0.207	0.192	0.105	0.229	0.121	0.079	0.080	0.102	0.237	0.239	0.228	0.105	0.223	0.193	0.106	0.236	0.131	0.079	0.079	0.102	0.280	0.251	0.224	0.108	0.213	0.226	0.105	0.289	0.126	0.079	0.080	0.080	0.081	0.079	0.080	0.080	0.080	0.080	0.080	0.080	0.080	0.080
3:50:00	0.081	0.080	0.081	0.079	0.081	0.081	0.081	0.080	0.079	0.080	0.079	0.081	0.117	0.104	0.283	0.253	0.264	0.104	0.251	0.218	0.105	0.238	0.123	0.080	0.081	0.103	0.263	0.240	0.219	0.103	0.222	0.211	0.107	0.233	0.128	0.080	0.080	0.109	0.254	0.235	0.227	0.128	0.215	0.197	0.103	0.263	0.122	0.079	0.079	0.102	0.257	0.239	0.214	0.129	0.211	0.197	0.105	0.232	0.122	0.080	0.080	0.101	0.241	0.247	0.234	0.105	0.227	0.199	0.106	0.240	0.131	0.079	0.079	0.102	0.285	0.259	0.232	0.108	0.218	0.230	0.105	0.301	0.126	0.079	0.080	0.080	0.081	0.078	0.080	0.080	0.080	0.080	0.079	0.080	0.080	0.080
4:00:00	0.080	0.080	0.081	0.079	0.081	0.080	0.081	0.079	0.079	0.080	0.079	0.080	0.114	0.104	0.290	0.256	0.268	0.105	0.256	0.220	0.105	0.239	0.123	0.079	0.081	0.102	0.269	0.243	0.224	0.103	0.228	0.215	0.107	0.233	0.128	0.079	0.079	0.108	0.261	0.239	0.233	0.127	0.220	0.202	0.103	0.267	0.123	0.079	0.079	0.102	0.261	0.246	0.219	0.129	0.217	0.202	0.105	0.234	0.122	0.079	0.080	0.101	0.246	0.252	0.239	0.105	0.231	0.202	0.106	0.243	0.132	0.079	0.079	0.102	0.289	0.267	0.242	0.108	0.223	0.234	0.104	0.307	0.126	0.079	0.079	0.079	0.080	0.078	0.080	0.080	0.080	0.080	0.080	0.080	0.080	0.080
4:10:00	0.080	0.080	0.081	0.079	0.081	0.081	0.081	0.080	0.079	0.080	0.079	0.080	0.116	0.104	0.305	0.260	0.272	0.105	0.263	0.224	0.105	0.242	0.124	0.079	0.081	0.103	0.278	0.249	0.229	0.103	0.234	0.220	0.107	0.234	0.129	0.079	0.080	0.109	0.269	0.245	0.240	0.128	0.228	0.207	0.103	0.272	0.124	0.080	0.079	0.102	0.269	0.253	0.226	0.130	0.222	0.209	0.105	0.237	0.123	0.079	0.080	0.101	0.249	0.257	0.246	0.105	0.238	0.207	0.106	0.250	0.133	0.079	0.079	0.102	0.295	0.275	0.256	0.109	0.230	0.240	0.105	0.317	0.127	0.079	0.080	0.080	0.081	0.078	0.080	0.080	0.080	0.080	0.080	0.080	0.080	0.080
4:20:00	0.081	0.080	0.081	0.079	0.081	0.081	0.081	0.080	0.079	0.080	0.079	0.081	0.116	0.104	0.316	0.264	0.278	0.105	0.267	0.227	0.105	0.244	0.125	0.080	0.081	0.103	0.291	0.255	0.236	0.103	0.240	0.224	0.107	0.236	0.130	0.079	0.080	0.109	0.282	0.248	0.245	0.128	0.232	0.211	0.103	0.276	0.124	0.080	0.080	0.102	0.271	0.262	0.232	0.130	0.230	0.213	0.106	0.239	0.124	0.080	0.080	0.102	0.251	0.259	0.252	0.105	0.244	0.214	0.106	0.252	0.134	0.080	0.080	0.102	0.299	0.276	0.264	0.110	0.235	0.243	0.105	0.314	0.128	0.079	0.080	0.080	0.081	0.079	0.080	0.081	0.080	0.080	0.080	0.080	0.080	0.080
4:30:00	0.080	0.080	0.081	0.079	0.081	0.081	0.081	0.080	0.079	0.080	0.079	0.080	0.116	0.104	0.320	0.272	0.287	0.106	0.278	0.233	0.105	0.249	0.125	0.079	0.081	0.103	0.299	0.262	0.243	0.103	0.249	0.230	0.107	0.237	0.131	0.079	0.079	0.108	0.296	0.254	0.254	0.128	0.243	0.218	0.103	0.285	0.126	0.080	0.079	0.102	0.281	0.269	0.240	0.130	0.239	0.222	0.106	0.244	0.125	0.079	0.080	0.102	0.254	0.264	0.263	0.105	0.254	0.221	0.106	0.259	0.135	0.079	0.079	0.102	0.309	0.289	0.270	0.110	0.244	0.251	0.105	0.329	0.129	0.079	0.080	0.080	0.081	0.079	0.080	0.080	0.080	0.080	0.080	0.080	0.080	0.080
4:40:00	0.081	0.080	0.081	0.079	0.081	0.081	0.081	0.080	0.079	0.080	0.079	0.080	0.116	0.104	0.326	0.279	0.296	0.105	0.284	0.238	0.105	0.253	0.126	0.080	0.081	0.103	0.317	0.267	0.248	0.103	0.261	0.236	0.107	0.238	0.131	0.079	0.080	0.109	0.318	0.259	0.263	0.128	0.252	0.225	0.103	0.293	0.126	0.080	0.080	0.102	0.290	0.281	0.246	0.130	0.249	0.231	0.106	0.249	0.126	0.079	0.080	0.102	0.261	0.280	0.274	0.105	0.260	0.231	0.106	0.266	0.135	0.079	0.079	0.102	0.320	0.299	0.275	0.110	0.261	0.258	0.105	0.342	0.130	0.079	0.080	0.080	0.081	0.079	0.080	0.080	0.080	0.080	0.080	0.080	0.080	0.080
4:50:00	0.081	0.080	0.081	0.079	0.081	0.081	0.081	0.080	0.079	0.080	0.079	0.081	0.116	0.104	0.327	0.284	0.303	0.105	0.290	0.244	0.105	0.256	0.126	0.080	0.081	0.103	0.327	0.276	0.255	0.103	0.274	0.244	0.107	0.239	0.131	0.079	0.080	0.109	0.336	0.264	0.269	0.129	0.259	0.232	0.103	0.300	0.127	0.080	0.079	0.102	0.296	0.288	0.256	0.131	0.258	0.237	0.106	0.253	0.127	0.079	0.080	0.102	0.269	0.288	0.283	0.105	0.269	0.238	0.107	0.271	0.136	0.079	0.079	0.102	0.327	0.305	0.279	0.110	0.267	0.264	0.105	0.357	0.130	0.079	0.080	0.080	0.081	0.079	0.080	0.080	0.080	0.080	0.080	0.080	0.080	0.080
5:00:00	0.081	0.080	0.081	0.079	0.081	0.081	0.081	0.080	0.079	0.080	0.079	0.081	0.115	0.104	0.339	0.294	0.314	0.106	0.300	0.252	0.105	0.263	0.127	0.080	0.081	0.103	0.322	0.287	0.265	0.103	0.283	0.249	0.107	0.241	0.132	0.079	0.080	0.109	0.352	0.270	0.279	0.129	0.268	0.240	0.104	0.314	0.127	0.080	0.080	0.103	0.299	0.300	0.271	0.131	0.267	0.248	0.106	0.259	0.128	0.080	0.080	0.102	0.278	0.308	0.295	0.106	0.282	0.253	0.107	0.278	0.137	0.080	0.079	0.102	0.337	0.320	0.295	0.111	0.284	0.286	0.105	0.374	0.131	0.079	0.080	0.080	0.081	0.079	0.080	0.081	0.080	0.080	0.080	0.080	0.080	0.080
5:10:00	0.080	0.080	0.081	0.079	0.081	0.080	0.081	0.079	0.079	0.080	0.079	0.080	0.114	0.104	0.353	0.307	0.332	0.105	0.308	0.255	0.105	0.265	0.127	0.079	0.081	0.103	0.325	0.299	0.278	0.103	0.293	0.251	0.107	0.243	0.132	0.079	0.079	0.108	0.403	0.276	0.283	0.129	0.287	0.244	0.103	0.320	0.128	0.080	0.079	0.102	0.323	0.319	0.276	0.131	0.275	0.259	0.106	0.262	0.128	0.080	0.080	0.101	0.288	0.325	0.305	0.105	0.295	0.257	0.107	0.281	0.137	0.079	0.079	0.102	0.341	0.344	0.310	0.111	0.286	0.309	0.105	0.373	0.132	0.079	0.080	0.080	0.080	0.079	0.080	0.080	0.080	0.080	0.080	0.080	0.080	0.080
5:20:00	0.081	0.080	0.081	0.079	0.081	0.081	0.081	0.080	0.079	0.080	0.080	0.080	0.116	0.103	0.352	0.314	0.335	0.106	0.317	0.271	0.105	0.270	0.129	0.080	0.081	0.102	0.343	0.304	0.276	0.103	0.308	0.261	0.107	0.244	0.133	0.079	0.080	0.108	0.384	0.285	0.286	0.129	0.308	0.255	0.103	0.331	0.129	0.080	0.080	0.102	0.344	0.333	0.295	0.131	0.297	0.279	0.106	0.270	0.129	0.080	0.080	0.102	0.295	0.336	0.319	0.105	0.305	0.274	0.107	0.289	0.138	0.080	0.079	0.102	0.354	0.356	0.321	0.111	0.303	0.324	0.105	0.399	0.133	0.079	0.080	0.080	0.081	0.079	0.080	0.080	0.080	0.080	0.080	0.080	0.080	0.080
5:30:00	0.081	0.080	0.081	0.079	0.081	0.081	0.081	0.080	0.079	0.080	0.080	0.081	0.117	0.104	0.380	0.326	0.340	0.106	0.323	0.285	0.106	0.278	0.129	0.080	0.081	0.103	0.360	0.316	0.281	0.103	0.328	0.274	0.107	0.247	0.133	0.080	0.080	0.108	0.376	0.294	0.308	0.130	0.329	0.271	0.103	0.355	0.129	0.080	0.080	0.102	0.352	0.333	0.317	0.132	0.319	0.307	0.107	0.282	0.130	0.080	0.080	0.102	0.305	0.341	0.353	0.106	0.323	0.289	0.107	0.302	0.139	0.080	0.080	0.102	0.369	0.362	0.334	0.112	0.321	0.340	0.105	0.417	0.134	0.079	0.080	0.080	0.081	0.079	0.080	0.081	0.080	0.080	0.080	0.080	0.080	0.080
5:40:00	0.080	0.080	0.081	0.079	0.081	0.081	0.081	0.080	0.079	0.080	0.079	0.081	0.114	0.104	0.392	0.337	0.335	0.105	0.327	0.290	0.106	0.281	0.130	0.080	0.081	0.102	0.359	0.315	0.285	0.103	0.335	0.276	0.107	0.250	0.133	0.079	0.079	0.109	0.404	0.295	0.330	0.129	0.331	0.285	0.103	0.359	0.130	0.080	0.079	0.102	0.382	0.351	0.324	0.131	0.332	0.325	0.106	0.280	0.130	0.079	0.080	0.101	0.313	0.341	0.349	0.105	0.336	0.286	0.107	0.306	0.139	0.079	0.079	0.101	0.380	0.373	0.348	0.111	0.360	0.336	0.105	0.417	0.135	0.079	0.079	0.079	0.080	0.078	0.080	0.080	0.080	0.080	0.079	0.080	0.080	0.080
5:50:00	0.081	0.080	0.081	0.079	0.081	0.081	0.081	0.080	0.079	0.080	0.079	0.081	0.114	0.104	0.406	0.367	0.366	0.106	0.346	0.362	0.106	0.291	0.131	0.080	0.081	0.103	0.379	0.327	0.308	0.103	0.356	0.309	0.107	0.254	0.134	0.079	0.080	0.108	0.396	0.306	0.346	0.130	0.337	0.307	0.104	0.379	0.131	0.080	0.080	0.102	0.407	0.362	0.346	0.132	0.345	0.331	0.107	0.293	0.131	0.080	0.080	0.102	0.329	0.357	0.356	0.106	0.365	0.307	0.107	0.332	0.140	0.080	0.079	0.102	0.402	0.390	0.355	0.112	0.390	0.366	0.105	0.427	0.136	0.079	0.080	0.080	0.081	0.079	0.080	0.081	0.080	0.080	0.080	0.080	0.081	0.080
6:00:00	0.081	0.080	0.081	0.079	0.081	0.081	0.081	0.080	0.079	0.080	0.079	0.080	0.116	0.104	0.407	0.378	0.385	0.106	0.352	0.394	0.106	0.301	0.132	0.080	0.081	0.102	0.395	0.331	0.326	0.103	0.362	0.328	0.107	0.258	0.134	0.080	0.080	0.108	0.411	0.316	0.361	0.130	0.350	0.314	0.103	0.395	0.132	0.080	0.080	0.102	0.417	0.398	0.376	0.132	0.367	0.340	0.107	0.298	0.132	0.080	0.080	0.101	0.335	0.364	0.363	0.106	0.388	0.327	0.107	0.347	0.140	0.080	0.079	0.102	0.409	0.407	0.376	0.112	0.421	0.389	0.105	0.435	0.137	0.079	0.080	0.080	0.081	0.079	0.080	0.080	0.080	0.080	0.080	0.080	0.080	0.080
6:10:00	0.081	0.080	0.081	0.079	0.081	0.081	0.081	0.080	0.079	0.080	0.080	0.080	0.115	0.104	0.412	0.383	0.373	0.106	0.370	0.363	0.107	0.310	0.133	0.080	0.081	0.103	0.404	0.346	0.326	0.103	0.361	0.323	0.107	0.261	0.135	0.080	0.080	0.108	0.430	0.323	0.366	0.130	0.356	0.327	0.104	0.384	0.134	0.080	0.080	0.102	0.413	0.391	0.374	0.132	0.386	0.353	0.107	0.304	0.133	0.080	0.080	0.101	0.344	0.372	0.362	0.106	0.389	0.337	0.107	0.346	0.141	0.080	0.079	0.102	0.418	0.422	0.373	0.112	0.399	0.386	0.105	0.437	0.138	0.079	0.080	0.080	0.081	0.079	0.080	0.081	0.080	0.080	0.080	0.080	0.080	0.080
6:20:00	0.081	0.080	0.081	0.079	0.081	0.081	0.081	0.080	0.079	0.080	0.080	0.080	0.117	0.104	0.430	0.394	0.376	0.106	0.390	0.403	0.107	0.326	0.134	0.080	0.081	0.103	0.415	0.371	0.346	0.103	0.384	0.349	0.107	0.269	0.135	0.080	0.080	0.108	0.449	0.342	0.395	0.130	0.379	0.340	0.104	0.406	0.135	0.080	0.080	0.102	0.425	0.399	0.391	0.132	0.413	0.381	0.108	0.333	0.134	0.080	0.080	0.102	0.364	0.391	0.391	0.106	0.416	0.357	0.107	0.363	0.142	0.080	0.080	0.102	0.426	0.430	0.388	0.113	0.446	0.405	0.105	0.462	0.139	0.080	0.080	0.080	0.081	0.079	0.080	0.080	0.080	0.080	0.080	0.080	0.081	0.080
6:30:00	0.081	0.080	0.081	0.079	0.081	0.081	0.081	0.080	0.079	0.080	0.080	0.080	0.116	0.104	0.467	0.408	0.404	0.106	0.405	0.415	0.107	0.326	0.135	0.080	0.081	0.103	0.431	0.383	0.355	0.103	0.421	0.366	0.107	0.278	0.136	0.080	0.080	0.108	0.488	0.346	0.415	0.130	0.407	0.366	0.104	0.423	0.136	0.080	0.080	0.102	0.459	0.425	0.439	0.132	0.450	0.396	0.108	0.345	0.135	0.080	0.080	0.101	0.367	0.403	0.404	0.106	0.444	0.373	0.107	0.380	0.141	0.080	0.079	0.102	0.431	0.435	0.406	0.113	0.479	0.443	0.105	0.463	0.140	0.079	0.080	0.080	0.081	0.079	0.080	0.080	0.080	0.080	0.080	0.080	0.081	0.080
6:40:00	0.080	0.080	0.081	0.079	0.081	0.081	0.081	0.080	0.079	0.080	0.080	0.080	0.115	0.104	0.456	0.422	0.427	0.106	0.415	0.416	0.107	0.331	0.136	0.080	0.081	0.103	0.444	0.384	0.376	0.103	0.423	0.369	0.107	0.278	0.138	0.080	0.080	0.109	0.474	0.352	0.418	0.130	0.402	0.369	0.104	0.420	0.137	0.080	0.080	0.102	0.469	0.413	0.441	0.132	0.431	0.395	0.108	0.348	0.136	0.080	0.080	0.102	0.373	0.409	0.399	0.106	0.445	0.388	0.107	0.386	0.142	0.080	0.079	0.102	0.441	0.440	0.409	0.113	0.455	0.434	0.105	0.475	0.141	0.079	0.080	0.080	0.081	0.079	0.080	0.081	0.080	0.080	0.080	0.080	0.081	0.081
6:50:00	0.080	0.080	0.081	0.079	0.081	0.081	0.081	0.080	0.079	0.080	0.080	0.080	0.115	0.104	0.471	0.436	0.441	0.106	0.427	0.464	0.107	0.340	0.137	0.080	0.081	0.103	0.451	0.406	0.410	0.103	0.447	0.380	0.107	0.297	0.138	0.080	0.080	0.109	0.488	0.369	0.435	0.131	0.423	0.387	0.104	0.435	0.138	0.080	0.080	0.102	0.474	0.434	0.450	0.132	0.475	0.418	0.108	0.354	0.137	0.080	0.080	0.101	0.384	0.432	0.407	0.106	0.454	0.402	0.108	0.401	0.143	0.080	0.079	0.102	0.453	0.456	0.431	0.113	0.472	0.440	0.105	0.504	0.143	0.079	0.080	0.080	0.081	0.079	0.080	0.080	0.080	0.080	0.080	0.080	0.081	0.080
7:00:00	0.080	0.080	0.081	0.079	0.081	0.081	0.081	0.080	0.079	0.080	0.080	0.080	0.115	0.104	0.477	0.448	0.450	0.106	0.430	0.426	0.107	0.356	0.137	0.080	0.081	0.102	0.471	0.410	0.400	0.103	0.458	0.391	0.106	0.281	0.139	0.080	0.080	0.109	0.490	0.372	0.453	0.131	0.425	0.390	0.104	0.443	0.139	0.080	0.080	0.102	0.501	0.477	0.456	0.132	0.500	0.432	0.108	0.371	0.138	0.080	0.080	0.101	0.387	0.463	0.419	0.106	0.483	0.410	0.108	0.406	0.143	0.080	0.080	0.102	0.455	0.471	0.442	0.114	0.495	0.453	0.105	0.509	0.144	0.080	0.080	0.080	0.081	0.079	0.080	0.080	0.080	0.080	0.080	0.080	0.080	0.080
7:10:00	0.081	0.080	0.081	0.080	0.081	0.081	0.081	0.080	0.080	0.080	0.080	0.080	0.115	0.103	0.498	0.462	0.479	0.106	0.442	0.450	0.108	0.368	0.138	0.080	0.081	0.102	0.458	0.434	0.411	0.103	0.478	0.409	0.106	0.298	0.140	0.080	0.080	0.108	0.487	0.381	0.458	0.131	0.437	0.406	0.104	0.458	0.141	0.080	0.080	0.102	0.501	0.458	0.454	0.133	0.492	0.449	0.109	0.376	0.140	0.080	0.080	0.101	0.401	0.457	0.429	0.106	0.479	0.423	0.108	0.417	0.144	0.080	0.080	0.102	0.463	0.487	0.448	0.114	0.476	0.469	0.105	0.508	0.146	0.080	0.080	0.080	0.081	0.079	0.080	0.081	0.080	0.080	0.080	0.080	0.080	0.081
7:20:00	0.081	0.080	0.082	0.080	0.082	0.081	0.081	0.080	0.080	0.081	0.080	0.080	0.117	0.104	0.508	0.481	0.482	0.106	0.451	0.462	0.108	0.391	0.140	0.080	0.081	0.103	0.475	0.450	0.447	0.104	0.500	0.444	0.107	0.315	0.140	0.080	0.080	0.109	0.503	0.397	0.482	0.131	0.474	0.423	0.105	0.479	0.142	0.080	0.080	0.102	0.525	0.516	0.499	0.133	0.538	0.493	0.109	0.388	0.141	0.080	0.081	0.101	0.411	0.458	0.455	0.107	0.506	0.435	0.108	0.435	0.145	0.080	0.080	0.102	0.478	0.487	0.452	0.115	0.520	0.521	0.106	0.523	0.149	0.080	0.080	0.080	0.081	0.079	0.080	0.081	0.080	0.080	0.080	0.081	0.081	0.081
7:30:00	0.080	0.080	0.081	0.079	0.081	0.081	0.081	0.080	0.079	0.080	0.080	0.080	0.114	0.103	0.504	0.482	0.496	0.107	0.461	0.496	0.108	0.390	0.141	0.080	0.081	0.102	0.484	0.460	0.439	0.103	0.515	0.425	0.106	0.307	0.142	0.080	0.079	0.108	0.522	0.409	0.485	0.131	0.476	0.427	0.104	0.486	0.144	0.080	0.079	0.102	0.532	0.504	0.472	0.133	0.524	0.484	0.109	0.392	0.142	0.080	0.080	0.101	0.422	0.471	0.472	0.106	0.486	0.437	0.108	0.442	0.144	0.080	0.079	0.102	0.486	0.482	0.459	0.115	0.519	0.541	0.105	0.523	0.149	0.079	0.080	0.080	0.081	0.079	0.080	0.080	0.080	0.080	0.080	0.080	0.080	0.080
7:40:00	0.081	0.080	0.082	0.080	0.081	0.081	0.081	0.080	0.080	0.080	0.080	0.080	0.115	0.104	0.525	0.495	0.513	0.107	0.475	0.492	0.108	0.406	0.142	0.080	0.081	0.103	0.493	0.461	0.442	0.104	0.522	0.460	0.107	0.326	0.143	0.080	0.080	0.109	0.529	0.427	0.489	0.131	0.494	0.451	0.105	0.491	0.146	0.080	0.080	0.102	0.524	0.501	0.489	0.133	0.553	0.488	0.110	0.413	0.144	0.080	0.080	0.102	0.432	0.491	0.484	0.107	0.505	0.458	0.109	0.452	0.146	0.080	0.080	0.102	0.500	0.500	0.476	0.116	0.514	0.520	0.106	0.537	0.152	0.080	0.080	0.080	0.081	0.079	0.080	0.081	0.080	0.080	0.080	0.081	0.081	0.079
7:50:00	0.081	0.080	0.081	0.080	0.081	0.081	0.081	0.080	0.079	0.080	0.080	0.080	0.115	0.103	0.535	0.513	0.532	0.107	0.497	0.530	0.108	0.414	0.143	0.080	0.081	0.102	0.519	0.472	0.463	0.103	0.565	0.471	0.107	0.343	0.144	0.080	0.080	0.108	0.545	0.438	0.527	0.131	0.538	0.476	0.105	0.506	0.148	0.080	0.080	0.102	0.545	0.532	0.515	0.133	0.593	0.522	0.110	0.443	0.146	0.080	0.080	0.101	0.444	0.510	0.489	0.107	0.543	0.465	0.109	0.465	0.147	0.080	0.079	0.102	0.514	0.509	0.495	0.116	0.547	0.556	0.106	0.556	0.153	0.080	0.080	0.080	0.081	0.079	0.080	0.081	0.080	0.080	0.080	0.080	0.081	0.079
8:00:00	0.080	0.080	0.081	0.080	0.081	0.081	0.081	0.080	0.079	0.080	0.080	0.080	0.115	0.104	0.528	0.519	0.514	0.107	0.504	0.512	0.109	0.418	0.144	0.080	0.081	0.103	0.516	0.473	0.460	0.103	0.549	0.458	0.107	0.337	0.145	0.080	0.080	0.108	0.555	0.435	0.515	0.131	0.526	0.479	0.105	0.510	0.150	0.080	0.080	0.102	0.553	0.515	0.495	0.134	0.552	0.513	0.110	0.425	0.148	0.080	0.080	0.101	0.459	0.500	0.492	0.107	0.529	0.473	0.109	0.476	0.148	0.080	0.079	0.102	0.522	0.516	0.500	0.116	0.523	0.565	0.106	0.567	0.154	0.080	0.080	0.080	0.081	0.079	0.080	0.081	0.080	0.080	0.080	0.080	0.081	0.079
8:10:00	0.081	0.080	0.082	0.080	0.082	0.081	0.082	0.080	0.080	0.081	0.080	0.080	0.117	0.104	0.554	0.536	0.535	0.107	0.511	0.534	0.109	0.432	0.146	0.080	0.081	0.103	0.524	0.500	0.490	0.103	0.556	0.479	0.107	0.354	0.147	0.080	0.080	0.109	0.567	0.454	0.542	0.132	0.524	0.495	0.105	0.550	0.154	0.080	0.080	0.102	0.557	0.544	0.506	0.134	0.584	0.539	0.110	0.444	0.152	0.080	0.081	0.102	0.479	0.501	0.511	0.107	0.536	0.493	0.110	0.495	0.150	0.080	0.080	0.102	0.535	0.533	0.518	0.117	0.543	0.560	0.106	0.583	0.157	0.080	0.080	0.080	0.081	0.079	0.080	0.081	0.080	0.081	0.080	0.081	0.081	0.080
8:20:00	0.081	0.080	0.081	0.080	0.081	0.081	0.081	0.080	0.080	0.080	0.080	0.080	0.115	0.104	0.567	0.545	0.552	0.107	0.526	0.552	0.109	0.458	0.147	0.080	0.081	0.103	0.530	0.537	0.514	0.103	0.579	0.494	0.107	0.365	0.147	0.080	0.080	0.109	0.586	0.469	0.564	0.132	0.565	0.508	0.106	0.567	0.156	0.080	0.080	0.102	0.591	0.581	0.546	0.135	0.616	0.554	0.111	0.460	0.154	0.080	0.080	0.101	0.491	0.527	0.525	0.107	0.572	0.498	0.110	0.519	0.151	0.080	0.080	0.102	0.546	0.552	0.535	0.117	0.558	0.593	0.106	0.593	0.160	0.080	0.080	0.080	0.081	0.079	0.080	0.081	0.080	0.080	0.080	0.081	0.081	0.079
8:30:00	0.080	0.080	0.081	0.080	0.082	0.081	0.081	0.080	0.080	0.080	0.080	0.080	0.114	0.104	0.571	0.553	0.559	0.107	0.531	0.545	0.109	0.465	0.149	0.080	0.081	0.103	0.545	0.521	0.515	0.103	0.569	0.495	0.107	0.378	0.149	0.080	0.080	0.108	0.572	0.473	0.550	0.132	0.539	0.508	0.106	0.540	0.159	0.080	0.080	0.102	0.577	0.544	0.529	0.135	0.573	0.550	0.111	0.463	0.157	0.080	0.080	0.101	0.495	0.527	0.525	0.107	0.544	0.518	0.110	0.522	0.152	0.080	0.079	0.102	0.560	0.554	0.541	0.118	0.552	0.578	0.106	0.590	0.161	0.080	0.080	0.080	0.081	0.079	0.080	0.081	0.080	0.080	0.080	0.080	0.081	0.079
8:40:00	0.081	0.080	0.081	0.080	0.081	0.081	0.081	0.080	0.080	0.080	0.080	0.080	0.114	0.103	0.587	0.566	0.567	0.108	0.546	0.551	0.109	0.485	0.150	0.080	0.081	0.102	0.561	0.527	0.525	0.103	0.591	0.519	0.107	0.395	0.150	0.080	0.080	0.108	0.566	0.493	0.589	0.133	0.531	0.526	0.105	0.559	0.163	0.080	0.080	0.102	0.589	0.575	0.532	0.135	0.606	0.571	0.111	0.487	0.160	0.080	0.080	0.101	0.503	0.530	0.542	0.107	0.553	0.523	0.110	0.529	0.154	0.080	0.080	0.102	0.574	0.561	0.545	0.118	0.568	0.598	0.106	0.601	0.165	0.080	0.080	0.080	0.081	0.079	0.080	0.081	0.080	0.080	0.080	0.080	0.081	0.080
8:50:00	0.081	0.081	0.082	0.080	0.081	0.081	0.081	0.080	0.080	0.080	0.080	0.080	0.116	0.103	0.586	0.577	0.568	0.108	0.571	0.575	0.109	0.495	0.152	0.080	0.081	0.102	0.558	0.522	0.521	0.103	0.602	0.529	0.107	0.389	0.151	0.080	0.080	0.108	0.566	0.493	0.585	0.133	0.549	0.529	0.106	0.564	0.166	0.080	0.080	0.102	0.615	0.557	0.565	0.136	0.597	0.579	0.111	0.484	0.163	0.080	0.080	0.101	0.511	0.528	0.556	0.108	0.574	0.526	0.110	0.534	0.155	0.080	0.080	0.102	0.582	0.573	0.547	0.114	0.608	0.621	0.106	0.601	0.166	0.080	0.080	0.080	0.081	0.079	0.080	0.081	0.080	0.080	0.080	0.080	0.081	0.080
9:00:00	0.081	0.081	0.082	0.080	0.082	0.081	0.081	0.080	0.080	0.081	0.080	0.080	0.116	0.103	0.598	0.590	0.588	0.108	0.574	0.578	0.109	0.499	0.154	0.080	0.081	0.102	0.564	0.541	0.524	0.103	0.617	0.531	0.107	0.405	0.153	0.080	0.080	0.108	0.585	0.507	0.563	0.134	0.563	0.539	0.106	0.549	0.170	0.080	0.080	0.102	0.598	0.568	0.560	0.136	0.607	0.589	0.112	0.484	0.167	0.080	0.081	0.102	0.522	0.541	0.559	0.108	0.575	0.542	0.110	0.543	0.158	0.080	0.080	0.102	0.594	0.576	0.562	0.113	0.603	0.598	0.106	0.607	0.170	0.080	0.080	0.080	0.081	0.079	0.080	0.081	0.080	0.080	0.080	0.081	0.081	0.080
9:10:00	0.081	0.080	0.082	0.080	0.082	0.081	0.082	0.080	0.080	0.081	0.080	0.081	0.116	0.104	0.622	0.606	0.605	0.107	0.592	0.600	0.110	0.510	0.157	0.080	0.081	0.103	0.563	0.559	0.546	0.104	0.632	0.562	0.108	0.417	0.154	0.080	0.080	0.109	0.602	0.524	0.592	0.134	0.588	0.553	0.106	0.563	0.175	0.080	0.080	0.102	0.613	0.609	0.571	0.136	0.636	0.604	0.113	0.503	0.172	0.080	0.081	0.101	0.533	0.556	0.561	0.108	0.590	0.551	0.110	0.558	0.160	0.080	0.080	0.101	0.601	0.583	0.582	0.113	0.599	0.604	0.106	0.619	0.174	0.080	0.080	0.080	0.081	0.078	0.080	0.080	0.080	0.080	0.080	0.080	0.081	0.080
9:20:00	0.081	0.080	0.081	0.080	0.081	0.081	0.081	0.080	0.080	0.080	0.080	0.080	0.114	0.103	0.634	0.613	0.610	0.107	0.590	0.598	0.109	0.516	0.157	0.080	0.081	0.102	0.570	0.554	0.551	0.103	0.620	0.558	0.107	0.417	0.155	0.080	0.080	0.108	0.612	0.522	0.586	0.134	0.596	0.560	0.106	0.565	0.179	0.080	0.080	0.102	0.619	0.580	0.568	0.136	0.622	0.605	0.113	0.503	0.177	0.080	0.080	0.101	0.542	0.552	0.560	0.108	0.591	0.552	0.110	0.560	0.161	0.080	0.080	0.102	0.602	0.592	0.589	0.114	0.590	0.600	0.106	0.620	0.174	0.080	0.080	0.080	0.081	0.079	0.080	0.081	0.080	0.080	0.080	0.081	0.081	0.080
9:30:00	0.081	0.080	0.081	0.080	0.081	0.081	0.081	0.080	0.080	0.080	0.080	0.080	0.116	0.103	0.631	0.624	0.617	0.107	0.587	0.606	0.110	0.536	0.162	0.080	0.081	0.102	0.588	0.568	0.565	0.103	0.630	0.569	0.108	0.432	0.157	0.080	0.080	0.108	0.610	0.530	0.589	0.135	0.593	0.575	0.106	0.578	0.185	0.080	0.080	0.102	0.623	0.581	0.583	0.136	0.621	0.615	0.113	0.519	0.183	0.080	0.080	0.101	0.560	0.565	0.566	0.108	0.604	0.568	0.110	0.575	0.164	0.080	0.080	0.102	0.613	0.605	0.592	0.113	0.605	0.604	0.106	0.632	0.180	0.080	0.080	0.080	0.081	0.079	0.080	0.081	0.080	0.080	0.080	0.080	0.081	0.080
9:40:00	0.081	0.080	0.082	0.080	0.081	0.081	0.082	0.080	0.080	0.081	0.080	0.080	0.116	0.103	0.641	0.637	0.634	0.106	0.610	0.629	0.110	0.548	0.166	0.080	0.081	0.102	0.611	0.579	0.593	0.104	0.666	0.586	0.108	0.447	0.160	0.080	0.080	0.108	0.641	0.538	0.612	0.135	0.636	0.603	0.106	0.590	0.191	0.080	0.080	0.102	0.652	0.596	0.602	0.137	0.647	0.649	0.114	0.540	0.188	0.080	0.080	0.101	0.573	0.568	0.575	0.108	0.614	0.582	0.111	0.591	0.166	0.080	0.080	0.102	0.628	0.617	0.604	0.115	0.626	0.636	0.106	0.649	0.183	0.080	0.080	0.080	0.081	0.079	0.080	0.081	0.080	0.081	0.080	0.081	0.081	0.080
9:50:00	0.081	0.080	0.082	0.080	0.081	0.081	0.082	0.080	0.080	0.081	0.080	0.081	0.117	0.104	0.646	0.640	0.611	0.106	0.601	0.620	0.111	0.554	0.168	0.080	0.081	0.102	0.614	0.585	0.587	0.104	0.632	0.586	0.108	0.451	0.161	0.080	0.080	0.108	0.651	0.544	0.590	0.135	0.614	0.596	0.106	0.589	0.197	0.080	0.080	0.102	0.638	0.600	0.589	0.137	0.638	0.640	0.114	0.534	0.193	0.080	0.081	0.101	0.580	0.572	0.575	0.108	0.604	0.587	0.111	0.597	0.168	0.080	0.080	0.102	0.634	0.621	0.603	0.114	0.632	0.627	0.107	0.644	0.185	0.080	0.080	0.080	0.081	0.079	0.080	0.081	0.080	0.081	0.080	0.081	0.081	0.080
10:00:00	0.081	0.080	0.082	0.080	0.082	0.081	0.082	0.080	0.080	0.081	0.080	0.081	0.116	0.104	0.665	0.657	0.634	0.106	0.626	0.629	0.111	0.563	0.174	0.080	0.081	0.102	0.630	0.605	0.605	0.104	0.643	0.599	0.108	0.464	0.164	0.080	0.080	0.108	0.658	0.567	0.610	0.135	0.617	0.602	0.107	0.606	0.203	0.080	0.080	0.102	0.645	0.605	0.602	0.137	0.652	0.660	0.115	0.554	0.200	0.080	0.080	0.101	0.596	0.585	0.597	0.108	0.620	0.600	0.111	0.609	0.170	0.080	0.080	0.102	0.644	0.638	0.613	0.114	0.647	0.630	0.107	0.662	0.185	0.080	0.080	0.080	0.081	0.079	0.080	0.081	0.080	0.080	0.080	0.080	0.081	0.080
10:10:00	0.080	0.080	0.082	0.080	0.082	0.081	0.082	0.080	0.080	0.081	0.080	0.080	0.115	0.104	0.688	0.663	0.649	0.106	0.632	0.637	0.110	0.577	0.179	0.080	0.081	0.103	0.644	0.608	0.599	0.104	0.676	0.614	0.108	0.469	0.167	0.080	0.080	0.109	0.678	0.591	0.623	0.135	0.640	0.622	0.107	0.615	0.210	0.080	0.080	0.102	0.648	0.632	0.609	0.137	0.666	0.679	0.115	0.575	0.208	0.079	0.081	0.101	0.605	0.591	0.605	0.109	0.630	0.603	0.111	0.615	0.171	0.080	0.080	0.102	0.654	0.651	0.630	0.115	0.662	0.672	0.107	0.666	0.203	0.080	0.080	0.080	0.081	0.079	0.081	0.081	0.080	0.081	0.080	0.081	0.081	0.080
10:20:00	0.080	0.080	0.082	0.080	0.082	0.081	0.082	0.080	0.080	0.081	0.080	0.080	0.115	0.104	0.700	0.679	0.661	0.106	0.632	0.634	0.109	0.582	0.185	0.080	0.081	0.103	0.643	0.618	0.611	0.104	0.668	0.618	0.108	0.481	0.169	0.080	0.080	0.109	0.646	0.595	0.610	0.135	0.621	0.613	0.107	0.616	0.218	0.080	0.080	0.102	0.653	0.631	0.612	0.137	0.643	0.671	0.115	0.564	0.215	0.079	0.080	0.101	0.612	0.599	0.604	0.109	0.629	0.611	0.111	0.624	0.175	0.080	0.080	0.102	0.663	0.646	0.636	0.115	0.652	0.651	0.106	0.666	0.203	0.080	0.080	0.080	0.081	0.079	0.080	0.081	0.080	0.080	0.080	0.081	0.081	0.080
10:30:00	0.080	0.080	0.081	0.080	0.082	0.081	0.081	0.080	0.080	0.080	0.080	0.080	0.114	0.103	0.701	0.697	0.675	0.106	0.651	0.653	0.110	0.594	0.189	0.080	0.081	0.102	0.665	0.626	0.642	0.104	0.675	0.627	0.108	0.495	0.176	0.080	0.080	0.108	0.647	0.600	0.616	0.135	0.635	0.628	0.107	0.631	0.227	0.080	0.080	0.102	0.671	0.626	0.631	0.137	0.670	0.696	0.115	0.568	0.221	0.079	0.080	0.101	0.623	0.612	0.619	0.109	0.646	0.627	0.111	0.632	0.185	0.080	0.080	0.102	0.674	0.647	0.649	0.115	0.659	0.656	0.106	0.686	0.221	0.080	0.080	0.080	0.081	0.079	0.080	0.081	0.080	0.080	0.080	0.080	0.081	0.080
10:40:00	0.081	0.081	0.082	0.080	0.082	0.081	0.081	0.080	0.080	0.081	0.080	0.080	0.116	0.103	0.698	0.697	0.673	0.106	0.668	0.651	0.110	0.603	0.187	0.080	0.081	0.102	0.658	0.631	0.625	0.105	0.681	0.628	0.108	0.491	0.174	0.080	0.080	0.108	0.667	0.608	0.629	0.135	0.628	0.624	0.107	0.628	0.234	0.080	0.080	0.102	0.672	0.640	0.637	0.137	0.668	0.693	0.115	0.577	0.228	0.079	0.081	0.101	0.630	0.618	0.621	0.109	0.657	0.631	0.111	0.633	0.192	0.080	0.080	0.102	0.680	0.647	0.657	0.116	0.655	0.675	0.106	0.688	0.216	0.079	0.080	0.080	0.081	0.079	0.081	0.081	0.080	0.081	0.080	0.081	0.081	0.080
10:50:00	0.081	0.081	0.082	0.080	0.082	0.082	0.082	0.081	0.080	0.081	0.080	0.080	0.117	0.103	0.712	0.708	0.683	0.106	0.664	0.659	0.113	0.621	0.194	0.080	0.082	0.102	0.659	0.645	0.630	0.105	0.679	0.635	0.109	0.498	0.180	0.080	0.080	0.108	0.680	0.615	0.639	0.136	0.635	0.630	0.108	0.640	0.244	0.080	0.080	0.102	0.672	0.652	0.643	0.138	0.675	0.680	0.116	0.590	0.235	0.080	0.081	0.101	0.641	0.625	0.630	0.109	0.665	0.647	0.112	0.652	0.201	0.080	0.080	0.102	0.693	0.656	0.667	0.117	0.664	0.664	0.107	0.697	0.221	0.079	0.080	0.080	0.081	0.079	0.081	0.081	0.081	0.081	0.080	0.081	0.081	0.080
11:00:00	0.080	0.080	0.081	0.080	0.081	0.081	0.081	0.080	0.080	0.081	0.080	0.080	0.114	0.103	0.724	0.727	0.718	0.106	0.677	0.680	0.113	0.637	0.213	0.080	0.081	0.102	0.673	0.661	0.645	0.105	0.704	0.658	0.109	0.516	0.188	0.080	0.080	0.108	0.694	0.623	0.666	0.135	0.667	0.658	0.107	0.655	0.253	0.080	0.080	0.102	0.692	0.675	0.658	0.138	0.717	0.693	0.115	0.606	0.243	0.079	0.080	0.101	0.652	0.636	0.642	0.108	0.676	0.657	0.112	0.671	0.214	0.080	0.080	0.101	0.705	0.669	0.676	0.117	0.681	0.703	0.106	0.713	0.236	0.079	0.080	0.080	0.081	0.079	0.080	0.080	0.080	0.080	0.080	0.080	0.080	0.080
11:10:00	0.080	0.081	0.082	0.080	0.082	0.081	0.082	0.080	0.080	0.081	0.080	0.080	0.115	0.103	0.730	0.732	0.700	0.107	0.670	0.682	0.113	0.629	0.205	0.079	0.081	0.102	0.672	0.657	0.634	0.105	0.697	0.652	0.109	0.519	0.183	0.080	0.080	0.108	0.686	0.632	0.676	0.136	0.656	0.643	0.108	0.651	0.261	0.079	0.080	0.102	0.688	0.665	0.653	0.138	0.701	0.684	0.116	0.602	0.251	0.079	0.081	0.101	0.659	0.629	0.643	0.108	0.669	0.657	0.113	0.662	0.212	0.080	0.080	0.102	0.711	0.678	0.679	0.119	0.674	0.697	0.107	0.713	0.235	0.079	0.080	0.080	0.081	0.079	0.081	0.081	0.080	0.081	0.080	0.081	0.081	0.080
11:20:00	0.080	0.081	0.082	0.080	0.082	0.081	0.082	0.080	0.080	0.081	0.080	0.080	0.116	0.103	0.744	0.740	0.710	0.107	0.670	0.684	0.111	0.637	0.213	0.079	0.081	0.102	0.685	0.667	0.663	0.105	0.707	0.667	0.110	0.530	0.191	0.080	0.080	0.108	0.690	0.649	0.678	0.136	0.654	0.660	0.108	0.665	0.271	0.079	0.080	0.102	0.701	0.671	0.674	0.139	0.711	0.691	0.116	0.606	0.262	0.079	0.081	0.101	0.671	0.647	0.655	0.108	0.682	0.673	0.113	0.670	0.222	0.080	0.080	0.102	0.730	0.690	0.689	0.120	0.685	0.678	0.107	0.722	0.244	0.079	0.080	0.080	0.081	0.079	0.080	0.081	0.080	0.081	0.080	0.081	0.081	0.080
11:30:00	0.080	0.081	0.082	0.080	0.082	0.081	0.082	0.080	0.080	0.081	0.080	0.080	0.116	0.103	0.751	0.750	0.737	0.107	0.690	0.714	0.112	0.654	0.228	0.079	0.081	0.102	0.705	0.688	0.685	0.105	0.729	0.685	0.110	0.541	0.205	0.080	0.080	0.108	0.702	0.664	0.693	0.136	0.682	0.681	0.108	0.683	0.281	0.079	0.080	0.102	0.718	0.688	0.704	0.139	0.730	0.728	0.116	0.622	0.273	0.080	0.081	0.101	0.686	0.662	0.671	0.108	0.691	0.684	0.113	0.682	0.223	0.080	0.080	0.102	0.742	0.701	0.704	0.122	0.706	0.724	0.106	0.738	0.251	0.079	0.080	0.080	0.081	0.079	0.081	0.081	0.080	0.081	0.080	0.081	0.081	0.080
11:40:00	0.081	0.081	0.082	0.080	0.082	0.081	0.082	0.080	0.080	0.081	0.080	0.080	0.116	0.104	0.754	0.762	0.727	0.107	0.694	0.702	0.113	0.658	0.226	0.079	0.081	0.103	0.708	0.688	0.669	0.105	0.711	0.675	0.110	0.542	0.206	0.080	0.080	0.108	0.701	0.665	0.683	0.136	0.681	0.672	0.109	0.687	0.292	0.080	0.080	0.102	0.717	0.685	0.684	0.140	0.701	0.717	0.116	0.620	0.284	0.080	0.081	0.101	0.692	0.660	0.672	0.108	0.694	0.690	0.114	0.690	0.221	0.080	0.080	0.102	0.752	0.711	0.719	0.125	0.702	0.706	0.106	0.739	0.249	0.079	0.081	0.080	0.081	0.079	0.081	0.081	0.081	0.081	0.080	0.081	0.081	0.080
11:50:00	0.080	0.081	0.082	0.080	0.082	0.081	0.082	0.080	0.080	0.081	0.080	0.080	0.116	0.104	0.772	0.774	0.736	0.108	0.712	0.717	0.114	0.675	0.228	0.079	0.081	0.103	0.730	0.706	0.690	0.105	0.722	0.687	0.110	0.556	0.209	0.080	0.080	0.109	0.724	0.671	0.695	0.136	0.685	0.690	0.109	0.703	0.303	0.079	0.080	0.102	0.726	0.703	0.694	0.140	0.717	0.731	0.117	0.640	0.295	0.079	0.081	0.101	0.707	0.674	0.682	0.108	0.706	0.702	0.114	0.698	0.243	0.079	0.080	0.102	0.766	0.721	0.730	0.127	0.711	0.708	0.105	0.761	0.270	0.079	0.080	0.080	0.081	0.079	0.080	0.081	0.080	0.081	0.080	0.081	0.081	0.080
12:00:00	0.081	0.081	0.082	0.080	0.082	0.081	0.082	0.080	0.080	0.081	0.080	0.080	0.115	0.104	0.774	0.784	0.740	0.108	0.730	0.735	0.115	0.689	0.238	0.079	0.081	0.103	0.745	0.714	0.697	0.106	0.744	0.699	0.110	0.563	0.229	0.080	0.080	0.109	0.747	0.682	0.714	0.137	0.692	0.708	0.109	0.718	0.315	0.080	0.080	0.102	0.742	0.727	0.702	0.140	0.746	0.742	0.117	0.651	0.305	0.080	0.081	0.101	0.715	0.684	0.693	0.109	0.708	0.711	0.115	0.711	0.246	0.079	0.080	0.102	0.775	0.728	0.739	0.129	0.728	0.735	0.105	0.778	0.277	0.079	0.081	0.080	0.081	0.079	0.081	0.081	0.081	0.081	0.080	0.081	0.081	0.080
12:10:00	0.080	0.081	0.082	0.080	0.082	0.081	0.082	0.080	0.080	0.081	0.080	0.080	0.115	0.103	0.778	0.790	0.749	0.108	0.722	0.729	0.116	0.686	0.240	0.079	0.081	0.102	0.742	0.719	0.701	0.105	0.737	0.714	0.110	0.570	0.222	0.080	0.080	0.108	0.739	0.693	0.712	0.137	0.689	0.700	0.109	0.698	0.327	0.079	0.080	0.102	0.750	0.705	0.695	0.140	0.731	0.724	0.117	0.657	0.315	0.080	0.081	0.101	0.725	0.693	0.697	0.108	0.709	0.722	0.115	0.717	0.241	0.079	0.080	0.102	0.778	0.736	0.738	0.131	0.721	0.725	0.105	0.774	0.284	0.079	0.080	0.080	0.081	0.079	0.080	0.081	0.080	0.080	0.080	0.081	0.081	0.080
12:20:00	0.080	0.081	0.082	0.080	0.082	0.081	0.081	0.080	0.080	0.081	0.080	0.080	0.114	0.103	0.798	0.801	0.764	0.109	0.735	0.740	0.117	0.698	0.251	0.080	0.081	0.102	0.752	0.734	0.721	0.105	0.746	0.720	0.109	0.584	0.236	0.080	0.080	0.108	0.751	0.704	0.716	0.137	0.713	0.715	0.109	0.708	0.340	0.080	0.080	0.102	0.770	0.713	0.714	0.141	0.749	0.772	0.117	0.672	0.327	0.080	0.081	0.101	0.734	0.711	0.704	0.109	0.722	0.733	0.115	0.729	0.256	0.079	0.080	0.102	0.790	0.749	0.746	0.132	0.734	0.760	0.106	0.781	0.287	0.079	0.080	0.080	0.081	0.079	0.080	0.081	0.080	0.080	0.080	0.081	0.081	0.080
12:30:00	0.081	0.081	0.082	0.080	0.082	0.081	0.082	0.080	0.080	0.081	0.080	0.080	0.116	0.103	0.807	0.802	0.773	0.109	0.729	0.734	0.117	0.704	0.251	0.080	0.081	0.102	0.749	0.746	0.720	0.105	0.736	0.720	0.110	0.591	0.241	0.079	0.080	0.108	0.755	0.709	0.723	0.138	0.708	0.713	0.110	0.711	0.350	0.080	0.080	0.102	0.781	0.718	0.716	0.141	0.751	0.765	0.118	0.672	0.340	0.080	0.081	0.101	0.735	0.709	0.708	0.109	0.731	0.735	0.116	0.736	0.259	0.079	0.080	0.102	0.797	0.750	0.754	0.133	0.742	0.754	0.106	0.784	0.294	0.079	0.080	0.080	0.081	0.079	0.081	0.081	0.080	0.081	0.080	0.081	0.081	0.080
12:40:00	0.081	0.081	0.082	0.080	0.082	0.081	0.082	0.080	0.080	0.081	0.081	0.080	0.115	0.103	0.813	0.811	0.783	0.109	0.741	0.750	0.118	0.715	0.258	0.080	0.082	0.102	0.760	0.758	0.723	0.105	0.741	0.732	0.110	0.602	0.245	0.079	0.080	0.108	0.761	0.713	0.725	0.138	0.710	0.721	0.110	0.729	0.362	0.080	0.080	0.102	0.781	0.731	0.725	0.142	0.751	0.744	0.118	0.680	0.352	0.080	0.081	0.101	0.748	0.722	0.719	0.109	0.735	0.747	0.116	0.746	0.275	0.079	0.080	0.102	0.810	0.766	0.765	0.134	0.750	0.732	0.105	0.797	0.306	0.079	0.080	0.080	0.081	0.079	0.081	0.081	0.080	0.081	0.080	0.081	0.081	0.080
12:50:00	0.081	0.081	0.082	0.080	0.082	0.082	0.082	0.080	0.080	0.081	0.081	0.080	0.116	0.103	0.824	0.820	0.790	0.109	0.758	0.765	0.118	0.726	0.268	0.080	0.082	0.102	0.779	0.772	0.742	0.105	0.756	0.749	0.111	0.615	0.258	0.080	0.080	0.108	0.782	0.724	0.735	0.139	0.726	0.753	0.110	0.744	0.373	0.080	0.080	0.102	0.780	0.742	0.736	0.142	0.775	0.773	0.118	0.695	0.365	0.080	0.081	0.101	0.757	0.737	0.736	0.109	0.737	0.754	0.117	0.765	0.298	0.079	0.080	0.102	0.820	0.781	0.775	0.136	0.767	0.755	0.106	0.818	0.315	0.079	0.081	0.080	0.081	0.079	0.081	0.081	0.080	0.081	0.080	0.081	0.081	0.080
13:00:00	0.081	0.080	0.082	0.080	0.081	0.081	0.081	0.080	0.080	0.081	0.080	0.080	0.114	0.103	0.828	0.826	0.798	0.109	0.750	0.764	0.118	0.731	0.271	0.079	0.081	0.102	0.774	0.769	0.735	0.105	0.763	0.749	0.111	0.611	0.264	0.079	0.080	0.108	0.789	0.728	0.737	0.139	0.719	0.743	0.110	0.737	0.383	0.079	0.080	0.102	0.789	0.741	0.736	0.142	0.757	0.762	0.118	0.695	0.377	0.080	0.081	0.101	0.760	0.733	0.738	0.109	0.744	0.756	0.117	0.761	0.295	0.079	0.080	0.101	0.825	0.784	0.783	0.136	0.768	0.743	0.105	0.818	0.318	0.079	0.080	0.080	0.081	0.078	0.080	0.080	0.080	0.080	0.080	0.080	0.081	0.079
13:10:00	0.081	0.081	0.082	0.080	0.082	0.081	0.082	0.080	0.080	0.081	0.080	0.080	0.114	0.103	0.839	0.837	0.815	0.110	0.766	0.776	0.120	0.749	0.285	0.079	0.081	0.102	0.787	0.775	0.752	0.105	0.779	0.771	0.111	0.627	0.280	0.079	0.080	0.108	0.795	0.738	0.752	0.139	0.736	0.745	0.111	0.752	0.394	0.080	0.080	0.102	0.799	0.767	0.744	0.143	0.760	0.773	0.119	0.699	0.386	0.080	0.081	0.101	0.770	0.746	0.745	0.110	0.760	0.768	0.117	0.768	0.299	0.079	0.080	0.102	0.838	0.797	0.795	0.138	0.773	0.751	0.106	0.829	0.329	0.079	0.080	0.080	0.081	0.079	0.081	0.081	0.081	0.081	0.080	0.081	0.081	0.080
13:20:00	0.081	0.081	0.082	0.080	0.082	0.081	0.082	0.080	0.080	0.081	0.080	0.080	0.115	0.103	0.842	0.845	0.821	0.110	0.781	0.783	0.120	0.754	0.291	0.079	0.081	0.102	0.805	0.783	0.759	0.105	0.791	0.787	0.111	0.643	0.283	0.079	0.080	0.108	0.798	0.752	0.771	0.139	0.769	0.761	0.111	0.768	0.404	0.080	0.080	0.102	0.813	0.792	0.755	0.143	0.774	0.790	0.119	0.724	0.398	0.080	0.081	0.101	0.775	0.759	0.757	0.110	0.774	0.778	0.117	0.773	0.302	0.079	0.080	0.102	0.845	0.805	0.806	0.138	0.788	0.772	0.106	0.838	0.328	0.079	0.080	0.080	0.081	0.079	0.081	0.081	0.080	0.081	0.080	0.081	0.081	0.080
13:30:00	0.081	0.081	0.082	0.080	0.082	0.081	0.082	0.080	0.080	0.081	0.080	0.080	0.115	0.103	0.849	0.850	0.813	0.111	0.776	0.777	0.122	0.750	0.298	0.079	0.082	0.102	0.805	0.786	0.756	0.105	0.770	0.773	0.111	0.637	0.279	0.079	0.080	0.108	0.793	0.757	0.764	0.140	0.746	0.747	0.111	0.763	0.415	0.080	0.080	0.102	0.817	0.776	0.751	0.144	0.763	0.761	0.120	0.717	0.409	0.080	0.081	0.101	0.781	0.765	0.754	0.110	0.751	0.788	0.117	0.780	0.309	0.079	0.080	0.102	0.849	0.804	0.813	0.139	0.782	0.762	0.106	0.829	0.333	0.079	0.080	0.080	0.081	0.079	0.081	0.081	0.081	0.081	0.080	0.081	0.081	0.080
13:40:00	0.081	0.081	0.082	0.080	0.082	0.081	0.082	0.081	0.080	0.081	0.080	0.081	0.115	0.103	0.862	0.862	0.821	0.111	0.787	0.791	0.123	0.762	0.301	0.080	0.082	0.102	0.815	0.800	0.780	0.105	0.780	0.782	0.111	0.652	0.286	0.080	0.080	0.108	0.803	0.765	0.773	0.140	0.753	0.761	0.112	0.774	0.428	0.080	0.080	0.102	0.824	0.781	0.775	0.144	0.775	0.781	0.120	0.728	0.423	0.080	0.081	0.101	0.791	0.777	0.764	0.110	0.765	0.802	0.117	0.796	0.312	0.079	0.080	0.102	0.858	0.816	0.821	0.140	0.791	0.772	0.106	0.844	0.340	0.080	0.081	0.080	0.081	0.079	0.081	0.081	0.081	0.081	0.081	0.081	0.081	0.080
13:50:00	0.081	0.081	0.082	0.080	0.082	0.082	0.081	0.081	0.080	0.081	0.080	0.081	0.116	0.104	0.873	0.870	0.829	0.111	0.790	0.801	0.123	0.770	0.306	0.080	0.082	0.103	0.826	0.799	0.789	0.105	0.787	0.785	0.111	0.660	0.307	0.080	0.080	0.108	0.813	0.771	0.784	0.141	0.759	0.764	0.113	0.775	0.440	0.080	0.080	0.102	0.833	0.786	0.780	0.145	0.779	0.782	0.120	0.732	0.437	0.080	0.081	0.101	0.798	0.785	0.766	0.111	0.770	0.801	0.117	0.798	0.323	0.079	0.080	0.102	0.861	0.824	0.828	0.141	0.793	0.788	0.106	0.854	0.358	0.079	0.081	0.080	0.081	0.079	0.081	0.081	0.081	0.081	0.080	0.081	0.081	0.080
14:00:01	0.081	0.081	0.082	0.080	0.082	0.082	0.080	0.081	0.080	0.081	0.080	0.081	0.115	0.104	0.868	0.875	0.832	0.111	0.791	0.800	0.124	0.779	0.310	0.079	0.082	0.102	0.828	0.804	0.794	0.105	0.790	0.794	0.111	0.668	0.309	0.080	0.080	0.108	0.819	0.773	0.789	0.141	0.760	0.771	0.113	0.782	0.454	0.080	0.080	0.102	0.836	0.786	0.774	0.145	0.782	0.784	0.121	0.736	0.451	0.080	0.081	0.101	0.807	0.790	0.775	0.110	0.770	0.807	0.117	0.806	0.339	0.079	0.080	0.102	0.867	0.828	0.833	0.142	0.799	0.780	0.106	0.862	0.367	0.079	0.081	0.080	0.081	0.079	0.081	0.081	0.081	0.081	0.080	0.081	0.081	0.080
14:10:01	0.080	0.081	0.082	0.080	0.082	0.081	0.080	0.080	0.080	0.081	0.080	0.081	0.114	0.103	0.871	0.883	0.845	0.111	0.805	0.812	0.125	0.786	0.324	0.079	0.082	0.102	0.833	0.814	0.797	0.105	0.807	0.815	0.111	0.681	0.314	0.080	0.080	0.108	0.836	0.778	0.802	0.142	0.771	0.781	0.113	0.792	0.468	0.080	0.080	0.102	0.843	0.794	0.782	0.146	0.789	0.803	0.121	0.746	0.465	0.080	0.081	0.101	0.815	0.796	0.786	0.110	0.776	0.813	0.117	0.818	0.349	0.079	0.080	0.102	0.874	0.839	0.840	0.142	0.811	0.788	0.106	0.872	0.374	0.079	0.080	0.080	0.081	0.079	0.081	0.081	0.080	0.081	0.080	0.081	0.081	0.080
14:20:01	0.081	0.081	0.082	0.080	0.082	0.081	0.080	0.080	0.080	0.081	0.080	0.080	0.115	0.103	0.874	0.885	0.850	0.112	0.804	0.816	0.125	0.790	0.333	0.080	0.081	0.102	0.837	0.816	0.796	0.106	0.806	0.807	0.111	0.680	0.319	0.080	0.080	0.108	0.842	0.780	0.805	0.142	0.769	0.776	0.113	0.792	0.479	0.080	0.080	0.102	0.844	0.793	0.782	0.146	0.778	0.790	0.121	0.750	0.479	0.080	0.081	0.101	0.820	0.796	0.788	0.111	0.772	0.814	0.117	0.821	0.365	0.079	0.080	0.101	0.875	0.844	0.846	0.144	0.813	0.788	0.106	0.871	0.376	0.079	0.080	0.080	0.081	0.079	0.081	0.081	0.080	0.081	0.080	0.081	0.081	0.080
14:30:01	0.081	0.081	0.082	0.081	0.082	0.081	0.081	0.081	0.080	0.081	0.080	0.080	0.115	0.103	0.881	0.892	0.859	0.112	0.815	0.832	0.126	0.800	0.337	0.080	0.082	0.102	0.849	0.825	0.810	0.106	0.810	0.808	0.112	0.688	0.317	0.080	0.080	0.108	0.845	0.790	0.812	0.143	0.776	0.794	0.114	0.805	0.493	0.080	0.080	0.102	0.853	0.809	0.792	0.147	0.795	0.801	0.122	0.761	0.494	0.080	0.081	0.101	0.830	0.806	0.805	0.111	0.785	0.821	0.117	0.833	0.368	0.079	0.080	0.102	0.887	0.858	0.852	0.145	0.825	0.796	0.106	0.868	0.389	0.079	0.081	0.080	0.081	0.079	0.081	0.081	0.081	0.081	0.081	0.081	0.081	0.080
14:40:01	0.081	0.081	0.082	0.080	0.082	0.082	0.081	0.081	0.080	0.081	0.080	0.080	0.115	0.103	0.892	0.900	0.866	0.112	0.823	0.843	0.127	0.808	0.339	0.080	0.082	0.102	0.863	0.832	0.820	0.106	0.817	0.819	0.112	0.700	0.327	0.080	0.080	0.108	0.855	0.799	0.820	0.144	0.787	0.827	0.115	0.813	0.506	0.080	0.080	0.102	0.870	0.820	0.806	0.148	0.807	0.817	0.122	0.772	0.509	0.080	0.081	0.101	0.840	0.820	0.815	0.111	0.799	0.828	0.117	0.842	0.374	0.079	0.080	0.102	0.899	0.870	0.859	0.146	0.828	0.807	0.107	0.883	0.403	0.079	0.081	0.080	0.081	0.079	0.081	0.081	0.081	0.081	0.080	0.081	0.081	0.080
14:50:01	0.081	0.081	0.082	0.080	0.082	0.081	0.080	0.080	0.080	0.081	0.080	0.080	0.114	0.103	0.895	0.904	0.866	0.113	0.812	0.835	0.127	0.808	0.348	0.079	0.081	0.102	0.858	0.834	0.820	0.105	0.816	0.814	0.111	0.705	0.331	0.080	0.080	0.108	0.856	0.802	0.815	0.143	0.784	0.797	0.114	0.817	0.521	0.079	0.080	0.102	0.877	0.817	0.805	0.148	0.799	0.800	0.122	0.764	0.525	0.080	0.081	0.100	0.845	0.820	0.811	0.111	0.790	0.830	0.116	0.843	0.371	0.079	0.080	0.101	0.899	0.872	0.857	0.146	0.828	0.799	0.106	0.881	0.403	0.079	0.080	0.080	0.081	0.078	0.080	0.080	0.080	0.080	0.080	0.080	0.081	0.080
15:00:01	0.081	0.081	0.082	0.080	0.082	0.081	0.080	0.080	0.079	0.081	0.080	0.080	0.114	0.103	0.900	0.912	0.878	0.113	0.815	0.846	0.127	0.815	0.362	0.079	0.081	0.102	0.868	0.847	0.837	0.105	0.819	0.820	0.111	0.714	0.341	0.080	0.080	0.108	0.865	0.810	0.829	0.144	0.792	0.797	0.115	0.830	0.537	0.080	0.080	0.102	0.884	0.832	0.811	0.149	0.810	0.805	0.123	0.777	0.543	0.080	0.081	0.101	0.852	0.830	0.818	0.111	0.798	0.839	0.117	0.852	0.385	0.079	0.080	0.102	0.905	0.872	0.868	0.147	0.839	0.817	0.107	0.888	0.414	0.079	0.081	0.080	0.081	0.079	0.081	0.081	0.081	0.081	0.080	0.081	0.081	0.080
15:10:01	0.080	0.081	0.082	0.080	0.082	0.081	0.081	0.080	0.079	0.081	0.080	0.080	0.116	0.103	0.910	0.918	0.889	0.113	0.824	0.856	0.127	0.827	0.364	0.079	0.081	0.102	0.877	0.854	0.847	0.106	0.831	0.836	0.111	0.727	0.356	0.080	0.080	0.108	0.871	0.816	0.843	0.145	0.803	0.801	0.115	0.849	0.554	0.079	0.080	0.102	0.895	0.847	0.824	0.150	0.824	0.811	0.123	0.787	0.561	0.080	0.081	0.101	0.860	0.837	0.832	0.111	0.813	0.845	0.117	0.858	0.389	0.079	0.080	0.101	0.911	0.874	0.878	0.148	0.848	0.837	0.107	0.906	0.417	0.079	0.081	0.080	0.081	0.079	0.081	0.081	0.081	0.081	0.080	0.081	0.081	0.080
15:20:01	0.080	0.081	0.082	0.080	0.082	0.080	0.081	0.081	0.080	0.081	0.080	0.080	0.115	0.103	0.911	0.921	0.885	0.114	0.824	0.853	0.127	0.834	0.364	0.079	0.082	0.102	0.867	0.853	0.845	0.106	0.825	0.831	0.111	0.726	0.358	0.080	0.080	0.108	0.876	0.816	0.839	0.146	0.797	0.802	0.115	0.852	0.577	0.080	0.080	0.102	0.888	0.846	0.824	0.151	0.819	0.806	0.123	0.789	0.579	0.080	0.081	0.101	0.861	0.838	0.834	0.112	0.807	0.848	0.118	0.857	0.397	0.079	0.080	0.102	0.912	0.879	0.881	0.149	0.845	0.837	0.107	0.896	0.418	0.079	0.081	0.080	0.081	0.079	0.081	0.081	0.081	0.081	0.081	0.081	0.081	0.080
15:30:01	0.080	0.081	0.082	0.080	0.082	0.080	0.081	0.081	0.080	0.081	0.080	0.080	0.117	0.103	0.920	0.928	0.888	0.114	0.834	0.863	0.127	0.845	0.370	0.080	0.082	0.102	0.877	0.860	0.847	0.106	0.839	0.842	0.112	0.734	0.372	0.080	0.080	0.108	0.893	0.827	0.843	0.146	0.807	0.815	0.115	0.853	0.598	0.080	0.080	0.102	0.891	0.851	0.831	0.151	0.820	0.820	0.123	0.799	0.600	0.080	0.081	0.101	0.868	0.848	0.847	0.112	0.818	0.855	0.119	0.869	0.396	0.080	0.080	0.102	0.920	0.886	0.887	0.150	0.859	0.829	0.107	0.903	0.427	0.079	0.081	0.080	0.081	0.079	0.081	0.081	0.081	0.081	0.081	0.081	0.081	0.080
15:40:01	0.080	0.081	0.082	0.080	0.082	0.080	0.081	0.081	0.080	0.081	0.080	0.080	0.116	0.103	0.927	0.932	0.892	0.115	0.837	0.863	0.128	0.847	0.377	0.079	0.082	0.102	0.884	0.866	0.854	0.105	0.840	0.843	0.112	0.735	0.379	0.080	0.080	0.108	0.900	0.834	0.846	0.146	0.810	0.813	0.115	0.856	0.617	0.080	0.080	0.102	0.893	0.855	0.835	0.152	0.817	0.817	0.124	0.808	0.620	0.080	0.081	0.101	0.872	0.849	0.852	0.112	0.825	0.857	0.120	0.876	0.405	0.079	0.080	0.102	0.926	0.892	0.891	0.150	0.863	0.823	0.107	0.912	0.435	0.079	0.081	0.080	0.081	0.079	0.081	0.081	0.080	0.081	0.080	0.081	0.081	0.080
15:50:01	0.080	0.081	0.082	0.081	0.082	0.080	0.081	0.081	0.079	0.081	0.080	0.080	0.115	0.103	0.935	0.939	0.901	0.116	0.843	0.868	0.128	0.848	0.384	0.080	0.082	0.102	0.892	0.867	0.853	0.105	0.844	0.854	0.111	0.743	0.385	0.080	0.080	0.108	0.898	0.837	0.852	0.147	0.816	0.821	0.116	0.859	0.639	0.080	0.080	0.102	0.900	0.855	0.841	0.153	0.827	0.820	0.125	0.807	0.637	0.080	0.081	0.101	0.879	0.853	0.860	0.112	0.824	0.864	0.121	0.884	0.411	0.080	0.080	0.102	0.931	0.895	0.898	0.151	0.870	0.838	0.107	0.917	0.436	0.079	0.081	0.080	0.081	0.079	0.081	0.081	0.081	0.081	0.081	0.081	0.081	0.080
16:00:01	0.080	0.081	0.082	0.080	0.082	0.080	0.080	0.080	0.079	0.081	0.080	0.080	0.114	0.103	0.946	0.945	0.907	0.116	0.851	0.876	0.128	0.861	0.391	0.079	0.082	0.102	0.899	0.875	0.860	0.105	0.852	0.867	0.112	0.757	0.387	0.080	0.080	0.108	0.899	0.841	0.869	0.148	0.824	0.828	0.115	0.869	0.660	0.080	0.080	0.102	0.908	0.861	0.846	0.153	0.837	0.830	0.125	0.818	0.657	0.079	0.081	0.101	0.886	0.862	0.865	0.112	0.843	0.866	0.122	0.892	0.409	0.079	0.080	0.102	0.939	0.905	0.904	0.151	0.882	0.853	0.107	0.931	0.444	0.079	0.081	0.080	0.081	0.079	0.081	0.081	0.080	0.081	0.080	0.081	0.081	0.080
16:10:01	0.080	0.081	0.082	0.080	0.082	0.080	0.081	0.080	0.079	0.081	0.080	0.080	0.114	0.103	0.947	0.946	0.912	0.116	0.850	0.873	0.128	0.865	0.393	0.079	0.081	0.102	0.899	0.882	0.863	0.106	0.844	0.858	0.112	0.755	0.387	0.080	0.080	0.107	0.905	0.840	0.867	0.148	0.820	0.819	0.115	0.868	0.681	0.080	0.080	0.102	0.913	0.862	0.848	0.154	0.828	0.827	0.125	0.819	0.681	0.080	0.081	0.101	0.887	0.864	0.861	0.112	0.838	0.864	0.123	0.891	0.415	0.080	0.080	0.101	0.943	0.907	0.905	0.152	0.880	0.851	0.107	0.922	0.443	0.079	0.081	0.080	0.081	0.079	0.080	0.081	0.080	0.080	0.080	0.081	0.081	0.080
16:20:01	0.081	0.081	0.082	0.081	0.082	0.080	0.081	0.081	0.080	0.081	0.080	0.080	0.116	0.103	0.952	0.952	0.926	0.117	0.864	0.882	0.129	0.873	0.403	0.080	0.081	0.102	0.910	0.887	0.870	0.106	0.846	0.858	0.113	0.761	0.396	0.080	0.080	0.108	0.913	0.847	0.874	0.149	0.827	0.838	0.116	0.873	0.708	0.080	0.080	0.102	0.919	0.872	0.858	0.155	0.841	0.843	0.126	0.833	0.702	0.080	0.081	0.101	0.896	0.874	0.867	0.113	0.844	0.867	0.124	0.902	0.424	0.080	0.080	0.101	0.949	0.917	0.913	0.153	0.886	0.866	0.108	0.928	0.449	0.080	0.081	0.080	0.081	0.079	0.081	0.081	0.081	0.081	0.081	0.081	0.081	0.080
16:30:01	0.081	0.081	0.082	0.080	0.082	0.080	0.081	0.081	0.080	0.081	0.080	0.081	0.117	0.103	0.954	0.957	0.933	0.117	0.868	0.887	0.129	0.882	0.411	0.079	0.082	0.102	0.915	0.894	0.873	0.106	0.858	0.866	0.113	0.771	0.404	0.080	0.081	0.108	0.920	0.854	0.883	0.150	0.829	0.837	0.116	0.878	0.733	0.080	0.080	0.102	0.923	0.881	0.869	0.155	0.847	0.844	0.127	0.843	0.732	0.079	0.081	0.101	0.902	0.885	0.877	0.113	0.863	0.873	0.126	0.909	0.431	0.079	0.080	0.101	0.954	0.924	0.919	0.154	0.893	0.872	0.108	0.946	0.456	0.079	0.081	0.080	0.081	0.078	0.080	0.081	0.080	0.081	0.080	0.081	0.081	0.079
16:40:01	0.080	0.081	0.082	0.080	0.082	0.080	0.081	0.080	0.080	0.081	0.080	0.080	0.115	0.103	0.955	0.960	0.919	0.118	0.865	0.887	0.130	0.883	0.415	0.079	0.081	0.102	0.910	0.891	0.876	0.106	0.855	0.856	0.113	0.774	0.404	0.080	0.080	0.108	0.922	0.851	0.887	0.150	0.818	0.830	0.116	0.878	0.755	0.080	0.080	0.102	0.924	0.880	0.865	0.156	0.836	0.831	0.127	0.839	0.756	0.080	0.081	0.101	0.902	0.883	0.872	0.113	0.854	0.873	0.127	0.903	0.427	0.080	0.080	0.101	0.953	0.925	0.921	0.154	0.889	0.860	0.108	0.926	0.456	0.079	0.081	0.080	0.081	0.079	0.081	0.081	0.081	0.081	0.080	0.081	0.081	0.080
16:50:01	0.080	0.081	0.082	0.080	0.081	0.080	0.081	0.081	0.080	0.081	0.080	0.081	0.116	0.103	0.965	0.965	0.923	0.118	0.881	0.893	0.131	0.887	0.421	0.079	0.081	0.102	0.916	0.897	0.885	0.106	0.862	0.855	0.113	0.783	0.411	0.080	0.080	0.108	0.927	0.854	0.890	0.151	0.827	0.841	0.117	0.883	0.778	0.080	0.080	0.102	0.927	0.886	0.862	0.157	0.844	0.846	0.127	0.847	0.779	0.079	0.081	0.101	0.908	0.888	0.876	0.113	0.855	0.876	0.128	0.913	0.432	0.080	0.080	0.101	0.960	0.929	0.927	0.155	0.901	0.862	0.108	0.929	0.462	0.079	0.081	0.080	0.081	0.079	0.081	0.081	0.081	0.081	0.080	0.081	0.081	0.080
17:00:01	0.080	0.081	0.082	0.081	0.081	0.080	0.081	0.081	0.080	0.081	0.080	0.081	0.116	0.103	0.970	0.969	0.934	0.119	0.888	0.898	0.131	0.892	0.425	0.080	0.082	0.102	0.921	0.900	0.894	0.107	0.865	0.862	0.113	0.790	0.419	0.080	0.081	0.108	0.924	0.860	0.899	0.152	0.830	0.849	0.117	0.886	0.800	0.080	0.080	0.102	0.934	0.902	0.867	0.157	0.857	0.855	0.128	0.849	0.801	0.080	0.081	0.101	0.913	0.897	0.885	0.114	0.862	0.883	0.129	0.915	0.440	0.080	0.080	0.101	0.965	0.933	0.934	0.156	0.904	0.864	0.108	0.947	0.469	0.080	0.080	0.080	0.081	0.079	0.081	0.081	0.081	0.081	0.081	0.081	0.081	0.080
17:10:01	0.080	0.081	0.082	0.080	0.081	0.080	0.081	0.081	0.080	0.081	0.080	0.080	0.116	0.103	0.966	0.969	0.936	0.120	0.879	0.894	0.132	0.896	0.431	0.080	0.081	0.102	0.918	0.898	0.884	0.107	0.851	0.850	0.113	0.791	0.417	0.080	0.081	0.108	0.919	0.860	0.894	0.152	0.823	0.841	0.117	0.886	0.819	0.080	0.080	0.102	0.934	0.901	0.866	0.158	0.851	0.845	0.128	0.845	0.821	0.080	0.081	0.101	0.914	0.896	0.882	0.114	0.855	0.885	0.129	0.916	0.440	0.079	0.080	0.102	0.968	0.936	0.931	0.156	0.897	0.864	0.108	0.942	0.472	0.080	0.080	0.080	0.081	0.079	0.081	0.081	0.081	0.081	0.080	0.081	0.080	0.080
17:20:01	0.081	0.081	0.082	0.081	0.081	0.081	0.081	0.081	0.080	0.081	0.080	0.081	0.117	0.103	0.974	0.974	0.937	0.121	0.885	0.901	0.132	0.895	0.435	0.080	0.082	0.102	0.932	0.903	0.889	0.107	0.862	0.860	0.114	0.797	0.422	0.080	0.081	0.108	0.924	0.870	0.897	0.154	0.833	0.850	0.118	0.888	0.841	0.080	0.081	0.102	0.937	0.897	0.872	0.159	0.849	0.848	0.129	0.855	0.842	0.080	0.081	0.101	0.921	0.896	0.889	0.114	0.866	0.891	0.132	0.928	0.444	0.079	0.080	0.101	0.972	0.939	0.933	0.157	0.904	0.876	0.108	0.944	0.470	0.080	0.080	0.081	0.081	0.079	0.081	0.081	0.081	0.081	0.081	0.081	0.080	0.080
17:30:01	0.080	0.081	0.081	0.081	0.081	0.080	0.081	0.081	0.080	0.081	0.080	0.081	0.116	0.103	0.978	0.980	0.946	0.122	0.897	0.905	0.133	0.904	0.438	0.080	0.082	0.102	0.935	0.908	0.896	0.107	0.875	0.872	0.115	0.804	0.430	0.080	0.081	0.108	0.930	0.881	0.902	0.155	0.846	0.852	0.118	0.896	0.861	0.080	0.080	0.102	0.941	0.900	0.880	0.160	0.856	0.856	0.129	0.863	0.862	0.080	0.081	0.101	0.928	0.903	0.900	0.115	0.879	0.894	0.132	0.932	0.455	0.079	0.080	0.102	0.978	0.944	0.940	0.158	0.910	0.887	0.109	0.953	0.473	0.080	0.080	0.080	0.081	0.079	0.081	0.081	0.081	0.081	0.081	0.081	0.080	0.080
17:40:01	0.080	0.081	0.081	0.080	0.081	0.080	0.080	0.079	0.079	0.081	0.080	0.080	0.114	0.103	0.981	0.981	0.944	0.123	0.891	0.907	0.133	0.905	0.443	0.079	0.081	0.102	0.935	0.909	0.898	0.107	0.872	0.868	0.118	0.804	0.433	0.080	0.080	0.108	0.935	0.879	0.903	0.155	0.842	0.845	0.118	0.899	0.879	0.080	0.080	0.102	0.942	0.903	0.877	0.161	0.856	0.855	0.129	0.862	0.881	0.079	0.081	0.101	0.930	0.902	0.898	0.115	0.869	0.897	0.133	0.932	0.455	0.079	0.080	0.101	0.983	0.946	0.942	0.157	0.909	0.883	0.108	0.943	0.477	0.079	0.080	0.080	0.081	0.079	0.081	0.081	0.081	0.081	0.080	0.081	0.080	0.080
17:50:01	0.080	0.081	0.081	0.080	0.081	0.080	0.080	0.079	0.080	0.081	0.080	0.080	0.114	0.103	0.989	0.985	0.950	0.123	0.902	0.913	0.133	0.914	0.448	0.080	0.081	0.102	0.943	0.913	0.908	0.107	0.881	0.881	0.117	0.808	0.434	0.080	0.080	0.108	0.940	0.884	0.903	0.156	0.851	0.854	0.119	0.901	0.898	0.080	0.080	0.102	0.948	0.910	0.886	0.161	0.857	0.862	0.129	0.870	0.900	0.080	0.081	0.101	0.934	0.907	0.900	0.115	0.873	0.899	0.135	0.945	0.453	0.079	0.080	0.101	0.987	0.951	0.947	0.159	0.914	0.886	0.109	0.951	0.478	0.080	0.080	0.080	0.081	0.079	0.081	0.081	0.081	0.081	0.080	0.081	0.080	0.080
18:00:01	0.081	0.081	0.081	0.081	0.081	0.081	0.081	0.079	0.080	0.081	0.080	0.081	0.116	0.103	0.991	0.991	0.956	0.124	0.905	0.912	0.134	0.918	0.453	0.080	0.081	0.102	0.946	0.916	0.918	0.107	0.884	0.885	0.116	0.815	0.437	0.080	0.080	0.107	0.943	0.885	0.903	0.157	0.847	0.857	0.119	0.909	0.913	0.080	0.080	0.102	0.952	0.916	0.898	0.163	0.863	0.863	0.130	0.873	0.914	0.080	0.081	0.101	0.938	0.914	0.905	0.116	0.889	0.900	0.135	0.950	0.463	0.080	0.080	0.101	0.990	0.957	0.948	0.159	0.922	0.890	0.109	0.961	0.483	0.080	0.080	0.081	0.081	0.079	0.081	0.081	0.081	0.081	0.081	0.081	0.080	0.080
18:10:01	0.081	0.080	0.081	0.081	0.081	0.081	0.081	0.080	0.080	0.081	0.080	0.080	0.117	0.103	0.992	0.997	0.954	0.123	0.906	0.913	0.134	0.921	0.459	0.080	0.082	0.102	0.943	0.917	0.918	0.108	0.884	0.881	0.121	0.826	0.440	0.080	0.080	0.108	0.943	0.886	0.905	0.158	0.846	0.852	0.119	0.908	0.926	0.080	0.080	0.102	0.956	0.915	0.896	0.163	0.860	0.857	0.130	0.868	0.928	0.079	0.081	0.101	0.943	0.912	0.906	0.116	0.881	0.900	0.137	0.944	0.470	0.079	0.080	0.101	0.992	0.957	0.948	0.160	0.915	0.890	0.109	0.954	0.486	0.080	0.080	0.080	0.081	0.078	0.081	0.081	0.081	0.081	0.080	0.081	0.080	0.080
18:20:01	0.081	0.080	0.081	0.080	0.081	0.081	0.081	0.079	0.080	0.081	0.080	0.080	0.114	0.103	0.996	0.998	0.970	0.124	0.909	0.924	0.134	0.928	0.465	0.080	0.081	0.102	0.953	0.924	0.917	0.107	0.890	0.886	0.119	0.832	0.443	0.080	0.080	0.108	0.945	0.890	0.912	0.158	0.848	0.857	0.119	0.912	0.942	0.080	0.080	0.102	0.961	0.922	0.901	0.164	0.868	0.861	0.131	0.873	0.946	0.080	0.081	0.101	0.950	0.915	0.911	0.116	0.896	0.903	0.138	0.951	0.473	0.079	0.080	0.101	0.994	0.960	0.953	0.159	0.922	0.898	0.109	0.958	0.487	0.080	0.080	0.080	0.081	0.079	0.081	0.081	0.080	0.081	0.080	0.081	0.080	0.080
18:30:01	0.081	0.080	0.081	0.081	0.081	0.081	0.081	0.079	0.080	0.081	0.080	0.080	0.116	0.103	0.997	1.000	0.968	0.125	0.908	0.926	0.136	0.925	0.472	0.080	0.082	0.102	0.948	0.925	0.909	0.108	0.889	0.876	0.116	0.829	0.449	0.080	0.080	0.108	0.949	0.889	0.913	0.159	0.852	0.845	0.120	0.912	0.952	0.080	0.080	0.102	0.963	0.923	0.909	0.165	0.871	0.862	0.131	0.879	0.957	0.080	0.081	0.101	0.952	0.916	0.909	0.117	0.892	0.905	0.139	0.949	0.474	0.080	0.080	0.101	0.997	0.963	0.955	0.160	0.920	0.888	0.110	0.958	0.491	0.080	0.080	0.081	0.081	0.079	0.081	0.081	0.081	0.081	0.081	0.081	0.080	0.080
18:40:01	0.080	0.080	0.081	0.080	0.081	0.080	0.081	0.079	0.080	0.081	0.080	0.080	0.114	0.103	0.999	1.004	0.968	0.126	0.914	0.925	0.136	0.932	0.476	0.079	0.082	0.102	0.958	0.928	0.914	0.108	0.890	0.873	0.116	0.832	0.457	0.080	0.080	0.108	0.956	0.896	0.915	0.159	0.855	0.850	0.120	0.914	0.966	0.080	0.080	0.102	0.967	0.926	0.914	0.166	0.868	0.867	0.132	0.888	0.973	0.080	0.081	0.101	0.957	0.920	0.917	0.117	0.883	0.910	0.139	0.958	0.472	0.079	0.080	0.101	1.002	0.967	0.962	0.159	0.932	0.892	0.110	0.964	0.493	0.080	0.080	0.080	0.081	0.079	0.081	0.081	0.081	0.081	0.080	0.081	0.080	0.080
18:50:01	0.081	0.080	0.081	0.080	0.081	0.080	0.081	0.079	0.080	0.081	0.080	0.080	0.116	0.103	1.006	1.008	0.974	0.127	0.926	0.925	0.137	0.937	0.476	0.080	0.081	0.102	0.967	0.931	0.918	0.108	0.891	0.880	0.117	0.836	0.465	0.080	0.080	0.108	0.954	0.899	0.914	0.160	0.866	0.857	0.120	0.918	0.978	0.080	0.080	0.102	0.965	0.932	0.918	0.167	0.870	0.872	0.133	0.892	0.983	0.080	0.081	0.101	0.960	0.931	0.928	0.117	0.909	0.910	0.139	0.963	0.476	0.080	0.080	0.102	1.006	0.974	0.966	0.160	0.937	0.900	0.110	0.973	0.503	0.080	0.080	0.080	0.081	0.079	0.081	0.081	0.081	0.081	0.081	0.081	0.080	0.080
19:00:01	0.081	0.080	0.081	0.081	0.081	0.081	0.081	0.079	0.080	0.081	0.080	0.080	0.116	0.103	1.008	1.010	0.961	0.128	0.917	0.923	0.138	0.943	0.479	0.080	0.082	0.102	0.964	0.931	0.918	0.108	0.885	0.874	0.117	0.835	0.468	0.080	0.080	0.108	0.951	0.898	0.915	0.161	0.862	0.849	0.120	0.913	0.987	0.080	0.080	0.102	0.966	0.926	0.911	0.168	0.864	0.868	0.134	0.882	0.993	0.080	0.081	0.101	0.960	0.927	0.925	0.118	0.888	0.911	0.140	0.957	0.476	0.080	0.080	0.101	1.007	0.971	0.966	0.160	0.934	0.902	0.110	0.972	0.505	0.080	0.080	0.081	0.081	0.079	0.081	0.081	0.081	0.081	0.081	0.081	0.080	0.080
19:10:01	0.081	0.080	0.081	0.080	0.081	0.080	0.081	0.079	0.080	0.081	0.080	0.080	0.115	0.103	1.008	1.013	0.968	0.128	0.925	0.929	0.139	0.942	0.486	0.080	0.082	0.102	0.967	0.933	0.923	0.108	0.896	0.878	0.117	0.843	0.470	0.080	0.080	0.108	0.953	0.902	0.922	0.162	0.862	0.858	0.120	0.919	0.999	0.080	0.080	0.102	0.968	0.926	0.906	0.169	0.864	0.875	0.134	0.889	1.005	0.080	0.081	0.101	0.961	0.929	0.926	0.119	0.895	0.911	0.142	0.960	0.479	0.079	0.080	0.101	1.009	0.971	0.967	0.160	0.942	0.905	0.111	0.979	0.510	0.080	0.080	0.080	0.081	0.079	0.081	0.081	0.081	0.081	0.080	0.081	0.080	0.080
19:20:01	0.081	0.080	0.081	0.081	0.081	0.080	0.080	0.079	0.080	0.081	0.080	0.080	0.115	0.103	1.012	1.017	0.974	0.128	0.931	0.935	0.140	0.947	0.489	0.080	0.082	0.102	0.969	0.941	0.928	0.108	0.907	0.881	0.117	0.848	0.477	0.079	0.080	0.108	0.957	0.903	0.928	0.163	0.862	0.858	0.121	0.921	1.010	0.080	0.080	0.102	0.975	0.928	0.906	0.170	0.866	0.882	0.135	0.896	1.016	0.080	0.081	0.101	0.966	0.941	0.937	0.119	0.910	0.913	0.142	0.964	0.486	0.079	0.080	0.101	1.013	0.975	0.972	0.160	0.947	0.913	0.111	0.991	0.514	0.080	0.080	0.080	0.081	0.079	0.081	0.081	0.081	0.081	0.081	0.081	0.080	0.080
19:30:01	0.080	0.080	0.081	0.080	0.081	0.080	0.080	0.079	0.079	0.081	0.080	0.080	0.114	0.103	1.010	1.017	0.972	0.129	0.926	0.930	0.141	0.949	0.490	0.080	0.081	0.102	0.967	0.939	0.928	0.108	0.892	0.881	0.117	0.848	0.478	0.080	0.080	0.107	0.959	0.904	0.924	0.163	0.847	0.849	0.121	0.924	1.018	0.080	0.080	0.101	0.976	0.926	0.907	0.170	0.870	0.878	0.135	0.894	1.025	0.080	0.081	0.101	0.966	0.929	0.921	0.119	0.891	0.911	0.143	0.961	0.489	0.079	0.080	0.101	1.013	0.974	0.975	0.159	0.946	0.909	0.111	0.976	0.513	0.080	0.080	0.080	0.081	0.079	0.081	0.081	0.080	0.081	0.080	0.081	0.080	0.080
19:40:01	0.081	0.080	0.081	0.080	0.081	0.080	0.080	0.079	0.079	0.081	0.080	0.080	0.115	0.102	1.013	1.019	0.979	0.129	0.929	0.933	0.142	0.953	0.495	0.080	0.081	0.102	0.976	0.938	0.931	0.109	0.892	0.886	0.115	0.854	0.485	0.079	0.080	0.107	0.957	0.908	0.921	0.165	0.860	0.858	0.120	0.924	1.027	0.080	0.080	0.101	0.976	0.926	0.914	0.172	0.875	0.882	0.136	0.903	1.033	0.080	0.081	0.101	0.968	0.929	0.924	0.120	0.902	0.911	0.143	0.967	0.491	0.080	0.080	0.101	1.016	0.979	0.977	0.160	0.952	0.913	0.111	0.983	0.518	0.080	0.080	0.080	0.081	0.079	0.081	0.081	0.081	0.081	0.081	0.081	0.080	0.080
19:50:01	0.081	0.080	0.081	0.081	0.081	0.081	0.081	0.080	0.080	0.081	0.080	0.080	0.116	0.103	1.014	1.020	0.974	0.130	0.927	0.938	0.143	0.953	0.499	0.080	0.082	0.102	0.979	0.936	0.931	0.109	0.887	0.881	0.116	0.849	0.491	0.080	0.080	0.108	0.952	0.906	0.919	0.167	0.863	0.849	0.120	0.922	1.033	0.080	0.080	0.102	0.977	0.925	0.914	0.172	0.870	0.879	0.137	0.900	1.038	0.080	0.081	0.101	0.966	0.930	0.928	0.121	0.905	0.910	0.145	0.964	0.494	0.080	0.080	0.101	1.014	0.980	0.975	0.161	0.949	0.910	0.112	0.980	0.522	0.080	0.081	0.081	0.081	0.079	0.081	0.081	0.081	0.081	0.081	0.081	0.080	0.080
20:00:01	0.081	0.080	0.081	0.080	0.081	0.080	0.081	0.079	0.080	0.081	0.080	0.080	0.114	0.103	1.020	1.021	0.979	0.130	0.926	0.941	0.144	0.958	0.504	0.080	0.082	0.102	0.980	0.938	0.936	0.109	0.894	0.880	0.115	0.853	0.497	0.079	0.080	0.108	0.958	0.913	0.925	0.167	0.863	0.852	0.120	0.922	1.044	0.080	0.080	0.101	0.979	0.932	0.914	0.173	0.864	0.877	0.137	0.902	1.054	0.080	0.081	0.100	0.971	0.932	0.930	0.121	0.895	0.912	0.146	0.971	0.495	0.079	0.080	0.101	1.019	0.985	0.979	0.160	0.953	0.914	0.112	0.980	0.527	0.080	0.080	0.080	0.081	0.078	0.080	0.081	0.080	0.080	0.080	0.080	0.080	0.080
20:10:01	0.081	0.080	0.081	0.080	0.081	0.080	0.081	0.079	0.080	0.081	0.080	0.080	0.114	0.103	1.023	1.023	0.991	0.130	0.928	0.942	0.145	0.962	0.512	0.080	0.082	0.102	0.978	0.942	0.937	0.109	0.897	0.881	0.116	0.858	0.501	0.080	0.080	0.107	0.963	0.914	0.929	0.169	0.865	0.865	0.120	0.926	1.054	0.080	0.080	0.101	0.980	0.932	0.916	0.175	0.876	0.881	0.138	0.912	1.163	0.080	0.081	0.101	0.974	0.941	0.934	0.122	0.923	0.913	0.146	0.975	0.501	0.080	0.080	0.101	1.023	0.987	0.989	0.160	0.960	0.914	0.112	0.990	0.531	0.079	0.080	0.081	0.081	0.079	0.081	0.081	0.081	0.081	0.081	0.081	0.080	0.080
20:20:01	0.081	0.080	0.081	0.080	0.081	0.080	0.081	0.079	0.080	0.081	0.080	0.080	0.115	0.103	1.024	1.027	0.987	0.131	0.923	0.940	0.146	0.961	0.520	0.080	0.081	0.102	0.973	0.941	0.938	0.110	0.892	0.875	0.116	0.855	0.503	0.079	0.080	0.107	0.962	0.910	0.926	0.170	0.857	0.853	0.120	0.930	1.069	0.080	0.080	0.101	0.978	0.932	0.916	0.176	0.865	0.873	0.138	0.897	1.189	0.080	0.081	0.101	0.973	0.939	0.928	0.123	0.897	0.914	0.146	0.968	0.504	0.079	0.080	0.101	1.023	0.985	0.989	0.161	0.953	0.912	0.112	0.985	0.536	0.079	0.080	0.080	0.081	0.079	0.081	0.081	0.081	0.081	0.080	0.081	0.080	0.079
20:30:01	0.081	0.080	0.082	0.081	0.081	0.081	0.081	0.080	0.080	0.081	0.080	0.081	0.116	0.103	1.029	1.034	0.993	0.132	0.937	0.939	0.148	0.962	0.526	0.080	0.082	0.102	0.979	0.943	0.944	0.110	0.904	0.882	0.117	0.859	0.506	0.080	0.081	0.108	0.961	0.911	0.935	0.172	0.862	0.859	0.121	0.933	1.165	0.080	0.080	0.102	0.976	0.932	0.916	0.177	0.877	0.879	0.139	0.902	1.228	0.080	0.081	0.101	0.976	0.941	0.932	0.124	0.902	0.919	0.148	0.974	0.508	0.080	0.080	0.101	1.027	0.990	0.988	0.162	0.951	0.920	0.113	0.986	0.540	0.079	0.081	0.081	0.082	0.079	0.081	0.081	0.081	0.081	0.081	0.081	0.080	0.080
20:40:01	0.081	0.080	0.081	0.081	0.081	0.080	0.081	0.080	0.080	0.081	0.080	0.080	0.116	0.103	1.032	1.034	0.998	0.132	0.941	0.939	0.148	0.966	0.531	0.080	0.082	0.102	0.983	0.946	0.948	0.111	0.918	0.891	0.117	0.863	0.513	0.080	0.080	0.108	0.964	0.910	0.940	0.173	0.868	0.870	0.122	0.938	1.084	0.080	0.080	0.102	0.979	0.931	0.913	0.178	0.885	0.883	0.140	0.905	1.255	0.080	0.081	0.101	0.983	0.948	0.941	0.124	0.921	0.921	0.149	0.979	0.513	0.080	0.080	0.101	1.027	0.992	0.993	0.162	0.956	0.920	0.113	0.999	0.546	0.079	0.081	0.081	0.081	0.079	0.081	0.081	0.081	0.081	0.081	0.081	0.080	0.080
20:50:01	0.081	0.080	0.081	0.081	0.081	0.081	0.081	0.080	0.080	0.081	0.080	0.081	0.116	0.103	1.032	1.034	0.990	0.134	0.931	0.941	0.149	0.969	0.537	0.080	0.082	0.102	0.978	0.941	0.943	0.111	0.897	0.887	0.117	0.863	0.518	0.080	0.081	0.108	0.963	0.908	0.930	0.174	0.860	0.859	0.122	0.937	1.146	0.080	0.080	0.102	0.977	0.929	0.911	0.179	0.868	0.876	0.140	0.898	1.278	0.080	0.081	0.101	0.985	0.940	0.926	0.125	0.895	0.919	0.151	0.977	0.518	0.080	0.080	0.101	1.028	0.986	0.989	0.163	0.953	0.915	0.113	0.991	0.551	0.079	0.080	0.080	0.081	0.079	0.081	0.081	0.081	0.081	0.081	0.081	0.080	0.080
21:00:01	0.080	0.080	0.081	0.081	0.081	0.080	0.081	0.080	0.080	0.081	0.080	0.081	0.115	0.103	1.032	1.037	1.000	0.133	0.939	0.943	0.150	0.972	0.543	0.080	0.082	0.102	0.981	0.946	0.943	0.111	0.902	0.883	0.118	0.867	0.524	0.080	0.080	0.108	0.960	0.911	0.933	0.175	0.864	0.856	0.122	0.928	1.188	0.080	0.080	0.102	0.976	0.934	0.915	0.179	0.875	0.882	0.141	0.903	1.289	0.080	0.081	0.101	0.986	0.944	0.932	0.126	0.908	0.920	0.152	0.978	0.523	0.080	0.080	0.101	1.030	0.987	0.993	0.165	0.955	0.919	0.114	0.993	0.556	0.079	0.081	0.081	0.081	0.079	0.081	0.081	0.081	0.081	0.081	0.081	0.080	0.080
21:10:01	0.080	0.080	0.081	0.080	0.081	0.080	0.081	0.079	0.080	0.081	0.080	0.080	0.114	0.103	1.033	1.037	0.994	0.134	0.942	0.947	0.151	0.980	0.550	0.080	0.082	0.102	0.988	0.948	0.946	0.111	0.908	0.880	0.118	0.865	0.529	0.080	0.080	0.107	0.962	0.914	0.938	0.175	0.866	0.860	0.122	0.925	1.208	0.080	0.080	0.101	0.975	0.933	0.919	0.180	0.875	0.883	0.141	0.905	1.283	0.080	0.081	0.101	0.987	0.951	0.937	0.126	0.912	0.920	0.152	0.979	0.530	0.080	0.080	0.101	1.032	0.986	0.996	0.168	0.959	0.925	0.114	0.991	0.562	0.079	0.080	0.080	0.081	0.079	0.081	0.081	0.081	0.081	0.081	0.081	0.080	0.080
21:20:01	0.080	0.080	0.081	0.080	0.081	0.080	0.080	0.079	0.080	0.081	0.080	0.080	0.114	0.102	1.031	1.037	0.996	0.135	0.938	0.944	0.151	0.980	0.553	0.080	0.081	0.102	0.987	0.948	0.946	0.111	0.904	0.886	0.118	0.866	0.534	0.080	0.080	0.107	0.964	0.916	0.942	0.176	0.869	0.851	0.122	0.923	1.225	0.080	0.080	0.101	0.970	0.928	0.917	0.181	0.870	0.877	0.142	0.904	1.291	0.080	0.081	0.100	0.988	0.941	0.933	0.127	0.890	0.919	0.152	0.974	0.539	0.080	0.080	0.101	1.032	0.987	0.997	0.172	0.958	0.924	0.114	0.986	0.568	0.079	0.080	0.080	0.081	0.079	0.081	0.081	0.081	0.081	0.081	0.081	0.080	0.080
21:30:01	0.081	0.080	0.081	0.081	0.081	0.080	0.081	0.080	0.080	0.081	0.080	0.081	0.116	0.102	1.031	1.038	1.000	0.135	0.939	0.944	0.153	0.981	0.559	0.080	0.082	0.102	0.985	0.944	0.948	0.112	0.914	0.892	0.118	0.872	0.540	0.080	0.080	0.107	0.963	0.915	0.942	0.178	0.873	0.854	0.122	0.924	1.224	0.080	0.080	0.101	0.969	0.929	0.919	0.183	0.875	0.873	0.142	0.909	1.306	0.080	0.081	0.101	0.992	0.945	0.940	0.128	0.902	0.917	0.156	0.978	0.544	0.080	0.080	0.101	1.031	0.993	1.002	0.175	0.960	0.925	0.115	0.990	0.577	0.079	0.081	0.081	0.081	0.079	0.081	0.081	0.081	0.081	0.081	0.081	0.080	0.080
21:40:01	0.080	0.080	0.081	0.080	0.081	0.081	0.081	0.080	0.080	0.081	0.080	0.081	0.115	0.103	1.034	1.038	1.002	0.135	0.936	0.946	0.153	0.982	0.563	0.080	0.082	0.102	0.983	0.942	0.941	0.112	0.904	0.887	0.119	0.869	0.545	0.080	0.080	0.108	0.964	0.914	0.938	0.179	0.863	0.856	0.123	0.925	1.222	0.080	0.080	0.102	0.974	0.927	0.916	0.184	0.881	0.871	0.143	0.909	1.310	0.080	0.081	0.100	0.993	0.944	0.932	0.129	0.906	0.914	0.157	0.971	0.545	0.080	0.080	0.101	1.034	0.992	0.998	0.179	0.957	0.924	0.115	0.987	0.579	0.079	0.080	0.080	0.081	0.079	0.081	0.081	0.081	0.081	0.080	0.081	0.080	0.079
21:50:01	0.080	0.080	0.081	0.080	0.081	0.080	0.081	0.079	0.080	0.081	0.080	0.081	0.114	0.102	1.036	1.037	1.000	0.135	0.941	0.948	0.154	0.978	0.570	0.080	0.082	0.101	0.981	0.939	0.940	0.113	0.913	0.888	0.120	0.871	0.552	0.080	0.080	0.107	0.966	0.916	0.933	0.180	0.864	0.855	0.123	0.925	1.226	0.080	0.080	0.101	0.977	0.925	0.913	0.184	0.884	0.878	0.143	0.910	1.321	0.080	0.081	0.100	0.994	0.938	0.929	0.129	0.894	0.913	0.159	0.975	0.552	0.080	0.080	0.101	1.034	0.992	1.003	0.182	0.957	0.927	0.116	0.993	0.584	0.079	0.080	0.080	0.081	0.079	0.081	0.081	0.081	0.081	0.081	0.081	0.080	0.080
22:00:01	0.080	0.080	0.081	0.080	0.081	0.080	0.081	0.080	0.080	0.081	0.080	0.081	0.114	0.103	1.036	1.038	0.996	0.137	0.949	0.947	0.155	0.981	0.577	0.080	0.082	0.102	0.986	0.944	0.944	0.113	0.910	0.887	0.121	0.875	0.558	0.080	0.080	0.107	0.966	0.915	0.934	0.181	0.870	0.861	0.123	0.930	1.230	0.080	0.080	0.101	0.978	0.921	0.913	0.185	0.890	0.884	0.144	0.910	1.321	0.080	0.081	0.100	0.994	0.947	0.942	0.130	0.900	0.917	0.158	0.982	0.553	0.080	0.080	0.101	1.038	0.998	1.006	0.187	0.964	0.928	0.116	1.003	0.588	0.079	0.080	0.080	0.081	0.079	0.081	0.081	0.081	0.081	0.080	0.081	0.080	0.080
22:10:01	0.081	0.080	0.081	0.081	0.081	0.081	0.081	0.080	0.080	0.080	0.080	0.081	0.116	0.103	1.038	1.040	0.999	0.137	0.944	0.952	0.157	0.984	0.582	0.080	0.082	0.102	0.985	0.946	0.941	0.113	0.898	0.882	0.121	0.880	0.559	0.080	0.081	0.108	0.967	0.913	0.928	0.182	0.868	0.847	0.123	0.924	1.230	0.080	0.080	0.102	0.977	0.921	0.911	0.186	0.878	0.884	0.145	0.905	1.330	0.080	0.081	0.101	0.993	0.940	0.930	0.131	0.897	0.917	0.159	0.978	0.558	0.080	0.080	0.101	1.038	0.996	1.002	0.191	0.962	0.929	0.117	0.996	0.595	0.080	0.081	0.081	0.081	0.079	0.081	0.081	0.081	0.081	0.081	0.081	0.080	0.080
22:20:01	0.080	0.080	0.081	0.080	0.081	0.080	0.081	0.080	0.080	0.080	0.080	0.081	0.115	0.103	1.042	1.041	1.005	0.138	0.946	0.950	0.158	0.989	0.588	0.080	0.082	0.102	0.991	0.949	0.945	0.114	0.911	0.886	0.122	0.885	0.561	0.080	0.081	0.107	0.971	0.913	0.941	0.183	0.878	0.846	0.124	0.924	1.238	0.081	0.080	0.102	0.976	0.921	0.910	0.187	0.877	0.882	0.146	0.910	1.336	0.080	0.081	0.101	0.994	0.941	0.935	0.132	0.901	0.915	0.160	0.980	0.566	0.080	0.080	0.101	1.041	0.998	1.003	0.197	0.966	0.928	0.117	1.003	0.602	0.079	0.081	0.080	0.081	0.079	0.081	0.081	0.081	0.081	0.081	0.081	0.080	0.080
22:30:01	0.081	0.080	0.081	0.080	0.081	0.081	0.081	0.080	0.080	0.080	0.080	0.080	0.115	0.103	1.042	1.041	1.002	0.138	0.940	0.954	0.160	0.994	0.594	0.080	0.082	0.102	0.989	0.948	0.946	0.114	0.906	0.883	0.122	0.878	0.567	0.080	0.081	0.107	0.972	0.911	0.938	0.184	0.878	0.835	0.125	0.923	1.243	0.081	0.080	0.102	0.971	0.922	0.912	0.187	0.883	0.880	0.147	0.908	1.335	0.080	0.082	0.101	0.994	0.944	0.938	0.132	0.899	0.917	0.160	0.978	0.573	0.080	0.080	0.101	1.044	0.999	1.002	0.204	0.971	0.931	0.118	0.997	0.610	0.079	0.081	0.081	0.081	0.079	0.081	0.081	0.081	0.081	0.081	0.081	0.080	0.080
22:40:01	0.080	0.080	0.081	0.080	0.081	0.080	0.081	0.080	0.080	0.080	0.080	0.080	0.115	0.103	1.040	1.039	1.001	0.139	0.939	0.952	0.160	0.994	0.601	0.080	0.082	0.102	0.991	0.941	0.942	0.115	0.909	0.883	0.122	0.879	0.574	0.080	0.081	0.108	0.968	0.912	0.937	0.186	0.863	0.835	0.125	0.923	1.252	0.081	0.080	0.102	0.968	0.924	0.913	0.189	0.882	0.883	0.147	0.906	1.347	0.080	0.081	0.101	0.997	0.940	0.935	0.133	0.892	0.915	0.162	0.976	0.576	0.080	0.080	0.101	1.046	0.998	0.999	0.208	0.965	0.929	0.118	0.994	0.617	0.079	0.081	0.081	0.081	0.079	0.081	0.081	0.081	0.081	0.081	0.081	0.080	0.080
22:50:01	0.081	0.080	0.081	0.080	0.081	0.080	0.081	0.080	0.080	0.080	0.080	0.080	0.114	0.103	1.040	1.038	1.001	0.139	0.956	0.951	0.162	0.990	0.606	0.080	0.082	0.102	0.990	0.939	0.943	0.115	0.917	0.884	0.121	0.878	0.579	0.080	0.080	0.108	0.959	0.912	0.931	0.187	0.866	0.841	0.126	0.920	1.261	0.080	0.080	0.102	0.965	0.929	0.912	0.190	0.883	0.886	0.148	0.903	1.352	0.080	0.081	0.100	1.000	0.941	0.940	0.133	0.895	0.916	0.163	0.978	0.580	0.080	0.080	0.101	1.048	0.997	1.003	0.217	0.967	0.933	0.119	1.008	0.624	0.079	0.081	0.081	0.081	0.079	0.081	0.081	0.081	0.081	0.081	0.081	0.080	0.080
23:00:01	0.080	0.080	0.081	0.080	0.081	0.080	0.080	0.079	0.079	0.080	0.080	0.080	0.114	0.102	1.041	1.036	0.997	0.140	0.944	0.957	0.163	0.989	0.610	0.080	0.082	0.102	0.985	0.935	0.946	0.115	0.903	0.877	0.121	0.876	0.582	0.080	0.080	0.107	0.961	0.913	0.925	0.189	0.861	0.844	0.126	0.917	1.268	0.080	0.080	0.101	0.967	0.916	0.911	0.190	0.876	0.878	0.149	0.900	1.351	0.080	0.081	0.100	1.001	0.940	0.930	0.134	0.888	0.915	0.164	0.973	0.585	0.080	0.080	0.101	1.049	0.997	1.000	0.216	0.964	0.932	0.119	0.990	0.626	0.079	0.081	0.080	0.081	0.079	0.081	0.081	0.081	0.081	0.081	0.081	0.080	0.080
23:10:01	0.081	0.080	0.081	0.081	0.081	0.080	0.081	0.080	0.080	0.080	0.080	0.080	0.115	0.102	1.041	1.034	0.993	0.141	0.938	0.948	0.167	0.993	0.616	0.080	0.082	0.101	0.980	0.934	0.940	0.116	0.893	0.873	0.121	0.878	0.585	0.080	0.080	0.107	0.962	0.911	0.918	0.190	0.856	0.837	0.128	0.914	1.278	0.081	0.080	0.101	0.970	0.905	0.905	0.191	0.873	0.872	0.150	0.894	1.356	0.080	0.081	0.101	1.000	0.927	0.922	0.134	0.877	0.914	0.164	0.973	0.593	0.080	0.080	0.101	1.045	0.993	0.997	0.219	0.960	0.930	0.120	0.983	0.632	0.080	0.081	0.081	0.081	0.079	0.081	0.081	0.081	0.081	0.081	0.081	0.080	0.080
23:20:01	0.081	0.080	0.081	0.080	0.081	0.081	0.081	0.080	0.080	0.080	0.080	0.080	0.116	0.103	1.042	1.035	1.003	0.142	0.941	0.946	0.170	0.993	0.621	0.080	0.082	0.102	0.987	0.935	0.942	0.117	0.907	0.884	0.123	0.884	0.591	0.080	0.081	0.107	0.960	0.915	0.918	0.192	0.859	0.834	0.129	0.913	1.290	0.081	0.080	0.102	0.970	0.904	0.903	0.194	0.881	0.872	0.151	0.894	1.370	0.080	0.081	0.100	0.998	0.933	0.924	0.135	0.889	0.915	0.165	0.980	0.597	0.080	0.080	0.101	1.042	0.993	0.997	0.222	0.960	0.929	0.121	0.992	0.636	0.080	0.081	0.081	0.081	0.079	0.081	0.081	0.081	0.081	0.081	0.081	0.080	0.080
23:30:01	0.081	0.080	0.081	0.080	0.081	0.081	0.081	0.079	0.080	0.080	0.080	0.080	0.113	0.102	1.041	1.040	1.001	0.142	0.948	0.952	0.177	0.997	0.626	0.080	0.082	0.101	0.993	0.939	0.941	0.117	0.900	0.889	0.123	0.885	0.597	0.080	0.080	0.107	0.954	0.912	0.922	0.193	0.858	0.834	0.129	0.916	1.303	0.080	0.080	0.101	0.969	0.899	0.906	0.196	0.881	0.872	0.152	0.897	1.373	0.080	0.081	0.100	0.998	0.938	0.936	0.135	0.891	0.916	0.166	0.984	0.602	0.080	0.080	0.101	1.041	0.994	1.002	0.224	0.966	0.928	0.122	0.998	0.637	0.079	0.081	0.080	0.081	0.079	0.081	0.081	0.081	0.081	0.080	0.081	0.080	0.079
23:40:01	0.081	0.080	0.081	0.080	0.081	0.081	0.081	0.080	0.080	0.080	0.080	0.080	0.113	0.102	1.040	1.041	0.996	0.143	0.940	0.960	0.180	0.993	0.631	0.080	0.082	0.102	0.990	0.941	0.941	0.118	0.894	0.876	0.123	0.877	0.601	0.080	0.081	0.107	0.950	0.911	0.919	0.194	0.847	0.828	0.129	0.917	1.321	0.080	0.080	0.101	0.969	0.899	0.900	0.197	0.874	0.870	0.154	0.889	1.373	0.080	0.081	0.100	0.999	0.929	0.929	0.135	0.876	0.916	0.166	0.974	0.606	0.080	0.080	0.101	1.044	0.988	1.000	0.224	0.966	0.928	0.123	0.994	0.643	0.079	0.081	0.081	0.081	0.079	0.081	0.081	0.081	0.081	0.081	0.081	0.080	0.080
23:50:01	0.081	0.080	0.081	0.080	0.081	0.081	0.081	0.080	0.080	0.080	0.080	0.080	0.115	0.102	1.039	1.041	0.998	0.143	0.939	0.955	0.184	0.992	0.636	0.080	0.082	0.102	0.982	0.934	0.938	0.119	0.902	0.875	0.124	0.877	0.607	0.080	0.081	0.107	0.953	0.913	0.910	0.196	0.848	0.831	0.130	0.910	1.340	0.080	0.080	0.101	0.967	0.898	0.901	0.200	0.878	0.870	0.155	0.888	1.379	0.080	0.081	0.100	0.999	0.922	0.921	0.136	0.881	0.914	0.167	0.973	0.610	0.080	0.080	0.101	1.042	0.990	1.002	0.225	0.962	0.937	0.124	0.992	0.651	0.080	0.081	0.081	0.081	0.079	0.081	0.081	0.081	0.081	0.081	0.081	0.080	0.080
24:00:01	0.081	0.080	0.081	0.081	0.081	0.081	0.081	0.080	0.080	0.080	0.080	0.080	0.115	0.103	1.042	1.038	0.991	0.144	0.939	0.946	0.187	0.995	0.642	0.080	0.082	0.102	0.985	0.936	0.935	0.119	0.900	0.874	0.124	0.877	0.610	0.080	0.081	0.107	0.956	0.914	0.920	0.199	0.851	0.836	0.131	0.906	1.358	0.080	0.080	0.102	0.964	0.898	0.903	0.202	0.881	0.871	0.157	0.887	1.374	0.080	0.081	0.101	1.002	0.927	0.924	0.137	0.894	0.915	0.168	0.974	0.618	0.080	0.080	0.101	1.043	0.994	1.004	0.225	0.964	0.945	0.125	1.000	0.657	0.080	0.081	0.081	0.081	0.079	0.081	0.081	0.081	0.081	0.081	0.081	0.080	0.080

