Field Group

Plate Comment:	
Procedure Summary
  Plate Type:              Corning 96 well for LogPhase600
  Plate Number:            1
  Discontinuous Kinetics:  Runtime 01:00:00 (D:HH:MM), Interval 00:10:00 (HH:MM:SS), 145 Reads (max)
  Read:                    600 nm
  Incubator:               On
    Temperature setpoint:  37 °C
    Temperature gradient:  On
  Shaking:                 Off		
			
			

600

Time	A1	A2	A3	A4	A5	A6	A7	A8	A9	A10	A11	A12	B1	B2	B3	B4	B5	B6	B7	B8	B9	B10	B11	B12	C1	C2	C3	C4	C5	C6	C7	C8	C9	C10	C11	C12	D1	D2	D3	D4	D5	D6	D7	D8	D9	D10	D11	D12	E1	E2	E3	E4	E5	E6	E7	E8	E9	E10	E11	E12	F1	F2	F3	F4	F5	F6	F7	F8	F9	F10	F11	F12	G1	G2	G3	G4	G5	G6	G7	G8	G9	G10	G11	G12	H1	H2	H3	H4	H5	H6	H7	H8	H9	H10	H11	H12
0:00:00	0.079	0.079	0.079	0.079	0.079	0.079	0.079	0.080	0.079	0.079	0.078	0.079	0.079	0.102	0.186	0.243	0.265	0.125	0.129	0.140	0.103	0.124	0.102	0.080	0.079	0.102	0.212	0.221	0.293	0.109	0.119	0.182	0.104	0.157	0.102	0.079	0.079	0.102	0.206	0.215	0.176	0.126	0.107	0.115	0.102	0.117	0.102	0.079	0.079	0.101	0.199	0.229	0.271	0.123	0.274	0.120	0.102	0.171	0.101	0.078	0.079	0.102	0.202	0.232	0.286	0.126	0.134	0.166	0.101	0.106	0.100	0.079	0.079	0.103	0.174	0.246	0.274	0.120	0.212	0.286	0.102	0.154	0.101	0.079	0.078	0.078	0.079	0.079	0.079	0.079	0.079	0.079	0.079	0.080	0.079	0.079
0:10:00	0.079	0.079	0.079	0.079	0.079	0.079	0.079	0.080	0.079	0.079	0.078	0.079	0.079	0.102	0.181	0.238	0.248	0.125	0.133	0.147	0.103	0.122	0.102	0.080	0.079	0.102	0.219	0.223	0.272	0.109	0.128	0.187	0.103	0.164	0.102	0.079	0.079	0.102	0.228	0.234	0.175	0.120	0.108	0.115	0.102	0.120	0.102	0.079	0.079	0.101	0.193	0.229	0.270	0.120	0.299	0.120	0.102	0.205	0.101	0.078	0.079	0.102	0.202	0.221	0.278	0.125	0.129	0.171	0.101	0.105	0.100	0.079	0.079	0.103	0.184	0.250	0.244	0.119	0.209	0.277	0.102	0.138	0.101	0.079	0.078	0.078	0.079	0.079	0.079	0.079	0.079	0.079	0.079	0.080	0.079	0.079
0:20:01	0.079	0.079	0.079	0.079	0.079	0.079	0.079	0.080	0.079	0.079	0.078	0.079	0.079	0.102	0.184	0.242	0.243	0.129	0.133	0.144	0.104	0.126	0.103	0.081	0.079	0.102	0.227	0.228	0.265	0.109	0.131	0.190	0.103	0.158	0.103	0.079	0.079	0.102	0.234	0.230	0.174	0.119	0.111	0.118	0.102	0.118	0.102	0.079	0.079	0.101	0.193	0.227	0.261	0.114	0.295	0.121	0.102	0.197	0.101	0.078	0.079	0.102	0.195	0.211	0.259	0.124	0.133	0.176	0.101	0.104	0.100	0.079	0.079	0.103	0.208	0.260	0.235	0.119	0.210	0.245	0.102	0.144	0.101	0.078	0.078	0.078	0.079	0.078	0.079	0.078	0.079	0.079	0.079	0.080	0.079	0.078
0:30:00	0.079	0.079	0.079	0.078	0.078	0.079	0.079	0.079	0.078	0.079	0.078	0.079	0.078	0.101	0.191	0.243	0.245	0.134	0.135	0.143	0.103	0.131	0.102	0.080	0.079	0.101	0.231	0.229	0.260	0.108	0.136	0.185	0.103	0.157	0.102	0.079	0.079	0.101	0.233	0.227	0.176	0.129	0.109	0.118	0.101	0.123	0.102	0.079	0.079	0.101	0.199	0.232	0.250	0.115	0.303	0.122	0.102	0.202	0.100	0.078	0.079	0.102	0.201	0.211	0.256	0.123	0.136	0.179	0.101	0.104	0.100	0.078	0.078	0.103	0.211	0.269	0.230	0.118	0.204	0.278	0.102	0.142	0.101	0.078	0.078	0.078	0.079	0.078	0.078	0.078	0.078	0.078	0.078	0.079	0.079	0.078
0:40:01	0.079	0.079	0.079	0.079	0.079	0.079	0.079	0.080	0.079	0.079	0.078	0.079	0.079	0.102	0.195	0.242	0.249	0.135	0.138	0.144	0.104	0.133	0.102	0.080	0.079	0.102	0.232	0.232	0.259	0.110	0.140	0.186	0.103	0.160	0.103	0.079	0.079	0.102	0.231	0.227	0.173	0.129	0.110	0.119	0.102	0.126	0.102	0.079	0.079	0.101	0.202	0.228	0.247	0.123	0.301	0.124	0.102	0.202	0.101	0.078	0.079	0.102	0.202	0.213	0.251	0.124	0.137	0.180	0.101	0.104	0.100	0.079	0.079	0.103	0.220	0.269	0.228	0.119	0.204	0.258	0.102	0.146	0.101	0.078	0.078	0.079	0.079	0.078	0.079	0.079	0.079	0.079	0.079	0.080	0.079	0.078
0:50:01	0.079	0.079	0.079	0.079	0.079	0.079	0.079	0.080	0.079	0.079	0.078	0.079	0.079	0.102	0.200	0.243	0.254	0.133	0.142	0.148	0.103	0.134	0.102	0.080	0.079	0.102	0.227	0.231	0.258	0.112	0.142	0.185	0.103	0.164	0.103	0.079	0.079	0.102	0.230	0.225	0.172	0.133	0.111	0.121	0.102	0.127	0.102	0.079	0.079	0.101	0.207	0.230	0.243	0.129	0.304	0.125	0.102	0.205	0.101	0.078	0.079	0.102	0.206	0.212	0.249	0.126	0.139	0.178	0.101	0.104	0.100	0.078	0.079	0.103	0.225	0.267	0.225	0.120	0.203	0.260	0.102	0.147	0.101	0.078	0.078	0.078	0.079	0.078	0.079	0.078	0.079	0.079	0.079	0.080	0.079	0.078
1:00:01	0.079	0.079	0.079	0.079	0.079	0.079	0.079	0.080	0.079	0.079	0.078	0.079	0.079	0.102	0.209	0.245	0.257	0.135	0.143	0.150	0.103	0.132	0.102	0.080	0.079	0.102	0.224	0.232	0.259	0.112	0.144	0.186	0.103	0.167	0.103	0.079	0.079	0.102	0.234	0.225	0.174	0.134	0.111	0.122	0.102	0.129	0.102	0.079	0.079	0.101	0.210	0.232	0.241	0.133	0.315	0.127	0.102	0.209	0.101	0.078	0.079	0.102	0.207	0.215	0.249	0.128	0.141	0.174	0.101	0.104	0.100	0.078	0.079	0.103	0.233	0.267	0.225	0.119	0.199	0.282	0.102	0.147	0.101	0.078	0.078	0.078	0.079	0.078	0.079	0.078	0.079	0.079	0.079	0.080	0.079	0.078
1:10:01	0.079	0.079	0.079	0.079	0.079	0.079	0.079	0.080	0.079	0.079	0.078	0.079	0.079	0.102	0.212	0.248	0.263	0.137	0.145	0.150	0.103	0.131	0.102	0.081	0.079	0.102	0.225	0.234	0.259	0.114	0.145	0.187	0.103	0.167	0.103	0.079	0.079	0.102	0.235	0.226	0.174	0.136	0.111	0.123	0.102	0.130	0.102	0.079	0.079	0.101	0.214	0.231	0.238	0.133	0.320	0.128	0.102	0.212	0.101	0.078	0.079	0.102	0.211	0.218	0.251	0.130	0.143	0.173	0.101	0.104	0.100	0.079	0.079	0.103	0.237	0.266	0.225	0.120	0.199	0.277	0.102	0.146	0.101	0.078	0.078	0.079	0.079	0.078	0.079	0.079	0.079	0.079	0.079	0.080	0.079	0.079
1:20:01	0.079	0.079	0.079	0.079	0.079	0.079	0.079	0.080	0.079	0.079	0.078	0.079	0.079	0.102	0.214	0.251	0.267	0.140	0.146	0.151	0.104	0.130	0.103	0.081	0.079	0.102	0.226	0.237	0.259	0.116	0.146	0.188	0.103	0.166	0.103	0.079	0.079	0.102	0.236	0.226	0.175	0.134	0.112	0.123	0.102	0.129	0.102	0.079	0.079	0.101	0.217	0.231	0.237	0.131	0.319	0.129	0.102	0.212	0.101	0.078	0.079	0.102	0.214	0.220	0.249	0.130	0.145	0.172	0.101	0.104	0.100	0.079	0.079	0.103	0.238	0.265	0.226	0.121	0.200	0.256	0.102	0.146	0.101	0.078	0.078	0.078	0.079	0.078	0.079	0.078	0.079	0.079	0.079	0.080	0.079	0.078
1:30:01	0.079	0.079	0.079	0.079	0.079	0.079	0.079	0.080	0.079	0.079	0.079	0.079	0.079	0.102	0.218	0.254	0.271	0.144	0.147	0.150	0.104	0.130	0.102	0.081	0.080	0.102	0.229	0.239	0.258	0.118	0.146	0.188	0.104	0.167	0.103	0.079	0.080	0.102	0.241	0.228	0.177	0.134	0.113	0.124	0.102	0.130	0.102	0.079	0.080	0.101	0.220	0.232	0.236	0.131	0.322	0.129	0.102	0.213	0.101	0.078	0.079	0.102	0.216	0.222	0.249	0.132	0.146	0.170	0.101	0.104	0.100	0.079	0.079	0.103	0.239	0.265	0.229	0.123	0.200	0.256	0.102	0.146	0.101	0.078	0.079	0.079	0.079	0.078	0.079	0.079	0.079	0.079	0.079	0.080	0.079	0.079
1:40:01	0.079	0.079	0.079	0.079	0.079	0.079	0.079	0.080	0.079	0.079	0.078	0.079	0.079	0.102	0.221	0.258	0.274	0.144	0.149	0.150	0.103	0.129	0.102	0.080	0.079	0.102	0.233	0.242	0.261	0.118	0.146	0.188	0.103	0.167	0.103	0.079	0.079	0.102	0.244	0.229	0.178	0.135	0.114	0.124	0.102	0.130	0.102	0.079	0.079	0.101	0.224	0.232	0.237	0.129	0.325	0.130	0.102	0.216	0.100	0.078	0.079	0.102	0.218	0.223	0.250	0.133	0.147	0.169	0.101	0.104	0.100	0.079	0.079	0.103	0.242	0.265	0.231	0.124	0.201	0.254	0.102	0.146	0.101	0.079	0.079	0.079	0.079	0.078	0.079	0.079	0.079	0.079	0.079	0.080	0.079	0.079
1:50:01	0.079	0.079	0.079	0.079	0.079	0.079	0.079	0.080	0.079	0.079	0.078	0.079	0.079	0.102	0.225	0.260	0.276	0.146	0.151	0.150	0.103	0.129	0.102	0.081	0.079	0.102	0.236	0.242	0.261	0.119	0.147	0.189	0.103	0.167	0.102	0.079	0.079	0.102	0.248	0.231	0.180	0.136	0.115	0.124	0.102	0.130	0.102	0.079	0.079	0.101	0.225	0.233	0.237	0.128	0.326	0.130	0.102	0.218	0.100	0.079	0.079	0.102	0.221	0.226	0.250	0.133	0.148	0.168	0.101	0.105	0.100	0.079	0.079	0.103	0.244	0.265	0.231	0.125	0.202	0.253	0.102	0.146	0.101	0.079	0.079	0.079	0.079	0.078	0.079	0.079	0.079	0.079	0.079	0.080	0.079	0.079
2:00:01	0.079	0.079	0.079	0.079	0.079	0.079	0.079	0.080	0.079	0.079	0.079	0.080	0.079	0.102	0.227	0.265	0.280	0.146	0.151	0.150	0.103	0.128	0.102	0.081	0.079	0.102	0.239	0.245	0.263	0.119	0.147	0.189	0.103	0.167	0.102	0.079	0.079	0.102	0.253	0.233	0.180	0.136	0.116	0.124	0.102	0.129	0.102	0.079	0.079	0.101	0.228	0.234	0.238	0.128	0.328	0.131	0.102	0.219	0.101	0.079	0.079	0.102	0.225	0.229	0.254	0.132	0.149	0.168	0.101	0.104	0.100	0.079	0.079	0.103	0.247	0.265	0.235	0.125	0.202	0.249	0.102	0.146	0.101	0.079	0.079	0.079	0.079	0.078	0.079	0.079	0.079	0.079	0.079	0.080	0.079	0.079
2:10:01	0.079	0.079	0.079	0.079	0.079	0.079	0.079	0.080	0.079	0.079	0.079	0.079	0.079	0.102	0.231	0.269	0.283	0.146	0.152	0.150	0.104	0.128	0.102	0.081	0.079	0.102	0.243	0.247	0.263	0.119	0.148	0.190	0.103	0.168	0.103	0.079	0.080	0.102	0.257	0.236	0.180	0.137	0.118	0.123	0.102	0.129	0.102	0.079	0.079	0.101	0.231	0.234	0.238	0.128	0.333	0.131	0.102	0.222	0.100	0.078	0.079	0.102	0.228	0.231	0.258	0.132	0.151	0.169	0.100	0.104	0.100	0.079	0.079	0.103	0.249	0.265	0.238	0.124	0.203	0.268	0.102	0.146	0.101	0.078	0.078	0.078	0.079	0.078	0.079	0.078	0.079	0.079	0.079	0.080	0.079	0.078
2:20:01	0.079	0.079	0.079	0.079	0.079	0.079	0.079	0.080	0.079	0.079	0.078	0.079	0.079	0.102	0.232	0.271	0.282	0.150	0.152	0.150	0.103	0.128	0.102	0.080	0.079	0.101	0.246	0.248	0.265	0.119	0.148	0.190	0.103	0.168	0.103	0.079	0.079	0.101	0.259	0.237	0.182	0.136	0.118	0.123	0.101	0.128	0.102	0.079	0.079	0.101	0.233	0.235	0.239	0.129	0.335	0.131	0.102	0.224	0.100	0.078	0.079	0.102	0.230	0.233	0.257	0.132	0.151	0.170	0.100	0.104	0.100	0.079	0.079	0.103	0.252	0.266	0.239	0.125	0.205	0.256	0.102	0.146	0.101	0.078	0.078	0.078	0.079	0.078	0.079	0.078	0.079	0.079	0.079	0.080	0.079	0.079
2:30:01	0.079	0.079	0.079	0.079	0.079	0.079	0.079	0.080	0.079	0.079	0.079	0.079	0.079	0.102	0.236	0.278	0.288	0.151	0.153	0.151	0.104	0.128	0.102	0.080	0.079	0.102	0.250	0.252	0.267	0.119	0.149	0.192	0.103	0.169	0.103	0.079	0.080	0.102	0.263	0.241	0.183	0.137	0.120	0.124	0.102	0.128	0.102	0.079	0.079	0.101	0.239	0.238	0.242	0.130	0.335	0.132	0.102	0.225	0.100	0.078	0.079	0.102	0.235	0.237	0.261	0.132	0.153	0.169	0.100	0.104	0.100	0.079	0.079	0.103	0.256	0.268	0.244	0.125	0.206	0.260	0.102	0.146	0.101	0.078	0.079	0.079	0.079	0.078	0.079	0.079	0.079	0.079	0.079	0.080	0.079	0.079
2:40:01	0.079	0.079	0.079	0.079	0.079	0.079	0.079	0.080	0.079	0.079	0.078	0.079	0.079	0.102	0.239	0.280	0.291	0.152	0.153	0.151	0.104	0.129	0.102	0.081	0.079	0.102	0.255	0.254	0.270	0.120	0.151	0.193	0.103	0.170	0.103	0.079	0.080	0.102	0.268	0.244	0.185	0.137	0.121	0.124	0.102	0.129	0.102	0.079	0.079	0.101	0.242	0.240	0.245	0.131	0.337	0.133	0.102	0.227	0.100	0.078	0.079	0.102	0.238	0.241	0.264	0.133	0.154	0.169	0.101	0.104	0.100	0.079	0.079	0.103	0.261	0.270	0.248	0.126	0.206	0.265	0.103	0.147	0.101	0.079	0.079	0.079	0.079	0.078	0.079	0.079	0.079	0.079	0.079	0.080	0.079	0.079
2:50:01	0.079	0.079	0.079	0.079	0.079	0.079	0.079	0.080	0.079	0.079	0.079	0.079	0.079	0.102	0.242	0.283	0.294	0.152	0.154	0.152	0.104	0.129	0.102	0.081	0.079	0.102	0.261	0.258	0.275	0.120	0.152	0.194	0.103	0.171	0.103	0.079	0.079	0.102	0.272	0.248	0.187	0.137	0.122	0.124	0.102	0.129	0.102	0.079	0.079	0.101	0.246	0.244	0.248	0.132	0.344	0.134	0.102	0.231	0.100	0.079	0.079	0.102	0.243	0.244	0.269	0.133	0.156	0.169	0.101	0.105	0.100	0.079	0.079	0.103	0.265	0.272	0.252	0.127	0.205	0.284	0.103	0.148	0.101	0.079	0.079	0.079	0.079	0.079	0.079	0.079	0.079	0.079	0.079	0.080	0.080	0.079
3:00:01	0.080	0.079	0.079	0.079	0.079	0.079	0.080	0.080	0.079	0.080	0.079	0.080	0.079	0.102	0.245	0.288	0.296	0.152	0.155	0.152	0.104	0.130	0.102	0.081	0.080	0.102	0.264	0.262	0.278	0.121	0.153	0.195	0.103	0.171	0.103	0.079	0.080	0.102	0.276	0.252	0.189	0.137	0.123	0.125	0.102	0.130	0.103	0.079	0.080	0.101	0.252	0.247	0.253	0.133	0.342	0.135	0.102	0.232	0.101	0.079	0.079	0.102	0.248	0.248	0.272	0.133	0.157	0.169	0.101	0.104	0.100	0.079	0.079	0.103	0.272	0.275	0.257	0.127	0.208	0.263	0.103	0.149	0.101	0.079	0.079	0.079	0.079	0.078	0.079	0.079	0.079	0.079	0.079	0.080	0.080	0.079
3:10:01	0.079	0.079	0.079	0.079	0.079	0.079	0.079	0.080	0.079	0.079	0.079	0.080	0.079	0.102	0.246	0.290	0.296	0.153	0.155	0.152	0.104	0.130	0.103	0.081	0.079	0.102	0.267	0.263	0.282	0.121	0.154	0.196	0.104	0.172	0.104	0.079	0.079	0.102	0.280	0.253	0.191	0.137	0.124	0.126	0.102	0.130	0.103	0.079	0.080	0.101	0.253	0.248	0.256	0.133	0.345	0.136	0.102	0.235	0.101	0.078	0.079	0.102	0.248	0.251	0.274	0.133	0.158	0.170	0.101	0.105	0.100	0.079	0.079	0.103	0.275	0.275	0.260	0.128	0.209	0.263	0.103	0.150	0.101	0.079	0.079	0.079	0.079	0.078	0.079	0.079	0.079	0.079	0.079	0.080	0.080	0.079
3:20:01	0.080	0.079	0.079	0.079	0.079	0.079	0.079	0.080	0.079	0.080	0.079	0.080	0.079	0.102	0.252	0.299	0.301	0.153	0.156	0.153	0.104	0.130	0.102	0.081	0.080	0.102	0.278	0.270	0.287	0.122	0.155	0.197	0.103	0.174	0.104	0.079	0.080	0.102	0.284	0.260	0.193	0.138	0.125	0.126	0.102	0.131	0.103	0.079	0.080	0.101	0.263	0.254	0.262	0.134	0.347	0.137	0.102	0.237	0.101	0.079	0.079	0.102	0.255	0.258	0.279	0.133	0.159	0.169	0.100	0.104	0.100	0.079	0.079	0.103	0.283	0.278	0.267	0.128	0.209	0.262	0.103	0.150	0.101	0.079	0.079	0.079	0.079	0.078	0.079	0.079	0.079	0.079	0.079	0.080	0.080	0.079
3:30:01	0.079	0.079	0.079	0.079	0.079	0.079	0.079	0.080	0.079	0.079	0.079	0.079	0.079	0.102	0.258	0.304	0.304	0.153	0.156	0.153	0.104	0.131	0.102	0.081	0.079	0.102	0.285	0.272	0.292	0.122	0.157	0.198	0.103	0.176	0.103	0.079	0.079	0.102	0.290	0.264	0.195	0.138	0.126	0.126	0.101	0.132	0.103	0.079	0.080	0.101	0.264	0.258	0.265	0.134	0.352	0.138	0.102	0.240	0.100	0.079	0.079	0.102	0.259	0.260	0.282	0.133	0.160	0.168	0.101	0.105	0.101	0.079	0.079	0.103	0.291	0.282	0.271	0.128	0.210	0.282	0.103	0.152	0.102	0.079	0.079	0.079	0.079	0.079	0.079	0.079	0.079	0.079	0.079	0.080	0.079	0.079
3:40:01	0.080	0.079	0.079	0.079	0.079	0.079	0.079	0.080	0.079	0.079	0.079	0.080	0.079	0.102	0.258	0.311	0.306	0.153	0.157	0.153	0.104	0.131	0.102	0.081	0.079	0.102	0.291	0.280	0.300	0.122	0.157	0.199	0.103	0.176	0.104	0.079	0.080	0.101	0.294	0.269	0.198	0.138	0.126	0.127	0.101	0.132	0.103	0.079	0.080	0.101	0.271	0.264	0.272	0.134	0.354	0.140	0.102	0.242	0.100	0.079	0.079	0.102	0.264	0.268	0.290	0.133	0.160	0.169	0.101	0.105	0.101	0.079	0.079	0.103	0.297	0.283	0.277	0.128	0.212	0.257	0.104	0.153	0.102	0.079	0.079	0.079	0.079	0.079	0.079	0.079	0.079	0.079	0.079	0.080	0.079	0.079
3:50:01	0.080	0.079	0.080	0.079	0.079	0.080	0.080	0.080	0.079	0.080	0.079	0.080	0.079	0.102	0.263	0.318	0.311	0.153	0.157	0.154	0.104	0.132	0.102	0.081	0.080	0.102	0.302	0.287	0.304	0.123	0.159	0.202	0.103	0.178	0.104	0.079	0.080	0.102	0.300	0.274	0.201	0.139	0.127	0.127	0.102	0.133	0.103	0.079	0.080	0.101	0.276	0.269	0.274	0.134	0.360	0.141	0.102	0.246	0.101	0.079	0.079	0.102	0.268	0.274	0.294	0.134	0.162	0.170	0.101	0.105	0.101	0.079	0.079	0.103	0.305	0.286	0.281	0.129	0.214	0.258	0.104	0.155	0.102	0.079	0.079	0.079	0.079	0.079	0.079	0.079	0.079	0.079	0.079	0.080	0.080	0.079
4:00:01	0.079	0.079	0.079	0.079	0.079	0.079	0.079	0.080	0.079	0.079	0.079	0.080	0.079	0.101	0.264	0.315	0.311	0.153	0.158	0.155	0.104	0.133	0.103	0.081	0.079	0.101	0.307	0.288	0.304	0.123	0.160	0.203	0.103	0.179	0.105	0.079	0.079	0.101	0.305	0.278	0.203	0.139	0.128	0.127	0.102	0.134	0.104	0.079	0.079	0.100	0.275	0.270	0.279	0.134	0.360	0.142	0.102	0.244	0.100	0.078	0.079	0.101	0.271	0.274	0.293	0.133	0.163	0.171	0.100	0.105	0.100	0.079	0.078	0.102	0.309	0.288	0.282	0.129	0.216	0.261	0.103	0.157	0.102	0.079	0.078	0.078	0.079	0.078	0.079	0.078	0.079	0.079	0.079	0.079	0.079	0.079
4:10:01	0.080	0.079	0.079	0.079	0.079	0.079	0.079	0.080	0.079	0.080	0.079	0.080	0.079	0.102	0.273	0.330	0.319	0.152	0.158	0.156	0.104	0.134	0.103	0.081	0.080	0.102	0.321	0.302	0.313	0.123	0.162	0.205	0.103	0.182	0.105	0.079	0.080	0.102	0.313	0.289	0.208	0.140	0.129	0.128	0.102	0.135	0.104	0.079	0.080	0.101	0.285	0.280	0.288	0.135	0.367	0.144	0.102	0.252	0.101	0.079	0.079	0.102	0.286	0.285	0.302	0.134	0.165	0.172	0.101	0.105	0.101	0.079	0.079	0.103	0.319	0.294	0.293	0.130	0.218	0.270	0.104	0.160	0.102	0.079	0.079	0.079	0.079	0.079	0.079	0.079	0.079	0.079	0.079	0.080	0.080	0.079
4:20:01	0.080	0.079	0.079	0.079	0.079	0.079	0.079	0.080	0.079	0.080	0.079	0.080	0.079	0.102	0.282	0.341	0.322	0.152	0.159	0.157	0.104	0.134	0.103	0.081	0.080	0.102	0.330	0.306	0.313	0.124	0.163	0.207	0.103	0.184	0.106	0.079	0.080	0.102	0.318	0.295	0.212	0.140	0.129	0.128	0.102	0.136	0.104	0.079	0.080	0.101	0.296	0.282	0.295	0.135	0.374	0.145	0.102	0.257	0.101	0.079	0.079	0.102	0.293	0.286	0.302	0.135	0.166	0.172	0.100	0.105	0.101	0.079	0.079	0.103	0.325	0.298	0.294	0.130	0.220	0.273	0.104	0.162	0.103	0.079	0.079	0.079	0.079	0.078	0.079	0.079	0.079	0.079	0.079	0.080	0.079	0.079
4:30:01	0.080	0.079	0.080	0.079	0.079	0.080	0.080	0.080	0.079	0.080	0.079	0.080	0.079	0.102	0.289	0.350	0.327	0.151	0.160	0.158	0.105	0.134	0.103	0.081	0.080	0.102	0.335	0.317	0.318	0.124	0.165	0.210	0.103	0.186	0.107	0.079	0.080	0.102	0.325	0.304	0.220	0.140	0.130	0.129	0.102	0.137	0.105	0.079	0.080	0.101	0.309	0.293	0.306	0.136	0.383	0.148	0.102	0.261	0.101	0.079	0.079	0.102	0.304	0.302	0.313	0.135	0.167	0.172	0.101	0.106	0.102	0.079	0.079	0.103	0.339	0.305	0.300	0.130	0.220	0.276	0.104	0.165	0.103	0.079	0.079	0.079	0.079	0.079	0.079	0.079	0.079	0.079	0.079	0.080	0.080	0.079
4:40:01	0.080	0.079	0.080	0.079	0.079	0.080	0.080	0.080	0.079	0.080	0.079	0.080	0.079	0.102	0.297	0.365	0.333	0.150	0.160	0.160	0.105	0.135	0.103	0.081	0.080	0.102	0.349	0.325	0.327	0.125	0.167	0.213	0.103	0.188	0.107	0.079	0.080	0.102	0.338	0.316	0.227	0.140	0.131	0.129	0.102	0.138	0.106	0.079	0.080	0.101	0.324	0.300	0.312	0.136	0.394	0.150	0.102	0.269	0.101	0.079	0.080	0.102	0.317	0.315	0.319	0.136	0.168	0.173	0.101	0.106	0.102	0.079	0.079	0.103	0.351	0.310	0.305	0.130	0.222	0.274	0.104	0.168	0.104	0.079	0.079	0.079	0.079	0.079	0.079	0.079	0.079	0.079	0.079	0.080	0.080	0.079
4:50:01	0.080	0.079	0.080	0.079	0.079	0.080	0.080	0.080	0.079	0.080	0.079	0.080	0.079	0.102	0.300	0.372	0.334	0.150	0.161	0.161	0.105	0.136	0.103	0.081	0.080	0.102	0.357	0.327	0.327	0.125	0.168	0.215	0.103	0.191	0.109	0.079	0.080	0.102	0.344	0.319	0.229	0.140	0.132	0.130	0.102	0.139	0.106	0.079	0.080	0.101	0.334	0.304	0.312	0.137	0.399	0.151	0.102	0.270	0.101	0.079	0.079	0.102	0.332	0.320	0.322	0.136	0.168	0.173	0.101	0.106	0.102	0.079	0.079	0.103	0.357	0.312	0.307	0.131	0.223	0.276	0.104	0.170	0.104	0.079	0.079	0.079	0.079	0.078	0.079	0.079	0.079	0.079	0.079	0.080	0.080	0.079
5:00:01	0.080	0.080	0.080	0.079	0.079	0.080	0.080	0.080	0.080	0.080	0.079	0.080	0.079	0.102	0.316	0.385	0.342	0.150	0.162	0.163	0.105	0.136	0.103	0.081	0.080	0.102	0.368	0.342	0.341	0.125	0.170	0.219	0.104	0.195	0.110	0.079	0.080	0.102	0.358	0.332	0.239	0.140	0.133	0.130	0.102	0.141	0.107	0.079	0.080	0.101	0.347	0.317	0.331	0.138	0.403	0.155	0.102	0.284	0.101	0.079	0.080	0.102	0.338	0.330	0.331	0.137	0.170	0.174	0.101	0.107	0.103	0.079	0.079	0.103	0.374	0.322	0.318	0.131	0.226	0.277	0.104	0.175	0.105	0.079	0.079	0.079	0.079	0.079	0.079	0.079	0.079	0.079	0.079	0.080	0.080	0.079
5:10:01	0.080	0.079	0.079	0.079	0.079	0.079	0.079	0.080	0.079	0.080	0.079	0.080	0.079	0.102	0.332	0.396	0.348	0.149	0.162	0.164	0.105	0.136	0.103	0.081	0.079	0.102	0.382	0.353	0.354	0.125	0.172	0.222	0.103	0.199	0.111	0.079	0.079	0.102	0.365	0.348	0.243	0.140	0.133	0.130	0.102	0.141	0.107	0.079	0.080	0.101	0.356	0.326	0.341	0.137	0.409	0.157	0.102	0.293	0.101	0.079	0.079	0.102	0.354	0.333	0.342	0.137	0.172	0.173	0.101	0.107	0.103	0.079	0.079	0.103	0.392	0.331	0.329	0.131	0.226	0.297	0.104	0.179	0.105	0.079	0.079	0.079	0.079	0.079	0.079	0.079	0.079	0.079	0.079	0.080	0.080	0.079
5:20:01	0.080	0.079	0.079	0.079	0.079	0.079	0.079	0.080	0.079	0.080	0.079	0.080	0.079	0.101	0.334	0.401	0.354	0.149	0.163	0.166	0.104	0.137	0.103	0.081	0.080	0.102	0.386	0.364	0.361	0.126	0.174	0.225	0.103	0.202	0.112	0.079	0.080	0.101	0.372	0.357	0.246	0.140	0.134	0.131	0.102	0.143	0.108	0.079	0.080	0.101	0.366	0.335	0.350	0.138	0.416	0.160	0.102	0.300	0.101	0.079	0.079	0.102	0.359	0.334	0.346	0.137	0.172	0.174	0.101	0.107	0.104	0.079	0.079	0.103	0.403	0.332	0.329	0.132	0.228	0.294	0.105	0.182	0.106	0.079	0.079	0.079	0.079	0.079	0.079	0.079	0.079	0.079	0.080	0.080	0.080	0.079
5:30:01	0.080	0.080	0.080	0.079	0.079	0.080	0.080	0.080	0.080	0.080	0.079	0.080	0.079	0.102	0.339	0.414	0.365	0.149	0.164	0.168	0.105	0.138	0.103	0.081	0.080	0.102	0.401	0.372	0.370	0.126	0.176	0.230	0.103	0.206	0.113	0.079	0.080	0.102	0.381	0.374	0.253	0.141	0.136	0.131	0.102	0.144	0.109	0.079	0.080	0.101	0.376	0.348	0.364	0.138	0.428	0.163	0.102	0.305	0.102	0.079	0.080	0.102	0.368	0.352	0.354	0.138	0.174	0.175	0.101	0.107	0.104	0.079	0.079	0.102	0.416	0.340	0.337	0.132	0.232	0.274	0.105	0.187	0.107	0.079	0.079	0.079	0.079	0.079	0.079	0.079	0.079	0.079	0.079	0.080	0.080	0.079
5:40:01	0.080	0.080	0.080	0.079	0.079	0.080	0.080	0.080	0.079	0.080	0.079	0.080	0.079	0.102	0.350	0.428	0.376	0.148	0.165	0.170	0.105	0.139	0.104	0.081	0.080	0.102	0.420	0.381	0.380	0.127	0.179	0.234	0.103	0.210	0.114	0.079	0.080	0.102	0.390	0.378	0.262	0.141	0.136	0.131	0.102	0.146	0.111	0.079	0.080	0.101	0.386	0.361	0.372	0.138	0.442	0.165	0.102	0.303	0.102	0.079	0.079	0.101	0.385	0.367	0.362	0.138	0.175	0.178	0.100	0.107	0.105	0.079	0.079	0.102	0.432	0.350	0.348	0.131	0.233	0.294	0.104	0.191	0.108	0.079	0.079	0.079	0.079	0.078	0.079	0.079	0.079	0.079	0.079	0.080	0.080	0.079
5:50:01	0.080	0.079	0.080	0.079	0.079	0.079	0.080	0.080	0.079	0.080	0.079	0.080	0.079	0.102	0.361	0.435	0.373	0.148	0.167	0.172	0.105	0.140	0.104	0.081	0.080	0.101	0.433	0.394	0.393	0.127	0.181	0.238	0.103	0.216	0.115	0.079	0.080	0.101	0.399	0.396	0.274	0.141	0.137	0.132	0.102	0.147	0.112	0.079	0.080	0.101	0.393	0.375	0.376	0.138	0.443	0.169	0.102	0.304	0.102	0.079	0.079	0.102	0.392	0.370	0.366	0.138	0.177	0.179	0.101	0.107	0.106	0.079	0.079	0.103	0.449	0.351	0.357	0.132	0.236	0.284	0.105	0.199	0.109	0.079	0.079	0.079	0.079	0.079	0.079	0.079	0.079	0.079	0.079	0.080	0.080	0.079
6:00:01	0.080	0.080	0.080	0.079	0.079	0.080	0.080	0.080	0.080	0.080	0.079	0.080	0.079	0.102	0.379	0.448	0.385	0.148	0.168	0.176	0.105	0.141	0.104	0.081	0.080	0.102	0.442	0.408	0.402	0.127	0.184	0.244	0.103	0.223	0.116	0.079	0.080	0.102	0.414	0.412	0.288	0.141	0.138	0.132	0.102	0.149	0.113	0.079	0.080	0.101	0.412	0.390	0.384	0.138	0.459	0.173	0.102	0.314	0.102	0.079	0.080	0.102	0.404	0.380	0.379	0.139	0.181	0.180	0.101	0.108	0.107	0.079	0.079	0.103	0.466	0.361	0.372	0.132	0.238	0.309	0.105	0.205	0.111	0.079	0.079	0.079	0.079	0.079	0.079	0.079	0.079	0.079	0.079	0.080	0.080	0.079
6:10:01	0.080	0.079	0.080	0.079	0.079	0.080	0.080	0.080	0.079	0.080	0.079	0.080	0.079	0.102	0.385	0.455	0.390	0.148	0.169	0.179	0.105	0.142	0.105	0.081	0.080	0.102	0.442	0.407	0.404	0.128	0.187	0.247	0.103	0.226	0.117	0.079	0.080	0.102	0.421	0.419	0.300	0.142	0.140	0.133	0.102	0.151	0.114	0.079	0.080	0.101	0.421	0.398	0.391	0.138	0.455	0.177	0.102	0.315	0.103	0.079	0.080	0.102	0.410	0.384	0.389	0.139	0.181	0.181	0.101	0.108	0.108	0.079	0.079	0.103	0.470	0.360	0.379	0.132	0.242	0.294	0.105	0.208	0.112	0.079	0.079	0.079	0.079	0.079	0.079	0.079	0.079	0.079	0.079	0.080	0.080	0.079
6:20:01	0.080	0.080	0.080	0.079	0.079	0.080	0.080	0.080	0.079	0.080	0.079	0.080	0.079	0.102	0.397	0.463	0.402	0.148	0.170	0.183	0.105	0.143	0.106	0.081	0.080	0.102	0.456	0.424	0.415	0.128	0.190	0.255	0.104	0.237	0.118	0.079	0.080	0.102	0.435	0.431	0.315	0.143	0.140	0.133	0.102	0.153	0.115	0.079	0.080	0.101	0.438	0.412	0.403	0.139	0.465	0.182	0.102	0.324	0.103	0.079	0.080	0.102	0.424	0.395	0.398	0.140	0.183	0.181	0.101	0.108	0.109	0.079	0.079	0.103	0.485	0.374	0.387	0.133	0.244	0.294	0.106	0.220	0.112	0.079	0.080	0.079	0.079	0.079	0.079	0.079	0.079	0.079	0.079	0.080	0.080	0.079
6:30:01	0.080	0.080	0.080	0.079	0.080	0.080	0.080	0.080	0.079	0.080	0.079	0.080	0.079	0.102	0.405	0.473	0.411	0.147	0.172	0.187	0.105	0.144	0.106	0.081	0.080	0.102	0.469	0.442	0.428	0.129	0.193	0.265	0.104	0.244	0.119	0.079	0.080	0.102	0.447	0.448	0.333	0.143	0.142	0.133	0.102	0.155	0.116	0.080	0.080	0.101	0.453	0.420	0.414	0.139	0.475	0.187	0.102	0.338	0.104	0.079	0.080	0.102	0.434	0.412	0.404	0.140	0.186	0.183	0.101	0.108	0.110	0.079	0.079	0.103	0.496	0.385	0.394	0.132	0.247	0.312	0.106	0.233	0.114	0.079	0.079	0.079	0.079	0.079	0.079	0.079	0.079	0.079	0.079	0.080	0.080	0.079
6:40:01	0.080	0.080	0.080	0.080	0.079	0.080	0.080	0.080	0.079	0.080	0.079	0.080	0.079	0.102	0.411	0.482	0.415	0.148	0.174	0.191	0.106	0.146	0.107	0.081	0.080	0.102	0.475	0.443	0.444	0.130	0.197	0.271	0.104	0.247	0.119	0.079	0.080	0.102	0.452	0.450	0.338	0.144	0.143	0.134	0.102	0.158	0.117	0.079	0.080	0.101	0.459	0.423	0.422	0.140	0.479	0.191	0.102	0.336	0.104	0.079	0.080	0.102	0.442	0.411	0.409	0.140	0.187	0.185	0.101	0.108	0.111	0.079	0.079	0.103	0.502	0.392	0.393	0.133	0.251	0.296	0.106	0.240	0.114	0.079	0.079	0.079	0.079	0.079	0.079	0.079	0.079	0.079	0.079	0.080	0.080	0.079
6:50:01	0.081	0.080	0.080	0.080	0.080	0.080	0.080	0.081	0.079	0.080	0.079	0.080	0.080	0.102	0.421	0.503	0.433	0.148	0.175	0.197	0.106	0.147	0.107	0.081	0.080	0.102	0.498	0.459	0.447	0.130	0.201	0.281	0.104	0.264	0.120	0.080	0.080	0.102	0.472	0.472	0.352	0.144	0.144	0.134	0.102	0.160	0.117	0.080	0.080	0.101	0.468	0.450	0.440	0.141	0.487	0.197	0.102	0.355	0.105	0.079	0.080	0.102	0.452	0.426	0.421	0.141	0.190	0.186	0.101	0.108	0.112	0.079	0.079	0.103	0.525	0.402	0.407	0.134	0.254	0.296	0.107	0.250	0.115	0.079	0.080	0.079	0.080	0.079	0.080	0.079	0.079	0.079	0.079	0.080	0.080	0.079
7:00:01	0.080	0.080	0.080	0.080	0.079	0.080	0.080	0.080	0.079	0.080	0.079	0.080	0.079	0.102	0.429	0.520	0.447	0.148	0.175	0.202	0.105	0.149	0.107	0.081	0.080	0.102	0.517	0.473	0.452	0.131	0.206	0.298	0.104	0.272	0.121	0.079	0.080	0.102	0.488	0.490	0.361	0.145	0.145	0.134	0.102	0.162	0.118	0.079	0.080	0.101	0.476	0.462	0.456	0.141	0.496	0.203	0.102	0.375	0.106	0.079	0.080	0.102	0.459	0.441	0.431	0.142	0.192	0.187	0.101	0.109	0.112	0.079	0.079	0.103	0.542	0.412	0.419	0.135	0.256	0.298	0.107	0.258	0.115	0.079	0.080	0.079	0.079	0.079	0.079	0.079	0.079	0.079	0.079	0.080	0.080	0.079
7:10:01	0.080	0.079	0.080	0.080	0.079	0.080	0.080	0.080	0.079	0.080	0.079	0.080	0.079	0.101	0.438	0.541	0.453	0.147	0.178	0.209	0.105	0.150	0.108	0.081	0.080	0.102	0.523	0.474	0.464	0.131	0.211	0.303	0.103	0.281	0.121	0.079	0.080	0.101	0.499	0.505	0.366	0.145	0.146	0.135	0.102	0.166	0.118	0.080	0.080	0.101	0.485	0.478	0.463	0.141	0.502	0.209	0.102	0.376	0.106	0.079	0.080	0.102	0.465	0.450	0.432	0.142	0.194	0.192	0.101	0.109	0.113	0.079	0.079	0.103	0.559	0.419	0.423	0.135	0.259	0.315	0.107	0.259	0.117	0.079	0.080	0.079	0.079	0.079	0.080	0.079	0.079	0.079	0.080	0.080	0.080	0.079
7:20:01	0.080	0.080	0.080	0.080	0.080	0.080	0.080	0.081	0.079	0.080	0.079	0.079	0.080	0.102	0.448	0.555	0.460	0.148	0.181	0.216	0.105	0.151	0.109	0.081	0.080	0.102	0.533	0.496	0.483	0.132	0.216	0.313	0.104	0.294	0.122	0.080	0.080	0.102	0.514	0.517	0.380	0.146	0.147	0.135	0.102	0.167	0.119	0.080	0.080	0.101	0.501	0.496	0.480	0.141	0.512	0.216	0.102	0.385	0.107	0.079	0.080	0.102	0.474	0.461	0.444	0.142	0.196	0.194	0.101	0.109	0.113	0.079	0.079	0.102	0.572	0.432	0.436	0.136	0.263	0.295	0.108	0.268	0.116	0.079	0.080	0.079	0.080	0.079	0.080	0.079	0.079	0.079	0.080	0.080	0.080	0.079
7:30:01	0.080	0.080	0.080	0.079	0.079	0.080	0.080	0.080	0.079	0.080	0.079	0.079	0.079	0.101	0.466	0.565	0.467	0.148	0.184	0.223	0.105	0.153	0.110	0.081	0.080	0.101	0.540	0.513	0.499	0.133	0.223	0.325	0.104	0.299	0.124	0.080	0.080	0.101	0.525	0.525	0.391	0.146	0.148	0.136	0.102	0.166	0.119	0.079	0.080	0.100	0.519	0.497	0.490	0.141	0.518	0.222	0.102	0.402	0.107	0.079	0.079	0.101	0.487	0.472	0.450	0.141	0.197	0.200	0.100	0.108	0.113	0.079	0.079	0.102	0.582	0.440	0.455	0.136	0.263	0.296	0.107	0.280	0.116	0.079	0.079	0.079	0.079	0.078	0.079	0.079	0.079	0.079	0.079	0.080	0.080	0.079
7:40:01	0.080	0.080	0.080	0.080	0.080	0.080	0.080	0.080	0.079	0.080	0.079	0.079	0.079	0.102	0.474	0.574	0.482	0.149	0.187	0.233	0.105	0.157	0.111	0.081	0.080	0.102	0.553	0.519	0.508	0.133	0.229	0.325	0.104	0.319	0.124	0.080	0.080	0.102	0.541	0.542	0.403	0.147	0.150	0.136	0.102	0.173	0.120	0.080	0.080	0.101	0.535	0.511	0.510	0.142	0.522	0.233	0.102	0.411	0.108	0.079	0.080	0.102	0.500	0.491	0.462	0.143	0.200	0.202	0.101	0.109	0.115	0.079	0.079	0.103	0.606	0.454	0.461	0.137	0.266	0.304	0.108	0.296	0.118	0.079	0.080	0.079	0.080	0.079	0.080	0.079	0.079	0.079	0.079	0.080	0.080	0.079
7:50:01	0.080	0.080	0.080	0.080	0.079	0.080	0.080	0.080	0.079	0.080	0.079	0.079	0.079	0.101	0.479	0.596	0.502	0.149	0.188	0.241	0.105	0.159	0.112	0.081	0.080	0.101	0.573	0.533	0.516	0.134	0.236	0.328	0.104	0.340	0.125	0.079	0.080	0.101	0.560	0.562	0.421	0.147	0.152	0.137	0.102	0.174	0.121	0.079	0.080	0.101	0.548	0.526	0.520	0.143	0.531	0.242	0.102	0.418	0.109	0.079	0.080	0.102	0.515	0.505	0.475	0.143	0.203	0.202	0.101	0.109	0.116	0.079	0.079	0.103	0.630	0.467	0.473	0.137	0.267	0.329	0.108	0.315	0.119	0.079	0.080	0.079	0.079	0.079	0.079	0.079	0.079	0.079	0.079	0.080	0.080	0.079
8:00:01	0.081	0.080	0.080	0.080	0.080	0.080	0.080	0.081	0.079	0.080	0.079	0.079	0.080	0.102	0.488	0.604	0.507	0.150	0.189	0.250	0.106	0.162	0.112	0.081	0.080	0.102	0.573	0.541	0.522	0.135	0.245	0.310	0.104	0.336	0.127	0.080	0.080	0.102	0.568	0.571	0.424	0.147	0.154	0.137	0.102	0.173	0.122	0.080	0.080	0.101	0.556	0.535	0.526	0.143	0.530	0.249	0.102	0.425	0.110	0.079	0.080	0.102	0.527	0.507	0.480	0.144	0.206	0.210	0.101	0.109	0.116	0.079	0.080	0.103	0.649	0.473	0.489	0.139	0.271	0.317	0.109	0.335	0.119	0.079	0.080	0.079	0.080	0.079	0.080	0.079	0.079	0.079	0.080	0.080	0.080	0.079
8:10:01	0.080	0.080	0.080	0.080	0.080	0.080	0.080	0.081	0.079	0.080	0.079	0.079	0.080	0.102	0.498	0.623	0.521	0.150	0.193	0.264	0.106	0.164	0.113	0.081	0.080	0.102	0.584	0.551	0.533	0.136	0.253	0.301	0.104	0.353	0.128	0.080	0.080	0.102	0.589	0.587	0.434	0.148	0.155	0.138	0.102	0.178	0.122	0.080	0.080	0.101	0.573	0.553	0.530	0.144	0.535	0.266	0.102	0.438	0.111	0.079	0.080	0.102	0.549	0.526	0.489	0.144	0.209	0.206	0.101	0.109	0.117	0.079	0.080	0.103	0.672	0.488	0.503	0.139	0.274	0.314	0.110	0.351	0.120	0.079	0.080	0.080	0.080	0.079	0.080	0.079	0.079	0.080	0.080	0.080	0.080	0.079
8:20:01	0.080	0.080	0.080	0.080	0.080	0.080	0.080	0.079	0.079	0.080	0.079	0.080	0.080	0.102	0.514	0.638	0.529	0.150	0.193	0.277	0.106	0.163	0.115	0.081	0.080	0.102	0.594	0.568	0.542	0.137	0.264	0.295	0.104	0.370	0.130	0.080	0.080	0.102	0.604	0.605	0.450	0.148	0.157	0.138	0.102	0.181	0.123	0.080	0.080	0.101	0.587	0.558	0.538	0.144	0.550	0.275	0.102	0.457	0.111	0.079	0.080	0.102	0.559	0.536	0.497	0.145	0.211	0.208	0.101	0.109	0.118	0.079	0.079	0.103	0.692	0.502	0.517	0.139	0.279	0.318	0.110	0.367	0.120	0.079	0.080	0.079	0.080	0.079	0.079	0.079	0.079	0.079	0.080	0.080	0.080	0.079
8:30:01	0.081	0.080	0.080	0.080	0.080	0.080	0.080	0.079	0.079	0.080	0.079	0.079	0.080	0.102	0.518	0.645	0.534	0.150	0.197	0.289	0.107	0.166	0.116	0.081	0.080	0.102	0.604	0.577	0.551	0.138	0.274	0.291	0.104	0.371	0.131	0.080	0.080	0.102	0.612	0.618	0.462	0.148	0.159	0.139	0.102	0.187	0.124	0.080	0.081	0.101	0.598	0.562	0.549	0.145	0.554	0.279	0.102	0.468	0.112	0.079	0.080	0.102	0.564	0.546	0.508	0.145	0.214	0.211	0.101	0.109	0.119	0.079	0.080	0.103	0.707	0.512	0.527	0.140	0.282	0.341	0.110	0.371	0.122	0.079	0.080	0.080	0.080	0.079	0.080	0.079	0.079	0.080	0.080	0.081	0.080	0.079
8:40:01	0.080	0.080	0.080	0.080	0.080	0.080	0.080	0.079	0.079	0.080	0.079	0.080	0.079	0.101	0.525	0.667	0.552	0.150	0.201	0.306	0.106	0.168	0.117	0.081	0.080	0.102	0.623	0.595	0.567	0.139	0.282	0.294	0.104	0.395	0.132	0.080	0.080	0.102	0.627	0.629	0.473	0.149	0.161	0.139	0.102	0.187	0.124	0.080	0.080	0.101	0.612	0.579	0.560	0.145	0.564	0.299	0.102	0.471	0.112	0.079	0.080	0.102	0.579	0.560	0.525	0.145	0.215	0.208	0.101	0.109	0.120	0.079	0.080	0.103	0.722	0.529	0.542	0.141	0.287	0.320	0.111	0.380	0.122	0.079	0.080	0.079	0.080	0.079	0.080	0.079	0.079	0.079	0.080	0.080	0.080	0.079
8:50:01	0.080	0.080	0.080	0.080	0.080	0.080	0.080	0.079	0.079	0.080	0.079	0.080	0.079	0.101	0.541	0.677	0.564	0.148	0.204	0.325	0.107	0.166	0.119	0.081	0.080	0.101	0.638	0.612	0.574	0.139	0.295	0.292	0.104	0.418	0.133	0.080	0.080	0.101	0.646	0.641	0.484	0.149	0.166	0.140	0.102	0.189	0.125	0.080	0.080	0.101	0.628	0.595	0.576	0.145	0.578	0.313	0.102	0.483	0.113	0.079	0.080	0.102	0.597	0.570	0.542	0.146	0.218	0.211	0.101	0.110	0.121	0.079	0.080	0.102	0.746	0.546	0.560	0.141	0.290	0.338	0.111	0.394	0.123	0.079	0.080	0.079	0.080	0.079	0.080	0.079	0.079	0.080	0.080	0.080	0.080	0.079
9:00:01	0.080	0.080	0.080	0.080	0.080	0.080	0.080	0.079	0.079	0.080	0.079	0.080	0.080	0.102	0.537	0.690	0.570	0.148	0.209	0.339	0.107	0.170	0.121	0.081	0.080	0.102	0.649	0.624	0.574	0.141	0.308	0.291	0.104	0.420	0.135	0.080	0.080	0.102	0.664	0.652	0.496	0.149	0.168	0.140	0.102	0.195	0.126	0.080	0.080	0.101	0.633	0.603	0.579	0.146	0.583	0.324	0.102	0.486	0.114	0.079	0.080	0.102	0.606	0.579	0.545	0.146	0.221	0.215	0.101	0.109	0.122	0.080	0.080	0.102	0.770	0.559	0.572	0.142	0.294	0.316	0.111	0.401	0.124	0.079	0.080	0.079	0.080	0.079	0.080	0.079	0.079	0.080	0.080	0.080	0.080	0.079
9:10:01	0.080	0.080	0.080	0.080	0.080	0.080	0.080	0.079	0.079	0.080	0.079	0.080	0.080	0.102	0.551	0.707	0.585	0.149	0.211	0.356	0.107	0.172	0.122	0.081	0.080	0.102	0.667	0.641	0.595	0.142	0.326	0.295	0.104	0.449	0.137	0.080	0.080	0.102	0.677	0.663	0.515	0.150	0.172	0.141	0.102	0.197	0.127	0.080	0.080	0.101	0.652	0.622	0.594	0.147	0.593	0.341	0.102	0.503	0.115	0.079	0.080	0.102	0.623	0.593	0.560	0.147	0.224	0.219	0.101	0.109	0.123	0.080	0.080	0.103	0.796	0.584	0.589	0.142	0.297	0.333	0.111	0.415	0.126	0.079	0.080	0.079	0.080	0.079	0.080	0.079	0.079	0.079	0.080	0.081	0.080	0.079
9:20:01	0.080	0.080	0.080	0.080	0.079	0.080	0.080	0.079	0.079	0.080	0.079	0.080	0.079	0.101	0.560	0.723	0.594	0.151	0.214	0.375	0.107	0.175	0.125	0.081	0.080	0.101	0.676	0.659	0.600	0.143	0.341	0.293	0.104	0.450	0.138	0.080	0.080	0.101	0.690	0.669	0.523	0.150	0.174	0.142	0.102	0.197	0.127	0.080	0.080	0.100	0.661	0.625	0.599	0.147	0.584	0.354	0.102	0.504	0.115	0.079	0.079	0.101	0.638	0.607	0.573	0.146	0.227	0.225	0.100	0.109	0.124	0.079	0.079	0.102	0.820	0.599	0.598	0.142	0.301	0.323	0.111	0.428	0.126	0.079	0.080	0.079	0.079	0.078	0.079	0.079	0.079	0.079	0.079	0.080	0.080	0.079
9:30:01	0.080	0.080	0.080	0.080	0.080	0.080	0.080	0.079	0.079	0.080	0.079	0.080	0.080	0.102	0.568	0.744	0.608	0.151	0.216	0.401	0.107	0.177	0.127	0.081	0.080	0.102	0.690	0.674	0.613	0.144	0.360	0.294	0.104	0.466	0.140	0.080	0.080	0.102	0.709	0.678	0.537	0.151	0.178	0.142	0.102	0.200	0.128	0.080	0.080	0.101	0.667	0.636	0.606	0.148	0.595	0.376	0.102	0.515	0.116	0.079	0.080	0.102	0.655	0.618	0.588	0.147	0.230	0.225	0.101	0.110	0.125	0.079	0.080	0.103	0.843	0.620	0.618	0.143	0.302	0.332	0.112	0.435	0.127	0.079	0.080	0.080	0.080	0.079	0.080	0.079	0.079	0.080	0.080	0.081	0.080	0.079
9:40:01	0.080	0.080	0.080	0.080	0.080	0.080	0.080	0.079	0.079	0.080	0.079	0.079	0.079	0.101	0.585	0.765	0.618	0.151	0.216	0.448	0.107	0.178	0.130	0.081	0.080	0.101	0.709	0.692	0.637	0.145	0.381	0.297	0.104	0.493	0.141	0.080	0.080	0.101	0.726	0.692	0.547	0.151	0.181	0.143	0.102	0.203	0.128	0.080	0.080	0.101	0.683	0.650	0.626	0.148	0.609	0.383	0.102	0.536	0.117	0.079	0.080	0.101	0.669	0.626	0.605	0.148	0.234	0.227	0.101	0.110	0.126	0.079	0.079	0.102	0.861	0.643	0.641	0.143	0.303	0.355	0.112	0.445	0.128	0.079	0.080	0.079	0.080	0.079	0.080	0.079	0.079	0.079	0.080	0.080	0.080	0.079
9:50:01	0.080	0.080	0.080	0.080	0.080	0.080	0.080	0.079	0.079	0.080	0.079	0.079	0.080	0.102	0.582	0.785	0.630	0.152	0.222	0.459	0.107	0.182	0.132	0.081	0.080	0.102	0.718	0.701	0.656	0.147	0.403	0.299	0.104	0.493	0.142	0.080	0.080	0.102	0.740	0.704	0.551	0.152	0.182	0.144	0.103	0.206	0.129	0.080	0.080	0.101	0.691	0.666	0.633	0.149	0.617	0.385	0.102	0.537	0.118	0.079	0.080	0.102	0.684	0.641	0.616	0.148	0.238	0.234	0.101	0.110	0.128	0.080	0.080	0.103	0.883	0.660	0.657	0.144	0.307	0.339	0.112	0.447	0.129	0.079	0.080	0.080	0.080	0.079	0.080	0.079	0.079	0.080	0.080	0.080	0.080	0.079
10:00:01	0.080	0.080	0.080	0.080	0.080	0.080	0.080	0.079	0.079	0.080	0.079	0.079	0.080	0.102	0.595	0.799	0.657	0.151	0.225	0.499	0.107	0.185	0.131	0.081	0.080	0.102	0.740	0.732	0.669	0.147	0.431	0.303	0.105	0.500	0.144	0.080	0.080	0.102	0.758	0.719	0.566	0.153	0.182	0.144	0.102	0.208	0.130	0.080	0.080	0.101	0.703	0.680	0.651	0.150	0.628	0.406	0.102	0.545	0.119	0.079	0.080	0.102	0.701	0.656	0.632	0.149	0.242	0.238	0.101	0.110	0.129	0.080	0.080	0.103	0.895	0.684	0.676	0.145	0.308	0.353	0.112	0.447	0.130	0.079	0.080	0.080	0.080	0.079	0.080	0.079	0.079	0.080	0.080	0.080	0.080	0.079
10:10:01	0.080	0.080	0.080	0.080	0.080	0.080	0.080	0.079	0.079	0.080	0.079	0.079	0.080	0.101	0.610	0.817	0.678	0.152	0.225	0.537	0.107	0.186	0.132	0.081	0.080	0.101	0.758	0.747	0.680	0.148	0.460	0.305	0.105	0.513	0.145	0.080	0.080	0.102	0.777	0.734	0.578	0.153	0.181	0.145	0.103	0.209	0.131	0.080	0.080	0.101	0.717	0.684	0.665	0.150	0.633	0.420	0.102	0.559	0.121	0.079	0.080	0.102	0.724	0.670	0.646	0.149	0.248	0.240	0.101	0.110	0.130	0.079	0.080	0.103	0.893	0.709	0.700	0.145	0.309	0.357	0.112	0.454	0.129	0.079	0.079	0.079	0.080	0.079	0.080	0.079	0.079	0.079	0.080	0.080	0.080	0.079
10:20:01	0.080	0.080	0.080	0.080	0.080	0.080	0.080	0.079	0.079	0.080	0.080	0.079	0.080	0.102	0.611	0.831	0.689	0.151	0.228	0.561	0.107	0.191	0.134	0.081	0.080	0.102	0.767	0.768	0.690	0.150	0.490	0.309	0.105	0.514	0.147	0.080	0.080	0.102	0.787	0.743	0.589	0.154	0.184	0.145	0.103	0.212	0.133	0.080	0.081	0.101	0.733	0.693	0.677	0.151	0.637	0.421	0.102	0.546	0.122	0.079	0.080	0.102	0.743	0.684	0.657	0.149	0.255	0.246	0.101	0.110	0.132	0.080	0.080	0.103	0.922	0.733	0.713	0.146	0.312	0.359	0.113	0.466	0.130	0.079	0.079	0.080	0.080	0.079	0.080	0.079	0.079	0.079	0.080	0.081	0.081	0.079
10:30:01	0.080	0.080	0.080	0.080	0.080	0.080	0.080	0.079	0.079	0.080	0.079	0.079	0.080	0.101	0.619	0.860	0.714	0.153	0.233	0.587	0.108	0.189	0.135	0.081	0.080	0.102	0.785	0.790	0.707	0.150	0.519	0.314	0.105	0.532	0.147	0.080	0.080	0.101	0.806	0.755	0.602	0.154	0.184	0.145	0.102	0.214	0.133	0.080	0.080	0.101	0.744	0.705	0.704	0.152	0.638	0.444	0.102	0.556	0.122	0.079	0.080	0.102	0.757	0.709	0.678	0.150	0.259	0.248	0.101	0.110	0.133	0.079	0.080	0.103	0.953	0.749	0.737	0.147	0.315	0.339	0.113	0.467	0.132	0.079	0.079	0.080	0.080	0.079	0.080	0.079	0.079	0.080	0.080	0.080	0.079	0.079
10:40:01	0.080	0.080	0.080	0.080	0.080	0.080	0.080	0.080	0.079	0.080	0.079	0.080	0.080	0.101	0.623	0.884	0.734	0.153	0.236	0.616	0.108	0.191	0.136	0.081	0.080	0.101	0.805	0.817	0.720	0.152	0.539	0.316	0.104	0.555	0.148	0.080	0.080	0.101	0.819	0.771	0.615	0.155	0.186	0.146	0.102	0.217	0.134	0.080	0.080	0.100	0.753	0.717	0.717	0.152	0.648	0.461	0.102	0.567	0.124	0.080	0.080	0.101	0.762	0.727	0.699	0.150	0.262	0.251	0.101	0.111	0.134	0.080	0.080	0.102	0.978	0.769	0.755	0.149	0.320	0.340	0.113	0.465	0.135	0.079	0.079	0.079	0.080	0.079	0.080	0.079	0.080	0.080	0.080	0.080	0.079	0.079
10:50:01	0.080	0.080	0.080	0.080	0.080	0.080	0.080	0.080	0.079	0.080	0.080	0.080	0.080	0.101	0.631	0.906	0.748	0.154	0.243	0.643	0.108	0.194	0.138	0.081	0.080	0.102	0.821	0.837	0.740	0.153	0.607	0.321	0.105	0.549	0.151	0.080	0.080	0.102	0.834	0.779	0.626	0.156	0.190	0.147	0.103	0.223	0.136	0.080	0.081	0.101	0.770	0.733	0.735	0.153	0.650	0.465	0.102	0.565	0.125	0.079	0.080	0.102	0.720	0.737	0.713	0.150	0.269	0.254	0.101	0.111	0.136	0.080	0.080	0.102	0.997	0.799	0.768	0.151	0.323	0.359	0.113	0.466	0.137	0.079	0.079	0.080	0.080	0.079	0.080	0.080	0.080	0.080	0.080	0.081	0.079	0.079
11:00:01	0.080	0.080	0.080	0.080	0.080	0.080	0.080	0.080	0.079	0.080	0.079	0.080	0.080	0.101	0.639	0.931	0.772	0.154	0.245	0.672	0.108	0.194	0.139	0.081	0.080	0.101	0.844	0.859	0.762	0.154	0.638	0.324	0.105	0.554	0.150	0.080	0.080	0.101	0.853	0.788	0.637	0.157	0.189	0.147	0.103	0.224	0.138	0.080	0.080	0.100	0.781	0.744	0.763	0.153	0.656	0.483	0.102	0.578	0.126	0.079	0.080	0.101	0.713	0.765	0.732	0.150	0.273	0.258	0.100	0.110	0.137	0.079	0.079	0.102	1.007	0.824	0.786	0.153	0.327	0.362	0.113	0.470	0.137	0.079	0.079	0.079	0.079	0.078	0.079	0.079	0.079	0.079	0.079	0.080	0.079	0.078
11:10:01	0.080	0.080	0.080	0.080	0.080	0.080	0.080	0.080	0.079	0.080	0.079	0.080	0.080	0.101	0.650	0.948	0.792	0.152	0.248	0.691	0.108	0.198	0.141	0.081	0.080	0.101	0.863	0.872	0.779	0.154	0.646	0.328	0.105	0.559	0.151	0.080	0.080	0.101	0.875	0.795	0.644	0.158	0.191	0.148	0.103	0.226	0.139	0.080	0.080	0.101	0.790	0.754	0.768	0.154	0.659	0.486	0.102	0.580	0.128	0.079	0.080	0.102	0.697	0.781	0.747	0.151	0.279	0.264	0.101	0.111	0.139	0.080	0.080	0.103	1.020	0.692	0.809	0.157	0.332	0.357	0.113	0.474	0.139	0.079	0.079	0.080	0.080	0.079	0.080	0.079	0.079	0.080	0.080	0.081	0.079	0.079
11:20:01	0.080	0.080	0.080	0.080	0.080	0.080	0.080	0.079	0.079	0.080	0.079	0.079	0.080	0.101	0.661	0.969	0.812	0.152	0.253	0.708	0.109	0.198	0.142	0.081	0.080	0.101	0.871	0.889	0.799	0.156	0.663	0.331	0.105	0.571	0.152	0.080	0.080	0.101	0.890	0.801	0.656	0.159	0.193	0.148	0.103	0.231	0.140	0.080	0.080	0.100	0.798	0.762	0.781	0.155	0.666	0.501	0.102	0.582	0.131	0.079	0.080	0.101	0.713	0.801	0.763	0.151	0.287	0.265	0.101	0.111	0.141	0.079	0.080	0.102	1.028	0.684	0.830	0.156	0.332	0.379	0.113	0.474	0.140	0.079	0.079	0.079	0.080	0.079	0.080	0.079	0.079	0.079	0.080	0.080	0.079	0.079
11:30:01	0.080	0.080	0.080	0.080	0.080	0.080	0.080	0.080	0.080	0.080	0.079	0.080	0.080	0.102	0.672	0.988	0.828	0.152	0.257	0.725	0.109	0.198	0.143	0.081	0.080	0.101	0.881	0.912	0.815	0.157	0.671	0.334	0.105	0.577	0.153	0.080	0.081	0.102	0.910	0.815	0.666	0.160	0.193	0.148	0.103	0.233	0.142	0.080	0.080	0.101	0.808	0.771	0.793	0.156	0.675	0.520	0.102	0.592	0.131	0.080	0.080	0.102	0.724	0.825	0.787	0.152	0.295	0.266	0.101	0.111	0.141	0.080	0.080	0.102	1.042	0.694	0.858	0.158	0.335	0.365	0.113	0.472	0.141	0.079	0.080	0.080	0.080	0.079	0.080	0.079	0.080	0.080	0.080	0.081	0.079	0.079
11:40:01	0.080	0.080	0.080	0.080	0.080	0.080	0.080	0.080	0.079	0.080	0.079	0.080	0.080	0.101	0.684	1.003	0.846	0.156	0.260	0.733	0.109	0.199	0.145	0.081	0.080	0.102	0.900	0.932	0.826	0.158	0.685	0.339	0.105	0.586	0.154	0.080	0.081	0.101	0.929	0.824	0.672	0.161	0.196	0.150	0.103	0.235	0.143	0.080	0.081	0.101	0.820	0.773	0.802	0.156	0.677	0.524	0.102	0.608	0.135	0.080	0.080	0.102	0.745	0.845	0.805	0.153	0.303	0.270	0.101	0.112	0.143	0.080	0.080	0.103	1.053	0.713	0.881	0.157	0.337	0.382	0.114	0.471	0.142	0.080	0.080	0.080	0.080	0.079	0.080	0.080	0.080	0.080	0.080	0.081	0.080	0.079
11:50:01	0.080	0.080	0.080	0.080	0.080	0.080	0.080	0.080	0.079	0.080	0.079	0.080	0.080	0.101	0.691	1.019	0.867	0.155	0.265	0.747	0.109	0.197	0.145	0.081	0.080	0.101	0.918	0.944	0.848	0.159	0.698	0.344	0.105	0.596	0.155	0.080	0.080	0.101	0.948	0.839	0.687	0.161	0.198	0.149	0.103	0.240	0.144	0.080	0.080	0.101	0.833	0.777	0.826	0.157	0.682	0.542	0.102	0.617	0.135	0.080	0.080	0.101	0.765	0.858	0.822	0.153	0.310	0.275	0.101	0.111	0.144	0.080	0.080	0.102	1.060	0.739	0.902	0.154	0.337	0.382	0.114	0.469	0.143	0.079	0.079	0.080	0.080	0.079	0.080	0.079	0.079	0.079	0.080	0.080	0.079	0.079
12:00:01	0.080	0.080	0.080	0.080	0.080	0.080	0.080	0.080	0.079	0.080	0.079	0.080	0.080	0.101	0.696	1.034	0.893	0.154	0.274	0.762	0.109	0.200	0.147	0.081	0.080	0.102	0.932	0.970	0.871	0.162	0.703	0.348	0.106	0.609	0.157	0.080	0.081	0.102	0.969	0.848	0.700	0.162	0.199	0.150	0.103	0.243	0.146	0.080	0.081	0.101	0.846	0.786	0.841	0.158	0.688	0.552	0.102	0.622	0.137	0.080	0.080	0.102	0.799	0.876	0.846	0.154	0.316	0.279	0.101	0.112	0.144	0.080	0.080	0.103	1.067	0.797	0.922	0.155	0.340	0.367	0.114	0.466	0.144	0.080	0.080	0.080	0.080	0.079	0.080	0.080	0.080	0.080	0.080	0.081	0.079	0.079
12:10:01	0.080	0.080	0.080	0.080	0.080	0.080	0.080	0.079	0.079	0.080	0.079	0.079	0.080	0.101	0.708	1.050	0.916	0.154	0.279	0.775	0.109	0.204	0.149	0.081	0.080	0.101	0.943	0.984	0.882	0.164	0.716	0.353	0.106	0.612	0.159	0.080	0.081	0.101	0.983	0.858	0.704	0.163	0.202	0.150	0.103	0.248	0.148	0.080	0.080	0.101	0.858	0.792	0.853	0.159	0.692	0.552	0.102	0.620	0.140	0.080	0.080	0.101	0.824	0.888	0.859	0.154	0.325	0.283	0.101	0.112	0.147	0.080	0.080	0.103	1.072	0.893	0.938	0.153	0.342	0.389	0.115	0.466	0.147	0.080	0.079	0.080	0.080	0.079	0.080	0.079	0.079	0.080	0.080	0.080	0.079	0.079
12:20:01	0.080	0.080	0.080	0.080	0.080	0.079	0.080	0.079	0.079	0.080	0.079	0.080	0.080	0.101	0.718	1.066	0.935	0.154	0.283	0.786	0.109	0.206	0.148	0.081	0.080	0.101	0.956	0.999	0.898	0.163	0.728	0.356	0.105	0.621	0.160	0.080	0.081	0.101	1.004	0.873	0.714	0.164	0.204	0.150	0.103	0.250	0.149	0.080	0.081	0.100	0.868	0.801	0.869	0.160	0.694	0.569	0.102	0.632	0.140	0.080	0.080	0.101	0.848	0.903	0.873	0.154	0.333	0.286	0.101	0.112	0.147	0.080	0.080	0.102	1.078	0.945	0.954	0.151	0.344	0.384	0.116	0.465	0.148	0.080	0.079	0.080	0.080	0.079	0.080	0.079	0.080	0.080	0.080	0.080	0.079	0.079
12:30:01	0.080	0.080	0.080	0.080	0.080	0.079	0.080	0.080	0.080	0.080	0.079	0.080	0.080	0.101	0.718	1.079	0.959	0.156	0.295	0.790	0.110	0.213	0.151	0.082	0.080	0.101	0.966	1.010	0.917	0.165	0.735	0.357	0.105	0.631	0.161	0.080	0.081	0.101	1.023	0.884	0.724	0.165	0.205	0.151	0.103	0.253	0.149	0.080	0.080	0.101	0.874	0.810	0.882	0.160	0.698	0.582	0.102	0.639	0.140	0.080	0.080	0.101	0.861	0.920	0.891	0.155	0.339	0.291	0.101	0.112	0.147	0.080	0.080	0.102	1.084	0.955	0.971	0.152	0.348	0.366	0.116	0.463	0.148	0.080	0.080	0.080	0.080	0.079	0.080	0.080	0.080	0.080	0.080	0.081	0.079	0.079
12:40:01	0.080	0.080	0.081	0.081	0.080	0.079	0.080	0.080	0.080	0.080	0.079	0.080	0.080	0.102	0.724	1.088	0.984	0.159	0.304	0.791	0.110	0.218	0.153	0.082	0.080	0.102	0.977	1.020	0.930	0.166	0.742	0.357	0.106	0.635	0.164	0.080	0.081	0.101	1.038	0.892	0.732	0.166	0.207	0.151	0.103	0.257	0.155	0.080	0.081	0.101	0.882	0.820	0.897	0.161	0.705	0.588	0.102	0.638	0.143	0.080	0.080	0.101	0.863	0.930	0.904	0.155	0.345	0.294	0.102	0.112	0.151	0.080	0.080	0.102	1.092	0.958	0.985	0.151	0.350	0.369	0.116	0.463	0.150	0.080	0.080	0.080	0.080	0.079	0.080	0.080	0.080	0.080	0.080	0.081	0.079	0.079
12:50:01	0.080	0.080	0.081	0.081	0.080	0.079	0.081	0.080	0.080	0.080	0.079	0.080	0.080	0.102	0.731	1.097	0.998	0.162	0.312	0.792	0.111	0.218	0.152	0.082	0.080	0.102	0.985	1.029	0.941	0.169	0.755	0.361	0.106	0.634	0.165	0.080	0.081	0.102	1.057	0.902	0.743	0.166	0.207	0.151	0.103	0.261	0.155	0.080	0.080	0.101	0.889	0.830	0.914	0.162	0.714	0.602	0.102	0.645	0.145	0.080	0.081	0.102	0.870	0.943	0.916	0.156	0.353	0.298	0.102	0.113	0.151	0.080	0.080	0.102	1.098	0.966	1.000	0.151	0.350	0.371	0.116	0.464	0.152	0.080	0.080	0.080	0.080	0.079	0.080	0.080	0.080	0.080	0.080	0.081	0.079	0.079
13:00:01	0.080	0.080	0.081	0.080	0.080	0.079	0.081	0.080	0.080	0.080	0.079	0.080	0.080	0.101	0.741	1.101	1.013	0.165	0.315	0.790	0.112	0.224	0.156	0.082	0.080	0.101	0.993	1.033	0.951	0.171	0.764	0.352	0.106	0.632	0.167	0.080	0.081	0.101	1.075	0.913	0.746	0.167	0.211	0.151	0.104	0.263	0.158	0.080	0.080	0.100	0.893	0.838	0.920	0.163	0.717	0.607	0.102	0.647	0.144	0.080	0.080	0.101	0.872	0.949	0.926	0.156	0.360	0.304	0.101	0.113	0.152	0.080	0.080	0.102	1.104	0.971	1.010	0.150	0.351	0.373	0.116	0.466	0.153	0.080	0.079	0.079	0.080	0.078	0.079	0.079	0.079	0.079	0.080	0.080	0.079	0.079
13:10:01	0.079	0.080	0.080	0.080	0.080	0.079	0.079	0.080	0.079	0.080	0.079	0.080	0.080	0.101	0.751	1.109	1.020	0.166	0.322	0.789	0.112	0.229	0.156	0.081	0.080	0.101	1.005	1.043	0.962	0.174	0.775	0.343	0.106	0.637	0.169	0.080	0.081	0.101	1.095	0.919	0.759	0.168	0.214	0.151	0.103	0.266	0.158	0.080	0.079	0.100	0.903	0.844	0.933	0.165	0.722	0.617	0.102	0.654	0.146	0.080	0.080	0.101	0.879	0.960	0.938	0.157	0.368	0.308	0.101	0.113	0.154	0.080	0.080	0.102	1.108	0.978	1.020	0.150	0.352	0.382	0.116	0.469	0.155	0.080	0.080	0.080	0.080	0.079	0.080	0.080	0.080	0.080	0.080	0.081	0.079	0.079
13:20:01	0.079	0.080	0.080	0.080	0.080	0.079	0.079	0.080	0.079	0.080	0.079	0.080	0.080	0.101	0.761	1.116	1.029	0.165	0.326	0.787	0.112	0.230	0.154	0.081	0.080	0.101	1.016	1.050	0.977	0.177	0.793	0.342	0.106	0.642	0.170	0.080	0.081	0.101	1.116	0.929	0.772	0.169	0.216	0.151	0.104	0.270	0.161	0.080	0.079	0.100	0.909	0.850	0.948	0.166	0.727	0.626	0.102	0.659	0.148	0.080	0.080	0.101	0.886	0.969	0.947	0.158	0.380	0.311	0.102	0.114	0.154	0.080	0.080	0.102	1.116	0.988	1.028	0.150	0.352	0.403	0.116	0.473	0.157	0.080	0.080	0.080	0.080	0.079	0.080	0.079	0.080	0.080	0.080	0.080	0.079	0.079
13:30:01	0.080	0.080	0.080	0.080	0.080	0.079	0.079	0.080	0.079	0.080	0.079	0.080	0.080	0.101	0.766	1.123	1.039	0.163	0.329	0.783	0.113	0.234	0.161	0.081	0.080	0.101	1.024	1.058	0.989	0.179	0.800	0.342	0.106	0.639	0.173	0.080	0.081	0.101	1.136	0.937	0.778	0.171	0.218	0.152	0.104	0.274	0.164	0.080	0.079	0.101	0.914	0.862	0.957	0.168	0.730	0.629	0.102	0.660	0.150	0.080	0.081	0.101	0.890	0.976	0.956	0.159	0.390	0.314	0.102	0.114	0.157	0.080	0.080	0.102	1.122	0.990	1.037	0.151	0.353	0.409	0.117	0.475	0.160	0.080	0.080	0.080	0.080	0.079	0.080	0.080	0.080	0.080	0.080	0.081	0.079	0.079
13:40:01	0.080	0.080	0.080	0.080	0.080	0.079	0.079	0.080	0.079	0.080	0.079	0.080	0.080	0.101	0.767	1.131	1.043	0.161	0.337	0.778	0.113	0.236	0.160	0.082	0.080	0.101	1.030	1.069	1.003	0.181	0.805	0.346	0.107	0.637	0.174	0.080	0.081	0.101	1.161	0.947	0.788	0.173	0.218	0.151	0.104	0.278	0.166	0.080	0.079	0.101	0.917	0.868	0.969	0.171	0.733	0.639	0.102	0.670	0.150	0.080	0.081	0.101	0.898	0.986	0.967	0.160	0.396	0.318	0.102	0.115	0.157	0.080	0.080	0.103	1.129	0.992	1.044	0.151	0.355	0.392	0.117	0.476	0.161	0.080	0.080	0.080	0.080	0.079	0.080	0.080	0.080	0.080	0.080	0.081	0.079	0.079
13:50:01	0.080	0.080	0.081	0.080	0.080	0.079	0.079	0.080	0.079	0.080	0.079	0.080	0.080	0.101	0.775	1.138	1.055	0.160	0.346	0.773	0.114	0.235	0.162	0.082	0.080	0.101	1.037	1.075	1.010	0.183	0.817	0.349	0.107	0.636	0.175	0.081	0.081	0.102	1.190	0.957	0.797	0.175	0.220	0.152	0.104	0.282	0.168	0.080	0.080	0.101	0.924	0.875	0.978	0.173	0.736	0.647	0.103	0.677	0.152	0.080	0.081	0.101	0.901	0.995	0.979	0.161	0.402	0.323	0.102	0.116	0.158	0.080	0.080	0.103	1.132	0.996	1.052	0.152	0.356	0.393	0.117	0.479	0.163	0.080	0.080	0.080	0.080	0.079	0.080	0.080	0.080	0.080	0.080	0.081	0.079	0.079
14:00:01	0.079	0.080	0.080	0.080	0.080	0.079	0.079	0.080	0.079	0.080	0.079	0.080	0.080	0.101	0.783	1.147	1.070	0.158	0.353	0.768	0.114	0.238	0.166	0.082	0.080	0.101	1.045	1.084	1.020	0.187	0.829	0.350	0.107	0.631	0.178	0.081	0.081	0.101	1.201	0.963	0.802	0.177	0.224	0.151	0.104	0.288	0.172	0.080	0.079	0.100	0.939	0.886	0.986	0.176	0.741	0.648	0.102	0.682	0.154	0.080	0.081	0.101	0.908	1.006	0.986	0.163	0.411	0.329	0.102	0.116	0.163	0.080	0.080	0.103	1.141	1.000	1.062	0.153	0.359	0.397	0.117	0.480	0.167	0.080	0.080	0.080	0.080	0.079	0.080	0.080	0.080	0.080	0.080	0.081	0.079	0.079
14:10:01	0.080	0.080	0.080	0.080	0.080	0.079	0.079	0.080	0.079	0.080	0.079	0.080	0.080	0.101	0.792	1.155	1.081	0.157	0.362	0.762	0.114	0.238	0.164	0.082	0.080	0.101	1.051	1.090	1.032	0.190	0.846	0.353	0.107	0.630	0.180	0.081	0.081	0.102	1.205	0.972	0.813	0.179	0.224	0.151	0.104	0.292	0.175	0.080	0.079	0.100	0.952	0.890	1.001	0.178	0.744	0.658	0.102	0.688	0.156	0.080	0.081	0.101	0.911	1.018	0.996	0.164	0.421	0.332	0.102	0.117	0.162	0.080	0.080	0.102	1.144	1.008	1.071	0.153	0.360	0.414	0.117	0.484	0.170	0.080	0.080	0.080	0.080	0.079	0.080	0.080	0.080	0.080	0.080	0.081	0.079	0.079
14:20:01	0.080	0.080	0.080	0.080	0.080	0.079	0.079	0.080	0.079	0.080	0.079	0.080	0.080	0.101	0.795	1.159	1.089	0.157	0.368	0.755	0.114	0.239	0.168	0.082	0.080	0.101	1.058	1.096	1.040	0.194	0.851	0.356	0.107	0.628	0.182	0.081	0.081	0.101	1.215	0.979	0.826	0.181	0.228	0.151	0.104	0.295	0.177	0.080	0.080	0.100	0.967	0.897	1.004	0.180	0.745	0.667	0.102	0.689	0.157	0.080	0.081	0.101	0.917	1.025	1.007	0.165	0.425	0.340	0.102	0.118	0.164	0.080	0.080	0.102	1.148	1.008	1.081	0.153	0.364	0.400	0.117	0.484	0.171	0.080	0.080	0.080	0.080	0.079	0.080	0.080	0.080	0.080	0.080	0.081	0.079	0.079
14:30:01	0.080	0.080	0.080	0.080	0.080	0.079	0.079	0.080	0.079	0.080	0.079	0.080	0.080	0.101	0.800	1.166	1.095	0.156	0.377	0.748	0.114	0.244	0.168	0.082	0.080	0.101	1.065	1.099	1.053	0.198	0.861	0.357	0.107	0.627	0.183	0.080	0.081	0.101	1.225	0.983	0.839	0.182	0.229	0.151	0.104	0.298	0.181	0.080	0.080	0.100	0.976	0.900	1.012	0.181	0.751	0.670	0.102	0.690	0.160	0.080	0.080	0.101	0.917	1.034	1.015	0.165	0.431	0.342	0.102	0.118	0.166	0.080	0.080	0.102	1.152	1.014	1.093	0.154	0.368	0.414	0.118	0.487	0.175	0.080	0.080	0.080	0.080	0.079	0.080	0.080	0.080	0.080	0.080	0.081	0.079	0.079
14:40:01	0.080	0.080	0.081	0.080	0.081	0.079	0.079	0.080	0.079	0.080	0.079	0.080	0.080	0.101	0.808	1.172	1.104	0.157	0.384	0.742	0.115	0.247	0.170	0.082	0.081	0.102	1.065	1.103	1.060	0.202	0.864	0.361	0.107	0.627	0.184	0.081	0.081	0.101	1.233	0.989	0.848	0.184	0.233	0.151	0.104	0.303	0.183	0.080	0.080	0.101	0.991	0.908	1.024	0.184	0.755	0.680	0.103	0.692	0.160	0.080	0.081	0.101	0.923	1.038	1.025	0.167	0.433	0.348	0.102	0.119	0.167	0.080	0.080	0.102	1.159	1.014	1.102	0.155	0.371	0.400	0.118	0.489	0.179	0.080	0.080	0.080	0.080	0.079	0.080	0.080	0.080	0.080	0.080	0.081	0.079	0.079
14:50:01	0.080	0.080	0.080	0.080	0.079	0.079	0.079	0.080	0.079	0.080	0.079	0.080	0.080	0.101	0.819	1.178	1.109	0.158	0.388	0.736	0.116	0.252	0.172	0.082	0.080	0.101	1.072	1.107	1.067	0.205	0.870	0.363	0.108	0.629	0.185	0.081	0.081	0.101	1.244	0.995	0.855	0.185	0.235	0.152	0.105	0.307	0.185	0.080	0.080	0.100	1.000	0.912	1.032	0.185	0.760	0.682	0.102	0.694	0.163	0.080	0.080	0.101	0.925	1.046	1.035	0.167	0.442	0.350	0.102	0.118	0.169	0.080	0.080	0.102	1.164	1.018	1.111	0.156	0.373	0.416	0.118	0.493	0.181	0.080	0.079	0.080	0.080	0.078	0.080	0.079	0.079	0.080	0.080	0.080	0.079	0.079
15:00:01	0.080	0.080	0.080	0.080	0.079	0.079	0.079	0.080	0.079	0.080	0.079	0.080	0.080	0.101	0.828	1.185	1.117	0.159	0.395	0.731	0.116	0.261	0.174	0.082	0.080	0.101	1.076	1.112	1.073	0.208	0.870	0.365	0.107	0.630	0.187	0.081	0.081	0.101	1.254	0.999	0.866	0.187	0.236	0.151	0.104	0.309	0.187	0.080	0.079	0.100	1.007	0.915	1.041	0.186	0.762	0.690	0.102	0.692	0.166	0.080	0.081	0.101	0.929	1.053	1.043	0.168	0.445	0.356	0.102	0.120	0.171	0.080	0.080	0.102	1.170	1.023	1.120	0.157	0.378	0.409	0.119	0.495	0.182	0.080	0.079	0.080	0.080	0.079	0.080	0.080	0.080	0.080	0.080	0.081	0.079	0.079
15:10:01	0.080	0.080	0.081	0.080	0.079	0.079	0.079	0.080	0.079	0.080	0.079	0.080	0.080	0.101	0.837	1.189	1.125	0.160	0.404	0.726	0.117	0.270	0.176	0.082	0.080	0.101	1.081	1.118	1.080	0.210	0.870	0.367	0.108	0.631	0.190	0.081	0.081	0.101	1.261	1.006	0.872	0.189	0.239	0.152	0.105	0.314	0.188	0.080	0.080	0.100	1.017	0.923	1.046	0.188	0.765	0.698	0.103	0.690	0.168	0.080	0.081	0.101	0.932	1.060	1.047	0.169	0.450	0.360	0.102	0.121	0.173	0.080	0.080	0.102	1.173	1.027	1.126	0.157	0.379	0.413	0.119	0.497	0.183	0.080	0.080	0.080	0.080	0.079	0.080	0.080	0.080	0.080	0.080	0.081	0.079	0.079
15:20:01	0.080	0.080	0.081	0.080	0.079	0.079	0.079	0.080	0.079	0.080	0.079	0.080	0.080	0.101	0.847	1.196	1.135	0.162	0.411	0.721	0.117	0.278	0.181	0.082	0.080	0.101	1.087	1.123	1.088	0.213	0.869	0.369	0.108	0.634	0.192	0.081	0.081	0.101	1.271	1.014	0.875	0.190	0.243	0.152	0.105	0.317	0.190	0.080	0.080	0.100	1.031	0.930	1.052	0.191	0.772	0.704	0.103	0.694	0.170	0.080	0.081	0.101	0.937	1.068	1.054	0.170	0.457	0.360	0.102	0.122	0.175	0.078	0.080	0.102	1.178	1.029	1.135	0.158	0.384	0.420	0.120	0.500	0.185	0.080	0.080	0.080	0.080	0.079	0.080	0.080	0.080	0.080	0.080	0.081	0.079	0.079
15:30:01	0.080	0.080	0.080	0.080	0.079	0.079	0.079	0.080	0.079	0.080	0.079	0.079	0.080	0.101	0.848	1.201	1.141	0.163	0.419	0.717	0.118	0.281	0.182	0.082	0.080	0.101	1.088	1.128	1.093	0.217	0.865	0.371	0.108	0.637	0.195	0.081	0.081	0.101	1.275	1.023	0.882	0.192	0.244	0.152	0.105	0.321	0.190	0.080	0.080	0.100	1.040	0.934	1.060	0.194	0.776	0.713	0.103	0.695	0.173	0.080	0.081	0.101	0.942	1.074	1.058	0.171	0.465	0.366	0.102	0.124	0.177	0.079	0.080	0.102	1.183	1.035	1.143	0.159	0.391	0.420	0.120	0.502	0.187	0.080	0.080	0.080	0.080	0.079	0.080	0.080	0.080	0.080	0.080	0.081	0.079	0.079
15:40:01	0.080	0.080	0.081	0.080	0.079	0.079	0.079	0.080	0.080	0.080	0.079	0.079	0.080	0.101	0.857	1.204	1.148	0.164	0.428	0.713	0.118	0.286	0.182	0.082	0.080	0.101	1.092	1.132	1.099	0.221	0.866	0.372	0.108	0.640	0.199	0.081	0.081	0.101	1.283	1.030	0.894	0.194	0.247	0.152	0.105	0.326	0.193	0.080	0.080	0.100	1.043	0.937	1.067	0.197	0.780	0.720	0.103	0.702	0.174	0.080	0.081	0.101	0.946	1.078	1.062	0.171	0.476	0.370	0.102	0.124	0.181	0.079	0.080	0.102	1.187	1.035	1.150	0.159	0.390	0.435	0.121	0.505	0.191	0.080	0.080	0.080	0.080	0.079	0.080	0.080	0.080	0.080	0.080	0.081	0.079	0.079
15:50:01	0.080	0.080	0.081	0.080	0.079	0.079	0.079	0.080	0.079	0.080	0.079	0.079	0.081	0.101	0.867	1.207	1.151	0.165	0.438	0.708	0.119	0.289	0.187	0.082	0.080	0.101	1.095	1.135	1.106	0.223	0.863	0.376	0.109	0.642	0.199	0.081	0.080	0.101	1.291	1.032	0.898	0.195	0.250	0.152	0.105	0.331	0.197	0.080	0.080	0.100	1.052	0.943	1.077	0.197	0.784	0.727	0.103	0.709	0.175	0.081	0.081	0.101	0.950	1.084	1.070	0.172	0.477	0.373	0.102	0.124	0.183	0.079	0.080	0.102	1.194	1.036	1.155	0.160	0.396	0.425	0.122	0.503	0.193	0.080	0.080	0.080	0.080	0.079	0.080	0.080	0.080	0.080	0.080	0.081	0.079	0.079
16:00:01	0.080	0.081	0.081	0.080	0.079	0.079	0.079	0.080	0.079	0.080	0.079	0.079	0.081	0.101	0.876	1.209	1.157	0.166	0.445	0.706	0.120	0.293	0.189	0.082	0.081	0.101	1.101	1.137	1.111	0.225	0.868	0.377	0.109	0.645	0.203	0.081	0.080	0.102	1.294	1.036	0.908	0.197	0.251	0.152	0.106	0.336	0.199	0.080	0.080	0.100	1.057	0.949	1.081	0.200	0.787	0.738	0.103	0.711	0.178	0.081	0.081	0.101	0.954	1.087	1.073	0.172	0.487	0.376	0.102	0.125	0.185	0.078	0.080	0.102	1.198	1.043	1.161	0.160	0.401	0.441	0.122	0.504	0.197	0.080	0.080	0.080	0.080	0.079	0.080	0.080	0.080	0.080	0.080	0.081	0.079	0.079
16:10:01	0.080	0.080	0.081	0.080	0.079	0.079	0.079	0.080	0.079	0.079	0.079	0.079	0.080	0.101	0.879	1.211	1.160	0.166	0.453	0.706	0.120	0.299	0.190	0.082	0.080	0.101	1.103	1.142	1.114	0.228	0.869	0.378	0.109	0.648	0.206	0.081	0.080	0.101	1.299	1.041	0.916	0.198	0.254	0.152	0.105	0.340	0.200	0.080	0.080	0.100	1.062	0.954	1.085	0.199	0.790	0.747	0.103	0.712	0.179	0.080	0.081	0.101	0.955	1.091	1.078	0.173	0.491	0.381	0.102	0.125	0.190	0.079	0.080	0.102	1.201	1.042	1.166	0.161	0.405	0.442	0.123	0.504	0.200	0.080	0.080	0.080	0.080	0.079	0.080	0.080	0.080	0.080	0.080	0.081	0.079	0.080
16:20:01	0.080	0.080	0.081	0.080	0.079	0.079	0.079	0.080	0.080	0.080	0.079	0.079	0.080	0.101	0.882	1.213	1.163	0.167	0.463	0.709	0.121	0.303	0.193	0.082	0.080	0.101	1.106	1.144	1.117	0.232	0.866	0.382	0.109	0.650	0.211	0.081	0.080	0.101	1.305	1.045	0.921	0.200	0.256	0.153	0.105	0.344	0.202	0.079	0.080	0.100	1.069	0.960	1.086	0.201	0.793	0.756	0.103	0.710	0.182	0.080	0.081	0.101	0.959	1.093	1.088	0.174	0.490	0.388	0.103	0.125	0.192	0.079	0.080	0.102	1.201	1.037	1.171	0.162	0.409	0.428	0.124	0.502	0.204	0.080	0.080	0.080	0.080	0.079	0.080	0.080	0.080	0.080	0.081	0.081	0.079	0.080
16:30:01	0.080	0.081	0.081	0.080	0.080	0.079	0.079	0.079	0.080	0.079	0.079	0.079	0.081	0.101	0.889	1.215	1.168	0.168	0.474	0.712	0.122	0.312	0.194	0.082	0.081	0.101	1.108	1.149	1.120	0.235	0.870	0.385	0.109	0.653	0.214	0.081	0.080	0.101	1.310	1.055	0.930	0.203	0.260	0.154	0.106	0.348	0.203	0.079	0.080	0.100	1.069	0.964	1.093	0.205	0.798	0.765	0.103	0.710	0.185	0.080	0.081	0.101	0.964	1.098	1.091	0.175	0.494	0.393	0.103	0.126	0.194	0.079	0.080	0.102	1.204	1.039	1.178	0.162	0.411	0.428	0.124	0.501	0.207	0.080	0.080	0.080	0.080	0.079	0.080	0.080	0.080	0.080	0.080	0.081	0.079	0.080
16:40:01	0.080	0.080	0.080	0.080	0.079	0.079	0.079	0.079	0.079	0.080	0.079	0.079	0.080	0.101	0.897	1.218	1.174	0.169	0.487	0.715	0.122	0.315	0.196	0.081	0.080	0.101	1.110	1.153	1.124	0.236	0.920	0.389	0.109	0.655	0.217	0.081	0.080	0.101	1.317	1.061	0.937	0.204	0.263	0.155	0.106	0.352	0.204	0.079	0.079	0.100	1.073	0.970	1.097	0.204	0.805	0.769	0.103	0.713	0.188	0.080	0.081	0.101	0.964	1.102	1.100	0.175	0.501	0.401	0.102	0.127	0.197	0.078	0.080	0.102	1.208	1.037	1.187	0.164	0.415	0.436	0.125	0.500	0.208	0.080	0.079	0.080	0.080	0.079	0.080	0.079	0.079	0.080	0.080	0.080	0.079	0.079
16:50:01	0.080	0.081	0.081	0.080	0.079	0.079	0.079	0.079	0.079	0.079	0.079	0.079	0.081	0.101	0.904	1.220	1.177	0.170	0.497	0.727	0.123	0.310	0.199	0.082	0.080	0.101	1.113	1.156	1.127	0.240	0.944	0.392	0.110	0.657	0.222	0.081	0.080	0.101	1.321	1.060	0.946	0.205	0.264	0.156	0.106	0.355	0.206	0.079	0.080	0.100	1.077	0.974	1.102	0.206	0.808	0.779	0.103	0.711	0.192	0.080	0.081	0.101	0.965	1.103	1.103	0.176	0.510	0.403	0.103	0.128	0.199	0.079	0.080	0.102	1.208	1.042	1.190	0.164	0.415	0.441	0.126	0.500	0.212	0.080	0.080	0.080	0.080	0.079	0.080	0.080	0.080	0.080	0.080	0.081	0.079	0.079
17:00:01	0.080	0.080	0.080	0.080	0.079	0.079	0.079	0.079	0.079	0.079	0.079	0.079	0.080	0.101	0.919	1.223	1.180	0.172	0.507	0.735	0.124	0.314	0.201	0.082	0.080	0.101	1.117	1.160	1.128	0.243	0.957	0.395	0.110	0.660	0.226	0.081	0.080	0.101	1.321	1.063	0.952	0.209	0.266	0.156	0.106	0.360	0.208	0.079	0.080	0.100	1.079	0.973	1.105	0.210	0.813	0.789	0.103	0.713	0.195	0.080	0.081	0.101	0.968	1.106	1.104	0.176	0.523	0.406	0.103	0.129	0.200	0.078	0.080	0.102	1.210	1.050	1.193	0.165	0.415	0.459	0.127	0.501	0.216	0.080	0.080	0.080	0.080	0.079	0.080	0.080	0.080	0.080	0.080	0.081	0.079	0.079
17:10:01	0.080	0.081	0.081	0.080	0.079	0.079	0.079	0.079	0.079	0.079	0.079	0.079	0.081	0.101	0.925	1.224	1.183	0.174	0.518	0.744	0.125	0.322	0.204	0.082	0.081	0.101	1.119	1.161	1.134	0.245	0.968	0.399	0.111	0.664	0.231	0.081	0.080	0.101	1.324	1.068	0.962	0.210	0.268	0.157	0.107	0.366	0.212	0.079	0.080	0.100	1.081	0.973	1.109	0.215	0.819	0.793	0.103	0.718	0.197	0.079	0.081	0.101	0.971	1.113	1.111	0.177	0.533	0.412	0.103	0.131	0.207	0.079	0.080	0.102	1.215	1.054	1.198	0.166	0.419	0.463	0.128	0.502	0.218	0.081	0.080	0.080	0.080	0.079	0.080	0.080	0.080	0.080	0.080	0.081	0.079	0.080
17:20:01	0.080	0.081	0.081	0.080	0.080	0.079	0.079	0.079	0.079	0.080	0.079	0.080	0.079	0.101	0.930	1.225	1.185	0.175	0.529	0.754	0.125	0.324	0.206	0.082	0.081	0.101	1.122	1.163	1.136	0.248	0.974	0.402	0.111	0.667	0.234	0.081	0.080	0.101	1.325	1.066	0.975	0.212	0.271	0.155	0.107	0.372	0.218	0.079	0.080	0.100	1.083	0.978	1.114	0.216	0.820	0.805	0.103	0.713	0.199	0.079	0.081	0.101	0.973	1.114	1.114	0.179	0.538	0.414	0.103	0.131	0.211	0.079	0.080	0.102	1.217	1.048	1.201	0.167	0.424	0.451	0.128	0.500	0.221	0.081	0.080	0.080	0.080	0.079	0.080	0.080	0.080	0.080	0.081	0.081	0.079	0.080
17:30:01	0.080	0.081	0.081	0.080	0.080	0.079	0.079	0.079	0.079	0.080	0.079	0.080	0.079	0.101	0.935	1.227	1.187	0.177	0.542	0.761	0.126	0.328	0.209	0.082	0.079	0.101	1.124	1.167	1.138	0.250	0.987	0.402	0.112	0.668	0.240	0.081	0.080	0.101	1.327	1.071	0.979	0.215	0.272	0.156	0.107	0.377	0.222	0.079	0.080	0.100	1.087	0.981	1.118	0.218	0.824	0.814	0.103	0.715	0.202	0.079	0.081	0.101	0.975	1.115	1.116	0.180	0.546	0.418	0.103	0.133	0.212	0.079	0.080	0.102	1.220	1.049	1.205	0.168	0.428	0.453	0.128	0.500	0.223	0.081	0.080	0.080	0.080	0.079	0.080	0.080	0.080	0.080	0.080	0.081	0.079	0.079
17:40:01	0.080	0.081	0.081	0.080	0.080	0.079	0.079	0.079	0.079	0.080	0.079	0.079	0.079	0.101	0.943	1.230	1.191	0.178	0.553	0.761	0.127	0.337	0.212	0.082	0.079	0.101	1.129	1.172	1.144	0.253	0.986	0.402	0.112	0.670	0.245	0.081	0.080	0.101	1.332	1.076	0.981	0.217	0.276	0.156	0.107	0.386	0.226	0.079	0.080	0.100	1.090	0.983	1.121	0.222	0.828	0.815	0.104	0.718	0.207	0.079	0.081	0.101	0.977	1.120	1.124	0.181	0.560	0.422	0.103	0.134	0.217	0.079	0.080	0.102	1.224	1.053	1.212	0.168	0.431	0.467	0.130	0.502	0.226	0.081	0.080	0.080	0.080	0.079	0.080	0.080	0.080	0.080	0.080	0.081	0.079	0.079
17:50:01	0.080	0.080	0.080	0.080	0.079	0.079	0.079	0.079	0.079	0.080	0.079	0.079	0.079	0.101	0.942	1.230	1.191	0.180	0.561	0.773	0.127	0.336	0.213	0.082	0.079	0.101	1.129	1.171	1.144	0.256	0.992	0.401	0.112	0.670	0.250	0.081	0.080	0.101	1.335	1.077	0.987	0.218	0.277	0.156	0.107	0.392	0.229	0.079	0.080	0.100	1.090	0.989	1.121	0.226	0.831	0.824	0.103	0.716	0.209	0.079	0.079	0.101	0.981	1.121	1.127	0.182	0.566	0.425	0.103	0.135	0.219	0.079	0.080	0.102	1.226	1.049	1.215	0.168	0.434	0.453	0.130	0.502	0.229	0.081	0.080	0.080	0.080	0.079	0.080	0.080	0.080	0.080	0.080	0.081	0.079	0.079
18:00:02	0.080	0.080	0.080	0.080	0.079	0.079	0.079	0.080	0.079	0.080	0.079	0.080	0.079	0.101	0.947	1.234	1.194	0.182	0.570	0.787	0.127	0.340	0.214	0.082	0.079	0.101	1.133	1.173	1.146	0.259	0.995	0.401	0.112	0.669	0.252	0.079	0.080	0.101	1.339	1.082	0.996	0.220	0.280	0.157	0.107	0.398	0.232	0.079	0.080	0.100	1.090	0.991	1.124	0.231	0.835	0.820	0.103	0.717	0.212	0.079	0.079	0.101	0.982	1.124	1.130	0.183	0.570	0.432	0.104	0.136	0.222	0.079	0.080	0.102	1.227	1.048	1.220	0.169	0.434	0.457	0.130	0.502	0.233	0.081	0.080	0.080	0.080	0.079	0.080	0.080	0.080	0.080	0.081	0.081	0.079	0.079
18:10:02	0.080	0.081	0.080	0.080	0.080	0.079	0.079	0.080	0.079	0.080	0.079	0.080	0.079	0.101	0.952	1.236	1.198	0.183	0.580	0.799	0.128	0.341	0.217	0.082	0.080	0.101	1.136	1.174	1.150	0.261	0.996	0.403	0.113	0.668	0.255	0.079	0.080	0.101	1.340	1.084	1.002	0.222	0.283	0.156	0.108	0.403	0.236	0.079	0.080	0.100	1.092	0.995	1.125	0.234	0.840	0.811	0.104	0.718	0.216	0.079	0.080	0.101	0.982	1.130	1.133	0.185	0.577	0.438	0.104	0.137	0.223	0.079	0.080	0.102	1.232	1.049	1.224	0.170	0.437	0.458	0.131	0.502	0.235	0.080	0.080	0.080	0.080	0.079	0.080	0.080	0.080	0.080	0.080	0.081	0.079	0.079
18:20:02	0.080	0.080	0.080	0.079	0.079	0.079	0.079	0.080	0.079	0.080	0.079	0.080	0.079	0.101	0.958	1.238	1.200	0.186	0.587	0.825	0.129	0.341	0.218	0.082	0.079	0.100	1.139	1.174	1.152	0.263	1.000	0.404	0.113	0.666	0.259	0.079	0.080	0.101	1.341	1.088	1.009	0.223	0.284	0.157	0.108	0.405	0.239	0.079	0.079	0.100	1.091	0.997	1.130	0.235	0.842	0.803	0.103	0.717	0.218	0.079	0.079	0.100	0.986	1.132	1.135	0.185	0.583	0.441	0.103	0.138	0.225	0.079	0.080	0.102	1.236	1.053	1.228	0.170	0.440	0.459	0.130	0.502	0.238	0.080	0.079	0.079	0.080	0.079	0.080	0.079	0.079	0.080	0.080	0.080	0.079	0.078
18:30:02	0.080	0.081	0.079	0.080	0.080	0.079	0.079	0.079	0.079	0.080	0.079	0.079	0.079	0.101	0.966	1.241	1.204	0.188	0.597	0.852	0.129	0.347	0.222	0.082	0.079	0.101	1.141	1.175	1.155	0.266	1.006	0.405	0.113	0.661	0.265	0.079	0.080	0.101	1.342	1.093	1.014	0.225	0.286	0.158	0.108	0.410	0.244	0.079	0.080	0.100	1.096	1.002	1.133	0.237	0.846	0.800	0.104	0.719	0.223	0.079	0.079	0.101	0.992	1.135	1.136	0.186	0.596	0.441	0.104	0.139	0.228	0.079	0.080	0.102	1.239	1.061	1.231	0.171	0.442	0.476	0.131	0.503	0.241	0.080	0.080	0.079	0.080	0.079	0.080	0.080	0.080	0.080	0.080	0.081	0.079	0.079
18:40:02	0.080	0.079	0.079	0.080	0.079	0.079	0.079	0.079	0.079	0.079	0.079	0.079	0.079	0.101	0.973	1.243	1.209	0.191	0.605	0.853	0.129	0.348	0.225	0.081	0.079	0.101	1.143	1.174	1.159	0.271	1.010	0.404	0.113	0.660	0.269	0.079	0.080	0.101	1.346	1.096	1.021	0.228	0.287	0.157	0.108	0.416	0.249	0.079	0.079	0.100	1.096	1.001	1.134	0.241	0.850	0.787	0.104	0.718	0.228	0.079	0.079	0.101	0.993	1.137	1.139	0.186	0.601	0.444	0.104	0.141	0.230	0.079	0.080	0.102	1.239	1.056	1.235	0.172	0.446	0.482	0.132	0.503	0.244	0.080	0.080	0.079	0.080	0.079	0.080	0.080	0.080	0.080	0.080	0.081	0.079	0.079
18:50:02	0.080	0.079	0.080	0.080	0.080	0.079	0.079	0.080	0.079	0.080	0.079	0.080	0.080	0.101	0.979	1.244	1.211	0.194	0.615	0.843	0.130	0.353	0.228	0.082	0.080	0.101	1.147	1.177	1.163	0.275	1.019	0.404	0.114	0.657	0.272	0.079	0.080	0.101	1.347	1.100	1.022	0.230	0.289	0.158	0.109	0.420	0.255	0.079	0.080	0.100	1.100	1.007	1.136	0.243	0.854	0.783	0.104	0.718	0.232	0.079	0.080	0.101	0.999	1.137	1.141	0.188	0.605	0.445	0.104	0.143	0.233	0.079	0.080	0.102	1.241	1.055	1.237	0.173	0.452	0.472	0.132	0.503	0.246	0.081	0.080	0.079	0.080	0.079	0.080	0.080	0.080	0.080	0.080	0.081	0.079	0.079
19:00:02	0.080	0.079	0.080	0.080	0.080	0.079	0.079	0.079	0.079	0.080	0.079	0.080	0.079	0.101	0.986	1.245	1.214	0.195	0.626	0.846	0.130	0.362	0.229	0.082	0.080	0.101	1.148	1.178	1.168	0.276	1.021	0.404	0.114	0.658	0.276	0.079	0.080	0.101	1.350	1.102	1.027	0.233	0.292	0.158	0.109	0.426	0.258	0.080	0.080	0.100	1.101	1.008	1.135	0.246	0.862	0.775	0.104	0.720	0.239	0.079	0.080	0.101	1.001	1.140	1.143	0.189	0.615	0.448	0.105	0.145	0.236	0.079	0.081	0.102	1.244	1.059	1.243	0.174	0.456	0.486	0.133	0.504	0.251	0.081	0.080	0.079	0.080	0.079	0.080	0.080	0.080	0.080	0.081	0.081	0.079	0.079
19:10:02	0.080	0.079	0.080	0.080	0.080	0.079	0.079	0.080	0.079	0.080	0.079	0.080	0.080	0.101	0.989	1.246	1.214	0.197	0.635	0.846	0.131	0.361	0.233	0.082	0.080	0.101	1.149	1.177	1.167	0.279	1.032	0.408	0.114	0.658	0.277	0.079	0.080	0.101	1.351	1.103	1.031	0.234	0.294	0.159	0.109	0.427	0.263	0.079	0.080	0.100	1.099	1.011	1.138	0.250	0.862	0.766	0.104	0.715	0.243	0.079	0.080	0.101	0.999	1.142	1.146	0.190	0.618	0.450	0.104	0.146	0.236	0.079	0.080	0.102	1.246	1.053	1.245	0.174	0.460	0.480	0.133	0.502	0.253	0.081	0.080	0.079	0.080	0.079	0.080	0.080	0.080	0.080	0.080	0.081	0.079	0.079
19:20:02	0.080	0.079	0.079	0.080	0.080	0.079	0.079	0.079	0.079	0.080	0.079	0.080	0.079	0.101	0.995	1.248	1.220	0.199	0.646	0.834	0.131	0.366	0.236	0.082	0.079	0.101	1.149	1.177	1.169	0.281	1.041	0.408	0.114	0.659	0.279	0.080	0.080	0.101	1.350	1.103	1.038	0.236	0.298	0.160	0.109	0.430	0.268	0.079	0.080	0.100	1.096	1.013	1.140	0.253	0.867	0.764	0.104	0.715	0.247	0.079	0.079	0.101	1.003	1.145	1.147	0.190	0.628	0.452	0.105	0.149	0.240	0.079	0.081	0.102	1.248	1.055	1.245	0.176	0.463	0.494	0.133	0.503	0.258	0.081	0.080	0.079	0.081	0.079	0.079	0.080	0.080	0.080	0.079	0.081	0.079	0.079
19:30:02	0.080	0.079	0.079	0.080	0.079	0.079	0.079	0.079	0.079	0.080	0.079	0.080	0.079	0.101	1.002	1.250	1.222	0.201	0.655	0.818	0.132	0.369	0.235	0.082	0.079	0.101	1.149	1.177	1.174	0.282	1.046	0.408	0.114	0.658	0.279	0.080	0.079	0.101	1.352	1.103	1.040	0.237	0.301	0.160	0.110	0.435	0.273	0.079	0.079	0.100	1.097	1.012	1.141	0.256	0.870	0.762	0.104	0.717	0.252	0.080	0.079	0.101	1.004	1.149	1.150	0.192	0.634	0.455	0.105	0.151	0.243	0.079	0.080	0.102	1.250	1.054	1.252	0.177	0.468	0.497	0.134	0.501	0.260	0.081	0.080	0.079	0.080	0.079	0.079	0.080	0.080	0.080	0.079	0.081	0.079	0.079
19:40:02	0.080	0.079	0.080	0.080	0.080	0.079	0.079	0.079	0.079	0.080	0.079	0.080	0.079	0.101	1.005	1.250	1.223	0.202	0.663	0.814	0.132	0.368	0.236	0.082	0.079	0.101	1.146	1.179	1.173	0.284	1.049	0.412	0.114	0.658	0.280	0.080	0.080	0.101	1.349	1.103	1.042	0.240	0.301	0.160	0.110	0.441	0.279	0.079	0.079	0.100	1.098	1.014	1.143	0.257	0.870	0.765	0.104	0.712	0.255	0.080	0.079	0.101	1.008	1.147	1.149	0.192	0.637	0.454	0.105	0.152	0.245	0.079	0.080	0.102	1.250	1.059	1.252	0.177	0.472	0.496	0.134	0.501	0.265	0.081	0.080	0.079	0.080	0.079	0.079	0.080	0.080	0.080	0.079	0.081	0.079	0.079
19:50:02	0.080	0.079	0.080	0.080	0.080	0.079	0.079	0.080	0.080	0.080	0.079	0.080	0.079	0.101	1.005	1.249	1.225	0.202	0.672	0.812	0.133	0.371	0.240	0.082	0.080	0.101	1.148	1.177	1.177	0.287	1.056	0.415	0.114	0.658	0.280	0.080	0.080	0.101	1.347	1.103	1.045	0.241	0.303	0.160	0.110	0.444	0.284	0.079	0.080	0.100	1.094	1.014	1.144	0.257	0.873	0.759	0.105	0.707	0.259	0.079	0.080	0.101	1.010	1.147	1.153	0.194	0.638	0.460	0.105	0.154	0.246	0.079	0.080	0.102	1.251	1.051	1.254	0.177	0.474	0.487	0.135	0.498	0.264	0.081	0.080	0.079	0.080	0.079	0.079	0.080	0.080	0.080	0.079	0.081	0.079	0.079
20:00:02	0.080	0.079	0.080	0.080	0.080	0.079	0.079	0.080	0.080	0.080	0.079	0.080	0.080	0.101	1.010	1.252	1.228	0.205	0.684	0.807	0.134	0.375	0.245	0.082	0.080	0.101	1.151	1.175	1.177	0.290	1.061	0.415	0.114	0.660	0.287	0.079	0.080	0.101	1.349	1.105	1.049	0.243	0.306	0.161	0.111	0.450	0.287	0.079	0.080	0.100	1.098	1.013	1.144	0.258	0.877	0.761	0.105	0.709	0.265	0.079	0.080	0.101	1.011	1.148	1.156	0.195	0.643	0.460	0.105	0.156	0.251	0.079	0.080	0.102	1.253	1.053	1.258	0.178	0.480	0.489	0.135	0.497	0.274	0.081	0.080	0.079	0.080	0.079	0.079	0.080	0.080	0.080	0.079	0.081	0.079	0.079
20:10:02	0.080	0.079	0.080	0.079	0.080	0.079	0.079	0.079	0.079	0.080	0.079	0.080	0.079	0.101	1.016	1.252	1.230	0.206	0.692	0.806	0.134	0.378	0.245	0.082	0.080	0.101	1.152	1.175	1.178	0.293	1.066	0.416	0.114	0.659	0.286	0.079	0.080	0.101	1.347	1.106	1.054	0.245	0.307	0.161	0.111	0.456	0.297	0.079	0.079	0.100	1.097	1.017	1.145	0.258	0.881	0.760	0.104	0.706	0.267	0.079	0.079	0.101	1.014	1.149	1.156	0.196	0.644	0.463	0.106	0.160	0.253	0.079	0.080	0.102	1.254	1.056	1.262	0.179	0.485	0.495	0.136	0.496	0.280	0.081	0.080	0.079	0.080	0.079	0.079	0.080	0.080	0.080	0.079	0.081	0.079	0.079
20:20:02	0.080	0.079	0.080	0.079	0.080	0.079	0.079	0.080	0.079	0.080	0.079	0.080	0.080	0.101	1.023	1.250	1.233	0.207	0.699	0.801	0.135	0.381	0.247	0.082	0.080	0.101	1.153	1.175	1.179	0.294	1.068	0.417	0.115	0.659	0.288	0.080	0.080	0.101	1.348	1.108	1.057	0.248	0.309	0.162	0.111	0.464	0.294	0.080	0.080	0.100	1.095	1.014	1.144	0.261	0.887	0.771	0.105	0.706	0.271	0.080	0.080	0.101	1.013	1.151	1.158	0.198	0.647	0.467	0.106	0.164	0.256	0.079	0.081	0.102	1.255	1.052	1.265	0.180	0.488	0.503	0.137	0.495	0.286	0.079	0.080	0.079	0.081	0.079	0.079	0.080	0.080	0.080	0.079	0.081	0.079	0.079
20:30:02	0.080	0.079	0.080	0.080	0.080	0.079	0.079	0.080	0.079	0.080	0.079	0.080	0.080	0.101	1.030	1.250	1.234	0.211	0.706	0.804	0.135	0.378	0.250	0.082	0.080	0.101	1.151	1.173	1.179	0.296	1.072	0.419	0.115	0.661	0.290	0.080	0.080	0.101	1.348	1.108	1.059	0.250	0.310	0.163	0.112	0.468	0.302	0.079	0.079	0.100	1.095	1.021	1.144	0.267	0.889	0.760	0.105	0.705	0.274	0.080	0.080	0.101	1.018	1.150	1.158	0.197	0.649	0.467	0.106	0.167	0.258	0.079	0.080	0.102	1.256	1.054	1.263	0.181	0.493	0.508	0.138	0.495	0.282	0.079	0.080	0.079	0.080	0.079	0.079	0.080	0.080	0.080	0.079	0.081	0.079	0.079
20:40:02	0.080	0.079	0.080	0.080	0.080	0.079	0.079	0.080	0.079	0.080	0.079	0.079	0.080	0.101	1.036	1.249	1.236	0.213	0.714	0.807	0.136	0.384	0.251	0.082	0.080	0.101	1.151	1.174	1.180	0.297	1.077	0.419	0.115	0.661	0.294	0.080	0.080	0.101	1.346	1.109	1.061	0.253	0.311	0.164	0.112	0.474	0.303	0.080	0.079	0.100	1.094	1.025	1.145	0.267	0.894	0.755	0.105	0.706	0.277	0.080	0.080	0.101	1.017	1.150	1.159	0.198	0.650	0.470	0.107	0.171	0.259	0.079	0.080	0.102	1.255	1.055	1.265	0.182	0.497	0.511	0.138	0.494	0.280	0.079	0.080	0.079	0.080	0.079	0.079	0.080	0.080	0.080	0.079	0.081	0.079	0.079
20:50:02	0.080	0.079	0.080	0.080	0.080	0.079	0.079	0.080	0.079	0.080	0.079	0.079	0.080	0.101	1.042	1.250	1.238	0.211	0.721	0.805	0.136	0.388	0.254	0.082	0.080	0.101	1.152	1.173	1.181	0.300	1.081	0.420	0.115	0.661	0.298	0.080	0.080	0.101	1.346	1.112	1.064	0.256	0.314	0.165	0.112	0.480	0.306	0.080	0.079	0.100	1.093	1.023	1.146	0.268	0.898	0.750	0.105	0.708	0.278	0.080	0.079	0.101	1.015	1.154	1.161	0.198	0.655	0.473	0.106	0.175	0.264	0.079	0.079	0.102	1.255	1.055	1.270	0.183	0.496	0.526	0.138	0.494	0.282	0.079	0.080	0.079	0.080	0.079	0.079	0.080	0.080	0.080	0.079	0.081	0.079	0.079
21:00:02	0.080	0.079	0.080	0.080	0.080	0.079	0.079	0.080	0.079	0.080	0.079	0.079	0.080	0.101	1.047	1.251	1.236	0.218	0.726	0.812	0.137	0.393	0.256	0.082	0.080	0.101	1.150	1.174	1.184	0.301	1.086	0.425	0.116	0.660	0.299	0.080	0.080	0.101	1.346	1.111	1.065	0.258	0.316	0.166	0.112	0.485	0.307	0.080	0.079	0.100	1.097	1.032	1.148	0.269	0.897	0.786	0.105	0.708	0.282	0.080	0.079	0.101	1.017	1.150	1.159	0.199	0.657	0.472	0.107	0.180	0.265	0.079	0.079	0.102	1.258	1.060	1.270	0.183	0.500	0.527	0.139	0.493	0.284	0.079	0.080	0.079	0.080	0.079	0.079	0.080	0.080	0.080	0.079	0.081	0.079	0.079
21:10:02	0.080	0.079	0.080	0.080	0.080	0.079	0.079	0.080	0.079	0.080	0.079	0.079	0.080	0.101	1.046	1.251	1.237	0.218	0.734	0.817	0.137	0.395	0.259	0.082	0.080	0.101	1.151	1.175	1.186	0.304	1.089	0.430	0.116	0.658	0.303	0.080	0.080	0.101	1.344	1.113	1.066	0.260	0.317	0.166	0.112	0.492	0.311	0.079	0.079	0.100	1.096	1.033	1.150	0.271	0.897	0.754	0.106	0.704	0.286	0.080	0.079	0.101	1.017	1.148	1.161	0.201	0.655	0.478	0.107	0.184	0.269	0.079	0.079	0.102	1.258	1.056	1.271	0.184	0.504	0.521	0.140	0.488	0.288	0.079	0.080	0.079	0.080	0.079	0.079	0.080	0.080	0.080	0.079	0.081	0.079	0.079
21:20:02	0.080	0.079	0.080	0.080	0.080	0.079	0.079	0.079	0.079	0.080	0.079	0.079	0.079	0.101	1.050	1.248	1.238	0.229	0.740	0.820	0.137	0.393	0.263	0.082	0.079	0.101	1.151	1.171	1.184	0.306	1.093	0.431	0.116	0.659	0.303	0.080	0.080	0.101	1.343	1.113	1.064	0.263	0.319	0.167	0.112	0.502	0.311	0.080	0.079	0.100	1.100	1.032	1.149	0.274	0.898	0.741	0.105	0.703	0.289	0.080	0.079	0.101	1.018	1.147	1.160	0.202	0.661	0.479	0.107	0.188	0.271	0.079	0.079	0.102	1.259	1.064	1.273	0.185	0.507	0.532	0.140	0.488	0.293	0.079	0.080	0.079	0.081	0.079	0.079	0.080	0.080	0.080	0.079	0.081	0.079	0.079
21:30:02	0.080	0.079	0.080	0.080	0.080	0.079	0.079	0.080	0.079	0.080	0.079	0.080	0.080	0.101	1.054	1.245	1.239	0.235	0.746	0.831	0.138	0.395	0.266	0.082	0.080	0.101	1.151	1.171	1.186	0.309	1.095	0.438	0.116	0.658	0.307	0.080	0.080	0.101	1.343	1.115	1.064	0.266	0.319	0.169	0.112	0.507	0.310	0.080	0.079	0.100	1.101	1.034	1.150	0.274	0.897	0.732	0.106	0.700	0.292	0.080	0.079	0.101	1.021	1.147	1.161	0.204	0.661	0.484	0.108	0.192	0.275	0.079	0.080	0.102	1.259	1.061	1.273	0.186	0.510	0.526	0.141	0.485	0.293	0.079	0.080	0.079	0.080	0.079	0.080	0.080	0.080	0.081	0.080	0.081	0.079	0.080
21:40:02	0.080	0.079	0.080	0.080	0.080	0.079	0.079	0.080	0.079	0.080	0.079	0.079	0.080	0.101	1.058	1.246	1.241	0.239	0.751	0.842	0.139	0.396	0.268	0.082	0.080	0.101	1.151	1.173	1.188	0.312	1.101	0.441	0.116	0.656	0.307	0.080	0.080	0.101	1.341	1.115	1.069	0.269	0.321	0.171	0.112	0.514	0.311	0.080	0.079	0.100	1.100	1.033	1.150	0.279	0.900	0.719	0.106	0.699	0.295	0.080	0.079	0.101	1.023	1.149	1.161	0.206	0.665	0.486	0.108	0.198	0.275	0.079	0.079	0.102	1.259	1.062	1.276	0.187	0.512	0.539	0.141	0.483	0.294	0.079	0.080	0.079	0.079	0.079	0.079	0.080	0.080	0.080	0.079	0.081	0.079	0.079
21:50:02	0.080	0.079	0.080	0.080	0.080	0.079	0.079	0.080	0.079	0.080	0.079	0.080	0.079	0.100	1.060	1.245	1.241	0.245	0.756	0.839	0.140	0.396	0.270	0.082	0.080	0.100	1.149	1.170	1.188	0.314	1.104	0.444	0.116	0.655	0.304	0.080	0.079	0.100	1.340	1.114	1.066	0.271	0.322	0.172	0.113	0.521	0.312	0.079	0.079	0.099	1.102	1.033	1.147	0.281	0.901	0.706	0.106	0.695	0.297	0.080	0.079	0.100	1.022	1.151	1.162	0.207	0.664	0.490	0.107	0.204	0.280	0.079	0.079	0.101	1.260	1.057	1.278	0.188	0.514	0.534	0.141	0.479	0.293	0.079	0.079	0.079	0.079	0.079	0.079	0.080	0.080	0.080	0.079	0.080	0.079	0.079
22:00:02	0.080	0.079	0.080	0.080	0.080	0.080	0.079	0.080	0.079	0.080	0.079	0.079	0.080	0.101	1.064	1.246	1.242	0.258	0.760	0.848	0.140	0.399	0.274	0.082	0.080	0.101	1.149	1.169	1.190	0.317	1.109	0.445	0.117	0.656	0.310	0.080	0.080	0.101	1.339	1.116	1.068	0.272	0.323	0.174	0.113	0.534	0.318	0.080	0.079	0.100	1.101	1.036	1.147	0.284	0.904	0.708	0.106	0.695	0.300	0.080	0.079	0.101	1.025	1.150	1.162	0.209	0.667	0.489	0.108	0.212	0.281	0.079	0.079	0.102	1.263	1.061	1.276	0.189	0.516	0.539	0.143	0.478	0.297	0.079	0.080	0.079	0.079	0.079	0.079	0.080	0.080	0.080	0.079	0.081	0.079	0.080
22:10:02	0.080	0.079	0.080	0.080	0.080	0.079	0.079	0.080	0.079	0.080	0.079	0.079	0.080	0.101	1.066	1.246	1.245	0.260	0.766	0.857	0.141	0.400	0.278	0.082	0.080	0.101	1.150	1.168	1.189	0.320	1.114	0.446	0.117	0.658	0.312	0.080	0.080	0.101	1.339	1.116	1.069	0.274	0.325	0.175	0.113	0.543	0.321	0.080	0.079	0.100	1.101	1.033	1.144	0.291	0.909	0.697	0.106	0.693	0.302	0.080	0.079	0.101	1.022	1.153	1.166	0.211	0.670	0.493	0.108	0.219	0.284	0.079	0.079	0.102	1.264	1.060	1.278	0.191	0.518	0.546	0.143	0.475	0.300	0.079	0.080	0.079	0.079	0.079	0.079	0.080	0.080	0.080	0.079	0.081	0.079	0.079
22:20:02	0.080	0.079	0.080	0.080	0.080	0.079	0.079	0.080	0.079	0.080	0.079	0.079	0.080	0.101	1.070	1.245	1.246	0.265	0.771	0.870	0.142	0.403	0.279	0.082	0.080	0.101	1.149	1.170	1.190	0.324	1.118	0.448	0.117	0.654	0.315	0.080	0.080	0.101	1.338	1.115	1.072	0.275	0.327	0.178	0.113	0.551	0.323	0.080	0.079	0.100	1.102	1.038	1.145	0.296	0.911	0.694	0.106	0.690	0.304	0.080	0.079	0.101	1.024	1.151	1.166	0.212	0.671	0.495	0.109	0.225	0.284	0.079	0.080	0.102	1.264	1.064	1.276	0.191	0.518	0.553	0.144	0.474	0.301	0.079	0.080	0.079	0.079	0.079	0.079	0.080	0.079	0.080	0.079	0.081	0.079	0.080
22:30:02	0.080	0.079	0.080	0.080	0.080	0.079	0.079	0.080	0.079	0.080	0.079	0.080	0.080	0.101	1.075	1.246	1.248	0.277	0.778	0.883	0.142	0.407	0.283	0.082	0.080	0.101	1.151	1.170	1.189	0.327	1.119	0.449	0.117	0.653	0.318	0.080	0.080	0.101	1.336	1.115	1.075	0.278	0.328	0.180	0.113	0.562	0.326	0.080	0.079	0.100	1.104	1.040	1.145	0.300	0.914	0.688	0.107	0.691	0.305	0.080	0.079	0.101	1.027	1.150	1.167	0.213	0.677	0.495	0.110	0.233	0.287	0.079	0.079	0.102	1.268	1.070	1.276	0.192	0.520	0.562	0.145	0.474	0.307	0.079	0.080	0.080	0.080	0.079	0.079	0.080	0.079	0.080	0.079	0.081	0.079	0.080
22:40:02	0.080	0.079	0.080	0.080	0.080	0.079	0.079	0.080	0.079	0.080	0.079	0.079	0.080	0.101	1.077	1.247	1.250	0.274	0.784	0.896	0.143	0.407	0.284	0.082	0.080	0.101	1.152	1.169	1.192	0.331	1.126	0.450	0.117	0.652	0.320	0.080	0.080	0.101	1.335	1.115	1.077	0.279	0.330	0.181	0.114	0.573	0.327	0.080	0.079	0.100	1.103	1.041	1.144	0.303	0.917	0.680	0.106	0.688	0.304	0.080	0.079	0.101	1.026	1.151	1.167	0.214	0.678	0.499	0.109	0.241	0.289	0.079	0.079	0.102	1.272	1.068	1.279	0.193	0.520	0.571	0.145	0.470	0.308	0.079	0.080	0.079	0.079	0.079	0.079	0.080	0.079	0.079	0.079	0.081	0.079	0.079
22:50:02	0.080	0.079	0.080	0.080	0.080	0.079	0.079	0.080	0.079	0.080	0.079	0.080	0.080	0.101	1.078	1.246	1.251	0.281	0.789	0.908	0.143	0.409	0.287	0.082	0.080	0.101	1.152	1.167	1.191	0.334	1.130	0.452	0.118	0.650	0.322	0.080	0.080	0.101	1.334	1.116	1.081	0.281	0.331	0.183	0.114	0.584	0.330	0.080	0.079	0.100	1.104	1.044	1.144	0.304	0.919	0.677	0.107	0.684	0.306	0.080	0.079	0.101	1.029	1.152	1.168	0.216	0.674	0.503	0.110	0.249	0.291	0.079	0.080	0.102	1.274	1.064	1.280	0.193	0.520	0.567	0.146	0.467	0.313	0.079	0.080	0.079	0.080	0.079	0.079	0.080	0.079	0.079	0.079	0.081	0.079	0.080
23:00:02	0.080	0.079	0.080	0.080	0.080	0.079	0.079	0.079	0.079	0.080	0.079	0.079	0.079	0.101	1.082	1.246	1.252	0.289	0.796	0.921	0.144	0.411	0.291	0.082	0.079	0.101	1.152	1.168	1.190	0.337	1.137	0.450	0.117	0.646	0.323	0.080	0.079	0.100	1.334	1.115	1.082	0.283	0.332	0.184	0.114	0.596	0.333	0.080	0.079	0.100	1.102	1.043	1.141	0.307	0.923	0.671	0.107	0.685	0.309	0.080	0.079	0.101	1.029	1.152	1.169	0.218	0.679	0.505	0.110	0.258	0.293	0.079	0.079	0.102	1.277	1.063	1.283	0.195	0.521	0.579	0.147	0.466	0.315	0.079	0.080	0.079	0.079	0.079	0.079	0.080	0.079	0.079	0.079	0.081	0.079	0.079
23:10:02	0.080	0.079	0.080	0.080	0.080	0.079	0.079	0.079	0.079	0.080	0.079	0.080	0.080	0.100	1.085	1.246	1.254	0.297	0.804	0.941	0.145	0.413	0.293	0.082	0.080	0.101	1.150	1.166	1.191	0.340	1.144	0.449	0.118	0.643	0.329	0.080	0.079	0.100	1.333	1.114	1.080	0.285	0.334	0.187	0.114	0.602	0.334	0.080	0.079	0.100	1.101	1.040	1.139	0.310	0.925	0.664	0.107	0.683	0.313	0.080	0.079	0.100	1.029	1.152	1.171	0.219	0.678	0.508	0.111	0.266	0.296	0.080	0.079	0.101	1.280	1.064	1.284	0.195	0.523	0.581	0.148	0.463	0.315	0.079	0.080	0.079	0.079	0.079	0.079	0.080	0.079	0.079	0.079	0.081	0.079	0.079
23:20:02	0.081	0.079	0.080	0.080	0.080	0.080	0.079	0.080	0.079	0.080	0.079	0.080	0.080	0.101	1.088	1.245	1.254	0.303	0.807	0.958	0.145	0.414	0.297	0.082	0.080	0.101	1.149	1.164	1.188	0.344	1.147	0.447	0.118	0.640	0.331	0.080	0.080	0.101	1.333	1.115	1.079	0.287	0.334	0.189	0.114	0.610	0.339	0.080	0.079	0.100	1.102	1.044	1.140	0.310	0.925	0.657	0.108	0.679	0.315	0.080	0.079	0.101	1.031	1.153	1.174	0.221	0.673	0.508	0.111	0.274	0.297	0.079	0.080	0.102	1.279	1.062	1.283	0.196	0.523	0.577	0.148	0.460	0.318	0.079	0.080	0.079	0.080	0.079	0.079	0.080	0.079	0.079	0.079	0.081	0.079	0.079
23:30:02	0.080	0.079	0.080	0.080	0.080	0.079	0.079	0.080	0.079	0.080	0.079	0.080	0.080	0.101	1.093	1.245	1.254	0.310	0.813	0.970	0.146	0.415	0.300	0.082	0.080	0.100	1.149	1.163	1.189	0.347	1.154	0.446	0.118	0.636	0.335	0.080	0.080	0.101	1.333	1.116	1.083	0.290	0.336	0.192	0.115	0.621	0.340	0.080	0.079	0.099	1.103	1.049	1.140	0.311	0.928	0.655	0.107	0.680	0.317	0.080	0.079	0.100	1.031	1.151	1.174	0.222	0.673	0.507	0.111	0.283	0.297	0.079	0.079	0.101	1.278	1.062	1.284	0.197	0.524	0.580	0.148	0.458	0.320	0.079	0.080	0.079	0.079	0.079	0.079	0.080	0.079	0.079	0.079	0.081	0.079	0.079
23:40:02	0.080	0.079	0.080	0.080	0.080	0.079	0.079	0.080	0.079	0.080	0.079	0.080	0.080	0.101	1.096	1.246	1.256	0.304	0.821	0.983	0.147	0.415	0.301	0.082	0.080	0.101	1.148	1.163	1.190	0.350	1.163	0.447	0.118	0.633	0.340	0.080	0.080	0.101	1.333	1.116	1.084	0.292	0.338	0.196	0.115	0.634	0.342	0.080	0.079	0.100	1.102	1.045	1.139	0.314	0.931	0.648	0.108	0.680	0.318	0.080	0.079	0.101	1.031	1.153	1.175	0.224	0.676	0.513	0.112	0.291	0.301	0.079	0.080	0.102	1.277	1.064	1.288	0.198	0.523	0.590	0.149	0.456	0.319	0.079	0.080	0.079	0.080	0.079	0.079	0.080	0.079	0.079	0.079	0.081	0.079	0.079
23:50:02	0.080	0.079	0.080	0.080	0.080	0.079	0.079	0.080	0.079	0.080	0.079	0.080	0.080	0.101	1.097	1.246	1.254	0.308	0.827	0.993	0.147	0.417	0.303	0.082	0.080	0.100	1.147	1.162	1.190	0.353	1.171	0.447	0.119	0.630	0.335	0.080	0.079	0.101	1.333	1.114	1.085	0.294	0.339	0.200	0.115	0.644	0.343	0.080	0.079	0.100	1.102	1.045	1.139	0.314	0.931	0.643	0.108	0.678	0.320	0.080	0.079	0.100	1.033	1.152	1.174	0.225	0.677	0.513	0.112	0.301	0.301	0.079	0.079	0.102	1.277	1.068	1.288	0.199	0.524	0.596	0.149	0.453	0.320	0.079	0.080	0.079	0.079	0.079	0.079	0.080	0.079	0.079	0.079	0.079	0.079	0.079
24:00:02	0.081	0.080	0.080	0.080	0.081	0.080	0.079	0.080	0.080	0.080	0.079	0.080	0.080	0.101	1.100	1.247	1.256	0.318	0.832	1.008	0.148	0.419	0.310	0.082	0.080	0.101	1.147	1.165	1.192	0.355	1.180	0.448	0.119	0.628	0.337	0.080	0.080	0.101	1.333	1.114	1.089	0.296	0.340	0.203	0.115	0.656	0.348	0.080	0.079	0.100	1.102	1.045	1.141	0.316	0.933	0.646	0.108	0.677	0.320	0.080	0.079	0.101	1.037	1.151	1.174	0.226	0.683	0.513	0.113	0.315	0.303	0.079	0.079	0.102	1.278	1.070	1.290	0.200	0.527	0.600	0.150	0.455	0.323	0.079	0.080	0.080	0.080	0.079	0.080	0.080	0.079	0.079	0.079	0.079	0.079	0.079

