Field Group

Plate Comment:	
Procedure Summary
  Plate Type:              Corning 96 well for LogPhase600
  Plate Number:            4
  Discontinuous Kinetics:  Runtime 01:00:00 (D:HH:MM), Interval 00:10:00 (HH:MM:SS), 145 Reads (max)
  Read:                    600 nm
  Incubator:               On
    Temperature setpoint:  37 °C
    Temperature gradient:  On
  Shaking:                 Off		
			
			

600

Time	A1	A2	A3	A4	A5	A6	A7	A8	A9	A10	A11	A12	B1	B2	B3	B4	B5	B6	B7	B8	B9	B10	B11	B12	C1	C2	C3	C4	C5	C6	C7	C8	C9	C10	C11	C12	D1	D2	D3	D4	D5	D6	D7	D8	D9	D10	D11	D12	E1	E2	E3	E4	E5	E6	E7	E8	E9	E10	E11	E12	F1	F2	F3	F4	F5	F6	F7	F8	F9	F10	F11	F12	G1	G2	G3	G4	G5	G6	G7	G8	G9	G10	G11	G12	H1	H2	H3	H4	H5	H6	H7	H8	H9	H10	H11	H12
0:00:00	0.080	0.079	0.079	0.080	0.079	0.080	0.078	0.079	0.081	0.079	0.077	0.078	0.080	0.105	0.481	0.199	0.236	0.118	0.135	0.344	0.116	0.208	0.267	0.079	0.079	0.103	0.463	0.197	0.264	0.117	0.417	0.173	0.121	0.593	0.243	0.079	0.079	0.103	0.136	0.203	0.152	0.117	0.202	0.472	0.123	0.608	0.127	0.078	0.079	0.105	0.281	0.212	0.163	0.122	0.249	0.313	0.120	0.643	0.145	0.079	0.079	0.103	0.199	0.191	0.134	0.122	0.224	0.182	0.118	0.183	0.114	0.079	0.079	0.104	0.338	0.249	0.120	0.124	0.225	0.110	0.109	0.242	0.133	0.079	0.079	0.080	0.079	0.080	0.079	0.079	0.079	0.079	0.079	0.079	0.079	0.079
0:10:00	0.080	0.079	0.079	0.080	0.079	0.080	0.078	0.079	0.081	0.079	0.078	0.078	0.080	0.104	0.531	0.248	0.249	0.114	0.142	0.350	0.116	0.221	0.256	0.079	0.079	0.103	0.501	0.263	0.326	0.120	0.428	0.176	0.119	0.556	0.227	0.079	0.079	0.103	0.142	0.187	0.179	0.119	0.229	0.400	0.123	0.585	0.128	0.079	0.079	0.104	0.358	0.209	0.184	0.123	0.234	0.320	0.122	0.601	0.139	0.079	0.079	0.103	0.222	0.239	0.137	0.122	0.235	0.182	0.119	0.219	0.114	0.079	0.079	0.104	0.365	0.268	0.126	0.125	0.236	0.117	0.110	0.318	0.131	0.079	0.079	0.080	0.079	0.080	0.079	0.079	0.079	0.079	0.079	0.079	0.079	0.079
0:20:00	0.080	0.079	0.079	0.080	0.079	0.080	0.078	0.079	0.081	0.079	0.078	0.078	0.080	0.104	0.539	0.319	0.263	0.115	0.146	0.350	0.117	0.219	0.258	0.079	0.079	0.103	0.425	0.293	0.344	0.121	0.428	0.184	0.119	0.547	0.229	0.079	0.079	0.103	0.152	0.175	0.181	0.118	0.238	0.375	0.124	0.560	0.131	0.078	0.079	0.104	0.384	0.192	0.181	0.126	0.225	0.311	0.123	0.579	0.143	0.079	0.079	0.103	0.226	0.266	0.144	0.121	0.244	0.186	0.120	0.230	0.118	0.078	0.079	0.104	0.367	0.267	0.128	0.125	0.242	0.147	0.110	0.339	0.131	0.079	0.079	0.080	0.079	0.080	0.079	0.079	0.079	0.079	0.079	0.079	0.078	0.078
0:30:00	0.080	0.079	0.079	0.079	0.078	0.080	0.078	0.079	0.081	0.079	0.078	0.078	0.080	0.104	0.536	0.341	0.263	0.116	0.157	0.353	0.117	0.211	0.254	0.079	0.079	0.103	0.441	0.317	0.346	0.124	0.418	0.188	0.119	0.526	0.221	0.079	0.079	0.103	0.166	0.174	0.182	0.118	0.240	0.356	0.124	0.537	0.132	0.078	0.079	0.104	0.406	0.183	0.181	0.129	0.232	0.304	0.123	0.563	0.149	0.079	0.079	0.102	0.234	0.278	0.148	0.121	0.247	0.183	0.120	0.228	0.118	0.078	0.079	0.104	0.369	0.274	0.130	0.124	0.243	0.260	0.110	0.362	0.132	0.079	0.079	0.079	0.079	0.080	0.079	0.079	0.079	0.079	0.079	0.079	0.078	0.078
0:40:00	0.080	0.079	0.079	0.079	0.079	0.080	0.078	0.079	0.081	0.079	0.078	0.079	0.080	0.104	0.536	0.374	0.272	0.117	0.162	0.353	0.118	0.213	0.252	0.079	0.079	0.102	0.434	0.323	0.348	0.125	0.418	0.195	0.119	0.517	0.220	0.079	0.079	0.103	0.178	0.173	0.185	0.119	0.251	0.353	0.124	0.526	0.136	0.078	0.079	0.104	0.411	0.177	0.177	0.132	0.236	0.304	0.124	0.557	0.153	0.079	0.079	0.102	0.239	0.284	0.149	0.122	0.252	0.185	0.122	0.227	0.119	0.079	0.079	0.103	0.374	0.273	0.130	0.123	0.247	0.349	0.111	0.366	0.133	0.079	0.079	0.079	0.079	0.079	0.079	0.079	0.079	0.079	0.079	0.079	0.079	0.079
0:50:00	0.080	0.079	0.079	0.080	0.079	0.081	0.078	0.079	0.081	0.079	0.078	0.079	0.080	0.104	0.542	0.374	0.278	0.118	0.166	0.348	0.118	0.226	0.253	0.079	0.079	0.103	0.441	0.322	0.354	0.126	0.435	0.203	0.121	0.523	0.222	0.079	0.079	0.103	0.190	0.175	0.185	0.120	0.257	0.358	0.126	0.523	0.139	0.079	0.079	0.104	0.405	0.175	0.177	0.133	0.234	0.305	0.124	0.560	0.156	0.079	0.079	0.102	0.239	0.295	0.149	0.121	0.260	0.189	0.122	0.233	0.119	0.079	0.079	0.103	0.375	0.275	0.131	0.124	0.250	0.383	0.111	0.354	0.134	0.079	0.079	0.080	0.079	0.080	0.079	0.079	0.079	0.079	0.079	0.079	0.079	0.079
1:00:00	0.080	0.079	0.079	0.080	0.079	0.080	0.078	0.079	0.081	0.079	0.078	0.079	0.080	0.104	0.541	0.386	0.291	0.119	0.170	0.345	0.119	0.228	0.253	0.079	0.079	0.103	0.442	0.326	0.352	0.127	0.434	0.203	0.122	0.518	0.223	0.079	0.079	0.103	0.200	0.180	0.186	0.121	0.261	0.360	0.127	0.517	0.139	0.079	0.079	0.104	0.406	0.174	0.179	0.133	0.236	0.305	0.124	0.558	0.157	0.079	0.079	0.103	0.243	0.303	0.150	0.122	0.264	0.188	0.122	0.234	0.120	0.079	0.079	0.104	0.379	0.276	0.131	0.125	0.250	0.406	0.112	0.354	0.135	0.079	0.079	0.080	0.079	0.080	0.079	0.079	0.079	0.079	0.079	0.079	0.079	0.079
1:10:00	0.080	0.079	0.079	0.080	0.079	0.081	0.078	0.079	0.081	0.079	0.078	0.078	0.080	0.104	0.543	0.392	0.301	0.119	0.172	0.347	0.120	0.216	0.254	0.079	0.079	0.103	0.444	0.329	0.345	0.127	0.418	0.202	0.122	0.501	0.224	0.079	0.079	0.103	0.211	0.180	0.186	0.123	0.256	0.357	0.128	0.505	0.139	0.078	0.079	0.104	0.417	0.174	0.178	0.133	0.236	0.297	0.125	0.550	0.158	0.079	0.079	0.102	0.248	0.307	0.152	0.123	0.263	0.187	0.123	0.230	0.121	0.078	0.079	0.104	0.382	0.277	0.131	0.126	0.249	0.415	0.113	0.364	0.136	0.078	0.079	0.080	0.079	0.080	0.079	0.079	0.079	0.079	0.079	0.079	0.078	0.078
1:20:00	0.080	0.079	0.079	0.079	0.079	0.080	0.078	0.079	0.081	0.079	0.077	0.078	0.080	0.104	0.536	0.405	0.316	0.120	0.175	0.348	0.121	0.213	0.255	0.079	0.079	0.103	0.447	0.328	0.343	0.126	0.412	0.205	0.123	0.491	0.223	0.079	0.079	0.103	0.216	0.181	0.185	0.123	0.258	0.359	0.128	0.499	0.139	0.078	0.079	0.104	0.419	0.175	0.178	0.132	0.238	0.300	0.125	0.545	0.159	0.079	0.079	0.102	0.251	0.312	0.152	0.123	0.265	0.187	0.123	0.230	0.122	0.078	0.079	0.103	0.383	0.277	0.131	0.126	0.249	0.421	0.113	0.365	0.136	0.078	0.079	0.080	0.079	0.080	0.079	0.079	0.079	0.079	0.079	0.079	0.078	0.079
1:30:00	0.080	0.079	0.079	0.080	0.079	0.080	0.078	0.079	0.081	0.079	0.077	0.078	0.080	0.104	0.537	0.404	0.328	0.120	0.177	0.345	0.122	0.224	0.257	0.079	0.079	0.103	0.458	0.325	0.345	0.127	0.425	0.210	0.124	0.499	0.223	0.079	0.079	0.103	0.223	0.183	0.188	0.123	0.266	0.373	0.128	0.503	0.141	0.078	0.079	0.104	0.415	0.180	0.181	0.132	0.238	0.304	0.125	0.549	0.160	0.079	0.079	0.102	0.253	0.322	0.155	0.123	0.273	0.188	0.123	0.239	0.124	0.078	0.079	0.104	0.385	0.278	0.133	0.127	0.256	0.417	0.114	0.359	0.136	0.079	0.079	0.080	0.079	0.080	0.079	0.079	0.079	0.079	0.079	0.079	0.078	0.079
1:40:00	0.080	0.079	0.079	0.080	0.079	0.080	0.078	0.079	0.081	0.079	0.077	0.078	0.080	0.104	0.534	0.408	0.343	0.121	0.179	0.346	0.123	0.223	0.256	0.079	0.079	0.103	0.466	0.322	0.346	0.127	0.421	0.212	0.124	0.496	0.223	0.079	0.079	0.103	0.231	0.184	0.190	0.122	0.271	0.377	0.128	0.503	0.141	0.078	0.079	0.104	0.418	0.182	0.182	0.132	0.239	0.304	0.125	0.547	0.161	0.079	0.079	0.103	0.255	0.327	0.156	0.124	0.275	0.189	0.124	0.244	0.125	0.079	0.079	0.104	0.387	0.277	0.135	0.128	0.258	0.421	0.115	0.359	0.137	0.079	0.079	0.080	0.079	0.080	0.079	0.079	0.079	0.079	0.079	0.079	0.078	0.079
1:50:00	0.080	0.079	0.079	0.079	0.079	0.080	0.078	0.079	0.081	0.079	0.078	0.078	0.080	0.104	0.535	0.414	0.358	0.122	0.181	0.347	0.123	0.222	0.255	0.079	0.079	0.103	0.476	0.320	0.346	0.127	0.418	0.212	0.125	0.499	0.222	0.079	0.079	0.103	0.239	0.184	0.193	0.122	0.277	0.381	0.128	0.501	0.142	0.079	0.079	0.104	0.420	0.184	0.185	0.132	0.240	0.306	0.125	0.546	0.162	0.079	0.079	0.102	0.258	0.331	0.158	0.125	0.279	0.192	0.124	0.249	0.126	0.079	0.079	0.104	0.391	0.277	0.136	0.128	0.262	0.423	0.116	0.360	0.138	0.079	0.079	0.080	0.079	0.080	0.079	0.079	0.079	0.079	0.079	0.079	0.079	0.079
2:00:00	0.081	0.079	0.079	0.080	0.079	0.080	0.078	0.079	0.081	0.079	0.078	0.079	0.080	0.104	0.535	0.423	0.374	0.122	0.184	0.351	0.124	0.213	0.253	0.079	0.079	0.103	0.474	0.321	0.342	0.127	0.403	0.210	0.125	0.490	0.223	0.079	0.079	0.103	0.250	0.184	0.194	0.122	0.273	0.380	0.129	0.493	0.142	0.079	0.079	0.104	0.424	0.186	0.187	0.132	0.243	0.304	0.126	0.541	0.163	0.079	0.079	0.102	0.262	0.335	0.157	0.126	0.279	0.193	0.125	0.249	0.127	0.079	0.079	0.104	0.395	0.279	0.136	0.128	0.262	0.433	0.117	0.365	0.138	0.079	0.079	0.080	0.079	0.080	0.079	0.079	0.079	0.079	0.079	0.079	0.079	0.079
2:10:00	0.080	0.079	0.079	0.080	0.079	0.081	0.079	0.079	0.081	0.079	0.078	0.079	0.080	0.104	0.539	0.422	0.379	0.123	0.186	0.347	0.124	0.222	0.254	0.079	0.079	0.103	0.494	0.317	0.348	0.127	0.416	0.216	0.126	0.501	0.223	0.079	0.079	0.103	0.252	0.189	0.198	0.122	0.285	0.391	0.129	0.496	0.146	0.079	0.079	0.104	0.424	0.188	0.193	0.132	0.241	0.307	0.126	0.541	0.165	0.079	0.079	0.102	0.263	0.342	0.161	0.126	0.284	0.197	0.125	0.256	0.128	0.079	0.079	0.104	0.398	0.279	0.136	0.128	0.269	0.428	0.116	0.362	0.138	0.079	0.079	0.080	0.079	0.080	0.079	0.079	0.079	0.079	0.079	0.079	0.079	0.079
2:20:00	0.080	0.079	0.079	0.080	0.079	0.081	0.078	0.079	0.081	0.079	0.078	0.079	0.080	0.104	0.538	0.429	0.388	0.123	0.188	0.347	0.125	0.224	0.253	0.079	0.079	0.103	0.508	0.316	0.350	0.127	0.420	0.221	0.126	0.501	0.223	0.079	0.079	0.103	0.257	0.192	0.200	0.122	0.289	0.392	0.129	0.494	0.148	0.078	0.079	0.104	0.426	0.190	0.195	0.132	0.242	0.310	0.126	0.537	0.166	0.079	0.079	0.102	0.266	0.344	0.165	0.127	0.285	0.200	0.125	0.261	0.129	0.079	0.079	0.104	0.406	0.280	0.137	0.128	0.273	0.430	0.116	0.361	0.138	0.079	0.079	0.079	0.079	0.080	0.079	0.079	0.079	0.079	0.079	0.079	0.079	0.079
2:30:00	0.081	0.079	0.079	0.080	0.079	0.080	0.078	0.079	0.081	0.079	0.078	0.079	0.080	0.104	0.538	0.454	0.394	0.123	0.190	0.352	0.125	0.216	0.251	0.079	0.079	0.102	0.510	0.316	0.347	0.127	0.407	0.221	0.127	0.490	0.221	0.079	0.079	0.103	0.263	0.196	0.200	0.122	0.289	0.389	0.129	0.488	0.148	0.078	0.079	0.103	0.434	0.190	0.197	0.132	0.245	0.311	0.127	0.531	0.166	0.079	0.079	0.102	0.271	0.347	0.167	0.127	0.284	0.202	0.126	0.262	0.129	0.079	0.079	0.103	0.419	0.281	0.139	0.128	0.273	0.439	0.117	0.362	0.138	0.079	0.079	0.079	0.079	0.079	0.079	0.079	0.079	0.079	0.079	0.079	0.079	0.079
2:40:00	0.080	0.079	0.079	0.080	0.079	0.081	0.079	0.079	0.081	0.079	0.078	0.079	0.080	0.104	0.542	0.458	0.401	0.123	0.192	0.348	0.126	0.230	0.255	0.079	0.079	0.102	0.541	0.313	0.354	0.127	0.424	0.229	0.128	0.500	0.222	0.079	0.079	0.103	0.265	0.201	0.204	0.123	0.299	0.398	0.130	0.488	0.150	0.079	0.079	0.103	0.437	0.193	0.201	0.133	0.244	0.317	0.127	0.534	0.167	0.079	0.079	0.102	0.273	0.357	0.171	0.127	0.291	0.207	0.126	0.270	0.131	0.079	0.079	0.103	0.423	0.282	0.141	0.129	0.278	0.434	0.118	0.361	0.139	0.079	0.079	0.080	0.079	0.080	0.079	0.079	0.079	0.079	0.079	0.079	0.079	0.079
2:50:00	0.081	0.079	0.079	0.080	0.079	0.081	0.079	0.079	0.081	0.079	0.078	0.079	0.080	0.104	0.546	0.480	0.403	0.124	0.195	0.346	0.126	0.231	0.256	0.079	0.079	0.103	0.548	0.313	0.353	0.127	0.422	0.231	0.128	0.500	0.224	0.079	0.079	0.103	0.267	0.203	0.206	0.123	0.301	0.398	0.131	0.489	0.150	0.079	0.079	0.103	0.444	0.195	0.203	0.133	0.244	0.319	0.127	0.535	0.169	0.079	0.079	0.102	0.276	0.359	0.176	0.127	0.294	0.211	0.126	0.280	0.132	0.079	0.079	0.103	0.429	0.284	0.143	0.129	0.280	0.437	0.118	0.363	0.139	0.079	0.079	0.080	0.079	0.080	0.079	0.079	0.079	0.079	0.079	0.079	0.079	0.079
3:00:00	0.080	0.080	0.080	0.080	0.079	0.081	0.079	0.079	0.081	0.079	0.078	0.079	0.080	0.104	0.551	0.490	0.414	0.124	0.198	0.346	0.126	0.229	0.259	0.079	0.079	0.103	0.566	0.312	0.360	0.127	0.420	0.235	0.129	0.501	0.227	0.079	0.079	0.103	0.270	0.205	0.209	0.123	0.303	0.401	0.131	0.490	0.153	0.079	0.079	0.104	0.441	0.198	0.205	0.134	0.245	0.321	0.128	0.540	0.170	0.079	0.079	0.102	0.280	0.372	0.175	0.128	0.295	0.215	0.126	0.287	0.133	0.079	0.079	0.104	0.432	0.286	0.146	0.129	0.281	0.443	0.119	0.365	0.138	0.079	0.079	0.080	0.079	0.080	0.079	0.079	0.079	0.079	0.079	0.079	0.079	0.079
3:10:00	0.080	0.079	0.079	0.080	0.079	0.081	0.079	0.079	0.081	0.079	0.078	0.079	0.080	0.104	0.548	0.514	0.424	0.124	0.200	0.348	0.127	0.227	0.259	0.079	0.079	0.103	0.585	0.313	0.357	0.127	0.415	0.236	0.130	0.505	0.228	0.079	0.079	0.103	0.276	0.209	0.212	0.123	0.305	0.398	0.132	0.490	0.154	0.079	0.079	0.104	0.451	0.200	0.207	0.134	0.248	0.325	0.128	0.539	0.171	0.079	0.079	0.102	0.284	0.381	0.176	0.128	0.299	0.219	0.126	0.299	0.133	0.079	0.079	0.104	0.440	0.287	0.148	0.129	0.283	0.451	0.119	0.366	0.139	0.079	0.079	0.080	0.079	0.080	0.079	0.079	0.079	0.079	0.079	0.079	0.079	0.079
3:20:00	0.081	0.079	0.079	0.080	0.079	0.081	0.078	0.079	0.081	0.079	0.078	0.079	0.080	0.104	0.546	0.536	0.427	0.125	0.201	0.353	0.127	0.217	0.256	0.079	0.079	0.103	0.566	0.316	0.357	0.127	0.399	0.231	0.130	0.499	0.228	0.079	0.079	0.103	0.282	0.212	0.214	0.123	0.300	0.390	0.132	0.488	0.153	0.078	0.079	0.104	0.456	0.198	0.209	0.134	0.253	0.324	0.129	0.536	0.172	0.079	0.079	0.102	0.289	0.389	0.176	0.128	0.298	0.221	0.127	0.298	0.133	0.079	0.079	0.103	0.456	0.288	0.148	0.129	0.283	0.468	0.120	0.367	0.140	0.079	0.079	0.080	0.079	0.080	0.079	0.079	0.079	0.079	0.079	0.079	0.078	0.079
3:30:00	0.081	0.079	0.079	0.080	0.079	0.080	0.079	0.079	0.081	0.079	0.078	0.079	0.080	0.104	0.551	0.549	0.426	0.125	0.205	0.351	0.127	0.227	0.258	0.079	0.079	0.103	0.600	0.315	0.360	0.127	0.412	0.240	0.131	0.512	0.230	0.079	0.079	0.103	0.282	0.219	0.219	0.123	0.307	0.399	0.133	0.490	0.154	0.079	0.079	0.104	0.463	0.201	0.214	0.135	0.253	0.332	0.129	0.543	0.174	0.079	0.079	0.102	0.291	0.408	0.183	0.128	0.306	0.227	0.127	0.310	0.133	0.079	0.079	0.104	0.463	0.290	0.151	0.129	0.287	0.464	0.120	0.370	0.141	0.079	0.079	0.080	0.079	0.080	0.079	0.079	0.079	0.079	0.079	0.079	0.079	0.079
3:40:00	0.081	0.079	0.079	0.080	0.079	0.080	0.079	0.079	0.081	0.079	0.078	0.079	0.080	0.104	0.551	0.577	0.428	0.126	0.207	0.357	0.127	0.218	0.255	0.079	0.079	0.103	0.591	0.317	0.365	0.127	0.396	0.236	0.132	0.505	0.230	0.079	0.079	0.103	0.287	0.222	0.222	0.123	0.309	0.399	0.133	0.490	0.154	0.079	0.079	0.104	0.471	0.204	0.215	0.136	0.257	0.333	0.130	0.545	0.175	0.079	0.079	0.102	0.297	0.407	0.187	0.128	0.307	0.230	0.128	0.308	0.132	0.079	0.079	0.103	0.484	0.291	0.153	0.129	0.288	0.474	0.121	0.370	0.142	0.079	0.079	0.080	0.079	0.080	0.079	0.079	0.079	0.079	0.079	0.079	0.079	0.079
3:50:00	0.081	0.080	0.080	0.080	0.079	0.081	0.079	0.080	0.081	0.079	0.078	0.079	0.080	0.104	0.555	0.588	0.428	0.126	0.211	0.353	0.128	0.228	0.257	0.079	0.079	0.103	0.608	0.318	0.372	0.127	0.409	0.245	0.133	0.513	0.232	0.079	0.079	0.103	0.288	0.226	0.226	0.123	0.317	0.414	0.133	0.493	0.156	0.079	0.079	0.104	0.475	0.213	0.218	0.137	0.256	0.333	0.130	0.554	0.177	0.079	0.079	0.102	0.298	0.411	0.188	0.129	0.318	0.235	0.128	0.319	0.134	0.079	0.079	0.104	0.491	0.297	0.156	0.130	0.292	0.470	0.121	0.373	0.142	0.079	0.079	0.080	0.079	0.080	0.079	0.079	0.079	0.079	0.079	0.079	0.079	0.079
4:00:00	0.081	0.080	0.079	0.080	0.079	0.081	0.079	0.079	0.081	0.079	0.078	0.079	0.080	0.104	0.552	0.614	0.429	0.126	0.214	0.359	0.128	0.218	0.255	0.079	0.079	0.102	0.615	0.322	0.370	0.127	0.397	0.242	0.134	0.509	0.232	0.079	0.079	0.103	0.294	0.226	0.229	0.123	0.313	0.411	0.134	0.492	0.154	0.079	0.079	0.104	0.481	0.211	0.218	0.137	0.261	0.333	0.130	0.554	0.177	0.079	0.079	0.102	0.305	0.417	0.188	0.129	0.339	0.238	0.128	0.322	0.135	0.079	0.079	0.103	0.512	0.301	0.158	0.129	0.295	0.476	0.122	0.373	0.142	0.079	0.079	0.079	0.079	0.080	0.079	0.079	0.079	0.079	0.079	0.079	0.079	0.079
4:10:00	0.080	0.080	0.079	0.080	0.079	0.081	0.079	0.079	0.081	0.079	0.078	0.079	0.080	0.104	0.553	0.645	0.431	0.126	0.221	0.360	0.128	0.219	0.255	0.079	0.079	0.102	0.618	0.322	0.378	0.127	0.401	0.252	0.135	0.517	0.232	0.079	0.079	0.103	0.300	0.230	0.233	0.123	0.322	0.414	0.134	0.494	0.155	0.079	0.079	0.103	0.490	0.221	0.221	0.138	0.264	0.336	0.131	0.560	0.178	0.079	0.079	0.102	0.310	0.434	0.192	0.129	0.386	0.245	0.129	0.328	0.135	0.079	0.079	0.103	0.533	0.307	0.165	0.130	0.301	0.471	0.123	0.378	0.141	0.079	0.079	0.080	0.079	0.079	0.079	0.079	0.079	0.079	0.079	0.079	0.079	0.079
4:20:00	0.081	0.080	0.079	0.080	0.079	0.080	0.079	0.079	0.081	0.079	0.078	0.079	0.080	0.103	0.553	0.659	0.435	0.127	0.226	0.362	0.128	0.223	0.256	0.079	0.079	0.102	0.623	0.323	0.372	0.127	0.402	0.260	0.136	0.516	0.233	0.079	0.079	0.102	0.308	0.243	0.236	0.123	0.327	0.422	0.134	0.495	0.155	0.079	0.079	0.103	0.502	0.237	0.226	0.139	0.266	0.341	0.131	0.569	0.179	0.079	0.079	0.102	0.315	0.445	0.197	0.129	0.395	0.257	0.129	0.334	0.135	0.079	0.079	0.103	0.550	0.315	0.165	0.130	0.310	0.471	0.123	0.378	0.141	0.079	0.079	0.080	0.079	0.080	0.079	0.079	0.079	0.079	0.079	0.079	0.079	0.079
4:30:00	0.081	0.079	0.079	0.080	0.079	0.081	0.079	0.079	0.081	0.079	0.078	0.079	0.080	0.103	0.553	0.683	0.435	0.127	0.232	0.360	0.128	0.226	0.257	0.079	0.079	0.102	0.645	0.323	0.383	0.127	0.406	0.263	0.136	0.522	0.234	0.079	0.079	0.102	0.314	0.248	0.239	0.123	0.337	0.430	0.134	0.499	0.155	0.079	0.079	0.103	0.513	0.241	0.227	0.139	0.268	0.346	0.132	0.575	0.180	0.079	0.079	0.102	0.321	0.451	0.208	0.129	0.423	0.283	0.129	0.338	0.136	0.079	0.079	0.103	0.565	0.325	0.177	0.130	0.318	0.462	0.124	0.382	0.141	0.079	0.079	0.080	0.079	0.080	0.079	0.079	0.079	0.079	0.079	0.079	0.079	0.079
4:40:00	0.081	0.080	0.080	0.080	0.079	0.081	0.079	0.080	0.081	0.079	0.078	0.079	0.080	0.104	0.564	0.695	0.440	0.128	0.245	0.356	0.129	0.238	0.262	0.079	0.079	0.103	0.657	0.324	0.395	0.128	0.418	0.279	0.137	0.540	0.237	0.079	0.079	0.103	0.317	0.253	0.242	0.124	0.351	0.441	0.134	0.505	0.158	0.079	0.079	0.104	0.518	0.249	0.237	0.140	0.267	0.355	0.132	0.583	0.181	0.079	0.079	0.102	0.322	0.465	0.232	0.130	0.451	0.302	0.130	0.348	0.137	0.079	0.079	0.104	0.568	0.342	0.209	0.131	0.330	0.458	0.124	0.391	0.141	0.079	0.079	0.080	0.079	0.080	0.079	0.079	0.079	0.079	0.079	0.079	0.079	0.079
4:50:00	0.081	0.080	0.080	0.080	0.079	0.081	0.079	0.080	0.081	0.079	0.078	0.079	0.080	0.104	0.570	0.708	0.446	0.128	0.252	0.360	0.129	0.237	0.266	0.079	0.079	0.103	0.663	0.327	0.396	0.128	0.417	0.283	0.138	0.533	0.239	0.079	0.079	0.103	0.322	0.260	0.246	0.124	0.354	0.448	0.135	0.507	0.159	0.079	0.079	0.103	0.527	0.253	0.248	0.140	0.272	0.358	0.133	0.587	0.184	0.079	0.079	0.102	0.329	0.471	0.238	0.130	0.456	0.317	0.130	0.359	0.138	0.079	0.079	0.103	0.593	0.353	0.219	0.131	0.344	0.460	0.125	0.396	0.140	0.079	0.079	0.080	0.079	0.080	0.079	0.079	0.079	0.079	0.079	0.079	0.079	0.079
5:00:01	0.081	0.080	0.080	0.080	0.079	0.081	0.079	0.080	0.081	0.079	0.078	0.079	0.080	0.104	0.572	0.729	0.451	0.128	0.259	0.363	0.129	0.236	0.266	0.079	0.079	0.103	0.670	0.328	0.401	0.128	0.412	0.286	0.139	0.536	0.238	0.079	0.079	0.103	0.326	0.266	0.250	0.125	0.359	0.454	0.135	0.510	0.159	0.079	0.079	0.104	0.544	0.256	0.255	0.141	0.278	0.363	0.133	0.592	0.186	0.079	0.079	0.102	0.338	0.475	0.241	0.130	0.513	0.342	0.130	0.368	0.139	0.079	0.079	0.104	0.623	0.361	0.210	0.132	0.356	0.454	0.126	0.403	0.140	0.079	0.079	0.080	0.079	0.080	0.079	0.079	0.079	0.079	0.079	0.079	0.079	0.079
5:10:00	0.081	0.079	0.079	0.080	0.079	0.080	0.079	0.079	0.081	0.079	0.078	0.079	0.080	0.104	0.576	0.762	0.456	0.128	0.262	0.370	0.129	0.228	0.263	0.079	0.079	0.102	0.662	0.332	0.395	0.128	0.397	0.281	0.139	0.532	0.237	0.079	0.079	0.103	0.333	0.269	0.253	0.124	0.361	0.455	0.136	0.512	0.158	0.079	0.079	0.103	0.556	0.259	0.256	0.141	0.287	0.367	0.134	0.592	0.186	0.079	0.079	0.102	0.348	0.489	0.247	0.130	0.523	0.362	0.130	0.373	0.140	0.079	0.079	0.103	0.669	0.373	0.205	0.131	0.372	0.450	0.126	0.400	0.141	0.079	0.079	0.080	0.079	0.080	0.079	0.079	0.079	0.079	0.079	0.079	0.079	0.079
5:20:01	0.081	0.080	0.080	0.080	0.079	0.081	0.079	0.080	0.081	0.079	0.078	0.079	0.080	0.104	0.593	0.774	0.462	0.128	0.272	0.370	0.130	0.237	0.265	0.079	0.079	0.103	0.677	0.333	0.406	0.128	0.409	0.296	0.140	0.549	0.239	0.079	0.079	0.103	0.343	0.275	0.269	0.125	0.374	0.478	0.136	0.518	0.160	0.079	0.079	0.104	0.568	0.265	0.258	0.141	0.300	0.379	0.135	0.602	0.189	0.079	0.079	0.102	0.355	0.507	0.258	0.131	0.545	0.409	0.131	0.382	0.141	0.079	0.079	0.103	0.675	0.395	0.212	0.132	0.395	0.452	0.127	0.410	0.143	0.079	0.079	0.080	0.079	0.080	0.079	0.079	0.079	0.079	0.080	0.079	0.079	0.079
5:30:01	0.081	0.080	0.080	0.080	0.079	0.081	0.079	0.080	0.081	0.079	0.078	0.079	0.080	0.104	0.605	0.790	0.467	0.128	0.280	0.376	0.130	0.241	0.262	0.079	0.079	0.102	0.682	0.337	0.409	0.128	0.395	0.296	0.141	0.546	0.238	0.079	0.079	0.103	0.352	0.280	0.284	0.125	0.379	0.490	0.137	0.519	0.160	0.079	0.079	0.103	0.581	0.272	0.257	0.142	0.320	0.386	0.135	0.607	0.191	0.079	0.079	0.102	0.368	0.518	0.259	0.130	0.565	0.441	0.131	0.384	0.141	0.079	0.079	0.103	0.715	0.407	0.216	0.132	0.414	0.450	0.127	0.419	0.143	0.079	0.079	0.080	0.079	0.080	0.079	0.079	0.079	0.079	0.079	0.079	0.079	0.079
5:40:01	0.081	0.080	0.080	0.080	0.079	0.081	0.079	0.080	0.081	0.079	0.078	0.079	0.080	0.104	0.601	0.802	0.476	0.128	0.289	0.379	0.131	0.242	0.261	0.079	0.079	0.102	0.684	0.341	0.409	0.129	0.396	0.307	0.141	0.555	0.238	0.079	0.079	0.103	0.358	0.290	0.288	0.125	0.393	0.495	0.138	0.525	0.159	0.079	0.079	0.103	0.586	0.279	0.264	0.144	0.338	0.391	0.136	0.612	0.191	0.079	0.079	0.102	0.379	0.527	0.266	0.130	0.563	0.472	0.131	0.394	0.142	0.079	0.079	0.103	0.746	0.423	0.224	0.132	0.425	0.450	0.127	0.430	0.144	0.079	0.079	0.080	0.079	0.080	0.079	0.079	0.079	0.079	0.079	0.079	0.079	0.079
5:50:01	0.081	0.080	0.080	0.080	0.079	0.081	0.079	0.080	0.081	0.079	0.079	0.079	0.080	0.104	0.627	0.811	0.482	0.129	0.307	0.378	0.131	0.260	0.264	0.079	0.079	0.102	0.702	0.339	0.418	0.129	0.414	0.345	0.142	0.569	0.239	0.079	0.079	0.103	0.372	0.304	0.315	0.126	0.423	0.527	0.138	0.533	0.161	0.079	0.079	0.103	0.599	0.281	0.273	0.147	0.365	0.418	0.136	0.628	0.192	0.079	0.079	0.102	0.388	0.539	0.273	0.131	0.607	0.488	0.132	0.410	0.143	0.079	0.079	0.103	0.754	0.443	0.229	0.133	0.448	0.455	0.128	0.455	0.144	0.079	0.079	0.080	0.079	0.080	0.079	0.079	0.079	0.079	0.079	0.079	0.079	0.079
6:00:01	0.081	0.080	0.080	0.080	0.079	0.081	0.079	0.080	0.081	0.079	0.079	0.079	0.080	0.103	0.634	0.834	0.498	0.129	0.319	0.382	0.131	0.270	0.266	0.079	0.079	0.102	0.708	0.343	0.423	0.129	0.416	0.366	0.142	0.574	0.238	0.079	0.079	0.102	0.387	0.313	0.322	0.126	0.435	0.543	0.139	0.539	0.163	0.079	0.079	0.103	0.610	0.287	0.277	0.149	0.381	0.446	0.137	0.640	0.192	0.079	0.080	0.102	0.414	0.561	0.282	0.131	0.603	0.499	0.132	0.426	0.144	0.079	0.079	0.103	0.781	0.452	0.238	0.133	0.455	0.458	0.129	0.474	0.144	0.079	0.079	0.080	0.079	0.080	0.079	0.079	0.079	0.079	0.079	0.079	0.079	0.079
6:10:01	0.081	0.080	0.080	0.080	0.079	0.081	0.079	0.080	0.081	0.079	0.079	0.079	0.080	0.103	0.626	0.843	0.502	0.133	0.331	0.385	0.132	0.267	0.268	0.080	0.079	0.102	0.714	0.346	0.428	0.130	0.420	0.382	0.142	0.581	0.238	0.079	0.079	0.102	0.384	0.325	0.343	0.126	0.458	0.564	0.142	0.548	0.164	0.079	0.079	0.103	0.630	0.296	0.290	0.150	0.368	0.469	0.138	0.658	0.192	0.079	0.080	0.102	0.426	0.579	0.293	0.132	0.612	0.510	0.132	0.445	0.145	0.079	0.079	0.103	0.803	0.477	0.250	0.133	0.469	0.458	0.130	0.492	0.145	0.079	0.079	0.080	0.079	0.080	0.079	0.079	0.079	0.079	0.080	0.079	0.079	0.079
6:20:01	0.081	0.080	0.080	0.080	0.079	0.081	0.079	0.080	0.081	0.079	0.078	0.079	0.080	0.103	0.664	0.866	0.510	0.131	0.344	0.387	0.132	0.273	0.270	0.080	0.079	0.102	0.725	0.348	0.434	0.130	0.420	0.390	0.143	0.595	0.239	0.079	0.079	0.103	0.404	0.344	0.373	0.127	0.493	0.591	0.143	0.557	0.165	0.079	0.079	0.103	0.646	0.302	0.300	0.152	0.392	0.506	0.138	0.685	0.195	0.079	0.080	0.102	0.446	0.590	0.307	0.133	0.642	0.546	0.133	0.477	0.146	0.079	0.079	0.103	0.820	0.502	0.246	0.135	0.495	0.461	0.131	0.522	0.146	0.079	0.079	0.080	0.079	0.080	0.079	0.079	0.079	0.079	0.080	0.079	0.079	0.079
6:30:01	0.081	0.080	0.080	0.080	0.079	0.081	0.079	0.080	0.081	0.080	0.079	0.079	0.080	0.104	0.649	0.864	0.523	0.131	0.351	0.391	0.133	0.278	0.273	0.079	0.079	0.102	0.724	0.356	0.435	0.130	0.419	0.395	0.145	0.592	0.240	0.079	0.079	0.103	0.418	0.354	0.371	0.127	0.500	0.605	0.144	0.564	0.166	0.079	0.079	0.103	0.655	0.307	0.305	0.150	0.412	0.512	0.139	0.692	0.196	0.079	0.079	0.102	0.447	0.606	0.311	0.134	0.640	0.558	0.133	0.490	0.147	0.079	0.079	0.103	0.845	0.529	0.244	0.135	0.520	0.462	0.131	0.528	0.146	0.079	0.079	0.080	0.079	0.080	0.079	0.079	0.079	0.079	0.079	0.079	0.079	0.079
6:40:01	0.080	0.080	0.080	0.080	0.079	0.081	0.079	0.080	0.081	0.079	0.078	0.079	0.080	0.104	0.654	0.882	0.524	0.132	0.374	0.401	0.133	0.262	0.270	0.079	0.079	0.102	0.726	0.359	0.439	0.131	0.403	0.385	0.147	0.598	0.240	0.079	0.079	0.103	0.411	0.378	0.371	0.127	0.498	0.639	0.147	0.578	0.164	0.079	0.079	0.103	0.682	0.319	0.315	0.152	0.397	0.541	0.139	0.698	0.196	0.079	0.079	0.102	0.489	0.615	0.324	0.135	0.652	0.582	0.133	0.493	0.147	0.079	0.079	0.103	0.891	0.542	0.247	0.136	0.535	0.461	0.133	0.522	0.146	0.079	0.079	0.080	0.079	0.080	0.079	0.079	0.079	0.079	0.080	0.079	0.079	0.079
6:50:01	0.081	0.080	0.080	0.080	0.079	0.080	0.079	0.080	0.081	0.079	0.078	0.079	0.080	0.104	0.671	0.894	0.531	0.135	0.388	0.406	0.134	0.266	0.270	0.079	0.079	0.102	0.747	0.362	0.452	0.131	0.401	0.396	0.148	0.609	0.239	0.079	0.079	0.103	0.439	0.404	0.399	0.128	0.536	0.653	0.148	0.586	0.164	0.079	0.079	0.103	0.707	0.329	0.331	0.155	0.420	0.567	0.140	0.728	0.198	0.079	0.079	0.102	0.498	0.629	0.337	0.136	0.671	0.607	0.133	0.538	0.147	0.079	0.079	0.103	0.914	0.561	0.262	0.137	0.564	0.466	0.135	0.555	0.147	0.079	0.079	0.080	0.079	0.080	0.079	0.079	0.079	0.079	0.079	0.079	0.079	0.079
7:00:01	0.081	0.080	0.080	0.080	0.079	0.081	0.079	0.080	0.081	0.079	0.078	0.079	0.080	0.104	0.677	0.908	0.547	0.136	0.390	0.408	0.135	0.281	0.271	0.080	0.079	0.103	0.755	0.362	0.452	0.132	0.414	0.423	0.151	0.610	0.240	0.079	0.079	0.103	0.449	0.403	0.384	0.128	0.549	0.678	0.149	0.596	0.167	0.079	0.079	0.104	0.729	0.334	0.342	0.156	0.427	0.600	0.140	0.728	0.199	0.079	0.080	0.102	0.496	0.635	0.347	0.137	0.661	0.623	0.133	0.521	0.149	0.079	0.079	0.103	0.929	0.586	0.280	0.139	0.584	0.472	0.137	0.565	0.148	0.079	0.080	0.080	0.079	0.080	0.079	0.079	0.079	0.079	0.079	0.079	0.079	0.079
7:10:01	0.081	0.080	0.080	0.080	0.079	0.081	0.079	0.080	0.081	0.080	0.078	0.079	0.080	0.104	0.707	0.917	0.557	0.136	0.409	0.415	0.135	0.279	0.274	0.080	0.079	0.102	0.772	0.370	0.474	0.133	0.412	0.432	0.152	0.652	0.241	0.079	0.079	0.103	0.461	0.428	0.436	0.128	0.584	0.705	0.151	0.618	0.169	0.079	0.079	0.103	0.758	0.350	0.365	0.159	0.447	0.618	0.140	0.773	0.198	0.079	0.080	0.102	0.513	0.665	0.376	0.137	0.699	0.639	0.133	0.574	0.150	0.079	0.079	0.103	0.940	0.604	0.294	0.139	0.612	0.502	0.140	0.599	0.149	0.079	0.080	0.080	0.079	0.080	0.079	0.079	0.079	0.079	0.080	0.080	0.079	0.080
7:20:01	0.081	0.080	0.080	0.080	0.079	0.081	0.079	0.080	0.081	0.080	0.079	0.080	0.080	0.104	0.731	0.930	0.575	0.139	0.418	0.421	0.136	0.285	0.276	0.080	0.079	0.102	0.790	0.375	0.476	0.134	0.415	0.459	0.153	0.655	0.241	0.079	0.079	0.103	0.481	0.442	0.450	0.128	0.610	0.761	0.154	0.630	0.169	0.079	0.079	0.104	0.787	0.359	0.384	0.162	0.484	0.658	0.141	0.788	0.199	0.079	0.079	0.102	0.526	0.683	0.389	0.138	0.736	0.656	0.134	0.602	0.152	0.079	0.079	0.103	0.959	0.622	0.303	0.138	0.636	0.515	0.141	0.642	0.150	0.079	0.080	0.080	0.079	0.080	0.079	0.079	0.079	0.079	0.079	0.080	0.079	0.079
7:30:01	0.080	0.080	0.080	0.080	0.079	0.081	0.079	0.080	0.081	0.080	0.079	0.080	0.080	0.104	0.724	0.945	0.580	0.141	0.419	0.429	0.137	0.290	0.272	0.080	0.079	0.102	0.795	0.379	0.480	0.135	0.419	0.471	0.156	0.659	0.242	0.079	0.079	0.103	0.474	0.428	0.424	0.128	0.598	0.764	0.157	0.638	0.170	0.079	0.079	0.103	0.797	0.365	0.387	0.163	0.485	0.677	0.141	0.773	0.200	0.079	0.079	0.102	0.542	0.704	0.386	0.141	0.729	0.661	0.134	0.583	0.154	0.079	0.079	0.103	0.981	0.643	0.300	0.137	0.662	0.496	0.138	0.632	0.150	0.079	0.080	0.080	0.079	0.080	0.079	0.079	0.079	0.079	0.079	0.079	0.079	0.079
7:40:01	0.081	0.080	0.080	0.080	0.079	0.081	0.079	0.080	0.081	0.080	0.079	0.080	0.080	0.103	0.790	0.960	0.639	0.145	0.430	0.439	0.139	0.295	0.269	0.080	0.079	0.102	0.835	0.385	0.499	0.136	0.425	0.499	0.157	0.696	0.241	0.079	0.079	0.102	0.499	0.474	0.473	0.128	0.673	0.788	0.159	0.662	0.169	0.079	0.079	0.103	0.834	0.395	0.418	0.165	0.524	0.701	0.142	0.828	0.199	0.079	0.080	0.102	0.564	0.729	0.409	0.143	0.778	0.693	0.135	0.639	0.155	0.079	0.080	0.103	0.993	0.655	0.306	0.137	0.686	0.539	0.142	0.684	0.150	0.079	0.080	0.080	0.079	0.080	0.079	0.079	0.079	0.080	0.079	0.080	0.079	0.079
7:50:01	0.081	0.080	0.080	0.080	0.079	0.081	0.079	0.080	0.081	0.080	0.079	0.079	0.080	0.103	0.774	0.964	0.644	0.146	0.437	0.450	0.139	0.292	0.265	0.080	0.079	0.102	0.855	0.391	0.495	0.137	0.416	0.507	0.157	0.694	0.241	0.079	0.079	0.102	0.510	0.473	0.464	0.128	0.691	0.824	0.160	0.682	0.168	0.079	0.079	0.103	0.862	0.402	0.427	0.167	0.536	0.756	0.143	0.846	0.200	0.079	0.080	0.102	0.587	0.755	0.433	0.145	0.787	0.724	0.135	0.648	0.158	0.079	0.080	0.103	1.018	0.663	0.313	0.136	0.706	0.543	0.144	0.693	0.150	0.079	0.080	0.080	0.079	0.080	0.079	0.079	0.079	0.079	0.080	0.080	0.079	0.079
8:00:01	0.081	0.080	0.080	0.080	0.079	0.081	0.079	0.080	0.081	0.080	0.079	0.080	0.080	0.103	0.785	0.968	0.634	0.147	0.441	0.455	0.140	0.305	0.275	0.080	0.079	0.102	0.863	0.397	0.506	0.138	0.432	0.531	0.156	0.718	0.247	0.079	0.080	0.103	0.512	0.489	0.465	0.129	0.676	0.833	0.163	0.694	0.172	0.079	0.079	0.103	0.868	0.405	0.424	0.168	0.513	0.737	0.144	0.837	0.203	0.079	0.080	0.102	0.588	0.791	0.418	0.146	0.796	0.711	0.136	0.652	0.162	0.079	0.080	0.103	1.027	0.689	0.327	0.138	0.735	0.552	0.145	0.702	0.151	0.079	0.080	0.080	0.079	0.080	0.079	0.079	0.079	0.079	0.079	0.079	0.079	0.079
8:10:01	0.080	0.080	0.080	0.080	0.079	0.081	0.079	0.080	0.081	0.080	0.079	0.080	0.080	0.104	0.843	0.992	0.721	0.145	0.461	0.468	0.142	0.310	0.278	0.080	0.079	0.102	0.889	0.413	0.510	0.139	0.431	0.545	0.157	0.736	0.248	0.079	0.079	0.103	0.531	0.516	0.508	0.130	0.732	0.847	0.165	0.729	0.173	0.079	0.079	0.103	0.892	0.427	0.461	0.171	0.550	0.759	0.145	0.876	0.203	0.079	0.080	0.102	0.627	0.816	0.448	0.147	0.806	0.724	0.137	0.700	0.165	0.079	0.079	0.103	1.041	0.708	0.345	0.139	0.801	0.564	0.146	0.734	0.148	0.079	0.080	0.080	0.079	0.080	0.079	0.079	0.079	0.079	0.079	0.080	0.079	0.079
8:20:01	0.081	0.080	0.080	0.080	0.079	0.081	0.079	0.080	0.081	0.080	0.078	0.079	0.080	0.104	0.829	1.005	0.650	0.144	0.458	0.484	0.142	0.315	0.278	0.080	0.079	0.102	0.901	0.416	0.508	0.140	0.430	0.554	0.158	0.716	0.250	0.079	0.079	0.103	0.546	0.508	0.492	0.130	0.713	0.850	0.167	0.737	0.173	0.079	0.079	0.103	0.916	0.431	0.455	0.171	0.569	0.768	0.147	0.863	0.204	0.079	0.080	0.102	0.638	0.841	0.447	0.149	0.806	0.713	0.137	0.663	0.167	0.079	0.079	0.103	1.057	0.727	0.362	0.140	0.838	0.561	0.149	0.746	0.150	0.079	0.080	0.080	0.079	0.080	0.079	0.079	0.079	0.079	0.080	0.079	0.079	0.079
8:30:01	0.081	0.080	0.080	0.080	0.079	0.081	0.079	0.080	0.081	0.080	0.078	0.080	0.080	0.104	0.859	1.010	0.703	0.144	0.463	0.498	0.144	0.323	0.277	0.080	0.079	0.102	0.946	0.425	0.524	0.141	0.432	0.569	0.158	0.748	0.257	0.079	0.079	0.103	0.549	0.529	0.527	0.130	0.718	0.887	0.168	0.766	0.176	0.079	0.079	0.103	0.933	0.444	0.458	0.172	0.572	0.791	0.149	0.903	0.205	0.079	0.080	0.102	0.653	0.859	0.473	0.151	0.839	0.747	0.140	0.714	0.167	0.079	0.079	0.103	1.063	0.742	0.370	0.140	0.861	0.589	0.150	0.768	0.153	0.079	0.080	0.080	0.079	0.080	0.079	0.079	0.079	0.079	0.080	0.080	0.079	0.079
8:40:01	0.081	0.080	0.080	0.080	0.079	0.081	0.079	0.080	0.081	0.080	0.078	0.080	0.080	0.104	0.910	1.018	0.736	0.143	0.478	0.512	0.146	0.332	0.277	0.080	0.079	0.102	0.971	0.436	0.537	0.141	0.431	0.585	0.161	0.774	0.260	0.079	0.080	0.103	0.561	0.540	0.545	0.131	0.782	0.924	0.171	0.798	0.178	0.079	0.079	0.103	0.955	0.466	0.477	0.175	0.599	0.834	0.151	0.936	0.206	0.079	0.080	0.102	0.667	0.886	0.480	0.152	0.866	0.785	0.142	0.758	0.167	0.079	0.079	0.103	1.073	0.754	0.399	0.141	0.866	0.598	0.151	0.842	0.155	0.079	0.080	0.080	0.079	0.080	0.079	0.079	0.079	0.079	0.080	0.080	0.079	0.079
8:50:01	0.082	0.080	0.080	0.080	0.079	0.081	0.079	0.080	0.081	0.080	0.078	0.079	0.080	0.104	0.920	1.031	0.707	0.142	0.477	0.536	0.146	0.333	0.277	0.080	0.079	0.102	0.978	0.448	0.529	0.142	0.431	0.587	0.162	0.752	0.265	0.079	0.080	0.102	0.581	0.525	0.515	0.132	0.729	0.892	0.174	0.799	0.181	0.079	0.079	0.103	0.978	0.461	0.476	0.175	0.589	0.818	0.152	0.904	0.205	0.079	0.080	0.102	0.681	0.900	0.478	0.152	0.841	0.763	0.142	0.710	0.169	0.079	0.080	0.103	1.087	0.766	0.392	0.141	0.882	0.596	0.151	0.797	0.158	0.079	0.080	0.080	0.080	0.080	0.079	0.079	0.079	0.080	0.080	0.080	0.079	0.079
9:00:01	0.081	0.080	0.080	0.080	0.079	0.081	0.079	0.080	0.081	0.080	0.079	0.079	0.080	0.103	0.961	1.050	0.728	0.143	0.484	0.537	0.147	0.341	0.278	0.080	0.079	0.102	1.006	0.468	0.554	0.143	0.428	0.619	0.164	0.809	0.266	0.079	0.079	0.102	0.593	0.553	0.565	0.133	0.769	0.929	0.176	0.828	0.182	0.079	0.079	0.103	0.987	0.492	0.498	0.176	0.628	0.848	0.154	0.942	0.207	0.079	0.080	0.102	0.705	0.914	0.501	0.152	0.871	0.798	0.144	0.750	0.171	0.079	0.079	0.103	1.097	0.785	0.419	0.141	0.905	0.624	0.151	0.878	0.161	0.079	0.080	0.080	0.079	0.080	0.079	0.079	0.079	0.079	0.079	0.080	0.079	0.079
9:10:01	0.081	0.080	0.080	0.080	0.079	0.081	0.079	0.080	0.081	0.080	0.079	0.079	0.080	0.103	1.001	1.061	0.754	0.143	0.487	0.546	0.148	0.358	0.279	0.080	0.079	0.102	1.033	0.472	0.562	0.145	0.449	0.669	0.166	0.827	0.264	0.079	0.080	0.102	0.598	0.568	0.576	0.134	0.823	0.956	0.178	0.864	0.184	0.079	0.079	0.103	1.001	0.498	0.522	0.178	0.667	0.873	0.156	0.981	0.210	0.079	0.080	0.102	0.717	0.939	0.528	0.152	0.893	0.825	0.146	0.785	0.171	0.079	0.079	0.103	1.105	0.819	0.422	0.142	0.917	0.647	0.151	0.949	0.159	0.079	0.080	0.080	0.079	0.080	0.079	0.079	0.079	0.079	0.080	0.080	0.079	0.079
9:20:01	0.081	0.081	0.080	0.080	0.079	0.081	0.079	0.080	0.081	0.080	0.079	0.080	0.080	0.103	1.024	1.075	0.751	0.143	0.494	0.556	0.149	0.373	0.281	0.080	0.079	0.102	1.051	0.467	0.558	0.146	0.457	0.671	0.167	0.815	0.266	0.079	0.080	0.102	0.599	0.550	0.561	0.135	0.777	0.953	0.182	0.861	0.188	0.079	0.079	0.103	1.014	0.486	0.497	0.179	0.620	0.874	0.157	0.948	0.212	0.079	0.080	0.102	0.709	0.960	0.518	0.153	0.890	0.787	0.148	0.761	0.171	0.079	0.080	0.103	1.114	0.817	0.425	0.142	0.932	0.654	0.153	0.932	0.159	0.079	0.080	0.080	0.080	0.080	0.079	0.079	0.079	0.080	0.079	0.080	0.079	0.079
9:30:01	0.081	0.080	0.080	0.080	0.079	0.081	0.079	0.080	0.081	0.080	0.079	0.079	0.080	0.103	1.099	1.085	0.770	0.144	0.498	0.574	0.152	0.384	0.281	0.080	0.079	0.102	1.086	0.486	0.573	0.147	0.453	0.670	0.171	0.837	0.267	0.079	0.080	0.102	0.624	0.575	0.603	0.134	0.813	0.993	0.185	0.909	0.188	0.079	0.080	0.103	1.037	0.501	0.537	0.181	0.680	0.902	0.158	0.979	0.214	0.079	0.080	0.102	0.739	0.967	0.548	0.154	0.913	0.829	0.149	0.808	0.173	0.079	0.080	0.103	1.128	0.841	0.460	0.142	0.965	0.686	0.153	0.996	0.162	0.079	0.080	0.080	0.080	0.080	0.079	0.079	0.080	0.080	0.080	0.080	0.079	0.079
9:40:01	0.081	0.080	0.080	0.080	0.079	0.081	0.079	0.080	0.081	0.080	0.079	0.079	0.080	0.103	1.132	1.104	0.787	0.144	0.497	0.579	0.151	0.404	0.288	0.080	0.079	0.102	1.105	0.499	0.571	0.149	0.472	0.720	0.171	0.841	0.274	0.079	0.080	0.102	0.648	0.588	0.593	0.135	0.832	1.009	0.191	0.957	0.193	0.079	0.080	0.103	1.050	0.508	0.543	0.183	0.706	0.913	0.160	1.002	0.215	0.079	0.080	0.102	0.744	0.991	0.542	0.155	0.913	0.844	0.151	0.810	0.176	0.079	0.080	0.103	1.133	0.880	0.500	0.143	0.987	0.700	0.153	1.000	0.159	0.079	0.080	0.080	0.080	0.080	0.079	0.079	0.080	0.080	0.080	0.079	0.079	0.079
9:50:01	0.081	0.080	0.080	0.080	0.079	0.081	0.079	0.080	0.081	0.080	0.079	0.079	0.080	0.103	1.145	1.121	0.808	0.144	0.504	0.602	0.151	0.405	0.289	0.080	0.079	0.102	1.120	0.507	0.587	0.151	0.458	0.700	0.171	0.833	0.278	0.079	0.080	0.102	0.642	0.577	0.585	0.135	0.819	1.019	0.193	0.996	0.197	0.079	0.079	0.103	1.058	0.509	0.525	0.185	0.667	0.919	0.161	1.001	0.215	0.079	0.080	0.102	0.757	1.012	0.523	0.155	0.924	0.825	0.152	0.809	0.178	0.079	0.079	0.103	1.144	0.899	0.492	0.144	0.996	0.719	0.154	1.024	0.159	0.079	0.080	0.080	0.079	0.080	0.079	0.079	0.079	0.079	0.079	0.079	0.079	0.079
10:00:01	0.081	0.080	0.080	0.080	0.079	0.081	0.079	0.080	0.081	0.080	0.079	0.079	0.080	0.104	1.173	1.135	0.827	0.145	0.519	0.616	0.152	0.417	0.291	0.080	0.079	0.102	1.156	0.523	0.591	0.153	0.478	0.742	0.176	0.846	0.275	0.079	0.080	0.103	0.673	0.585	0.614	0.136	0.861	1.021	0.199	1.021	0.198	0.079	0.079	0.103	1.077	0.524	0.556	0.189	0.683	0.941	0.163	1.030	0.218	0.079	0.080	0.102	0.770	1.034	0.542	0.157	0.930	0.853	0.154	0.815	0.178	0.079	0.080	0.103	1.155	0.917	0.510	0.144	1.012	0.724	0.155	1.044	0.159	0.079	0.079	0.080	0.080	0.080	0.079	0.079	0.080	0.080	0.080	0.079	0.079	0.079
10:10:01	0.081	0.080	0.080	0.080	0.079	0.081	0.079	0.080	0.081	0.080	0.078	0.079	0.080	0.104	1.186	1.144	0.847	0.145	0.530	0.634	0.152	0.435	0.295	0.080	0.079	0.102	1.163	0.528	0.600	0.154	0.467	0.718	0.175	0.841	0.284	0.079	0.080	0.103	0.686	0.587	0.611	0.137	0.844	1.053	0.201	1.048	0.200	0.079	0.079	0.103	1.089	0.533	0.537	0.192	0.689	0.933	0.166	1.030	0.214	0.079	0.080	0.102	0.784	1.053	0.546	0.157	0.947	0.848	0.155	0.825	0.181	0.079	0.079	0.103	1.171	0.926	0.499	0.145	1.028	0.742	0.156	1.059	0.162	0.079	0.079	0.080	0.080	0.080	0.079	0.079	0.079	0.079	0.079	0.079	0.079	0.079
10:20:01	0.081	0.080	0.080	0.080	0.079	0.081	0.079	0.080	0.081	0.079	0.078	0.079	0.080	0.104	1.212	1.156	0.865	0.146	0.525	0.651	0.153	0.457	0.291	0.080	0.079	0.102	1.183	0.554	0.604	0.155	0.470	0.728	0.178	0.845	0.294	0.079	0.080	0.102	0.704	0.580	0.632	0.137	0.867	1.089	0.204	1.089	0.201	0.079	0.079	0.103	1.102	0.556	0.552	0.192	0.708	0.979	0.168	1.050	0.218	0.079	0.080	0.102	0.798	1.071	0.562	0.158	0.961	0.872	0.155	0.857	0.179	0.079	0.080	0.103	1.180	0.940	0.512	0.145	1.048	0.783	0.154	1.103	0.166	0.079	0.079	0.080	0.079	0.080	0.079	0.079	0.079	0.079	0.080	0.079	0.079	0.079
10:30:01	0.081	0.080	0.080	0.080	0.079	0.081	0.079	0.080	0.081	0.080	0.079	0.079	0.080	0.103	1.243	1.166	0.881	0.147	0.545	0.681	0.155	0.480	0.297	0.080	0.079	0.102	1.210	0.563	0.622	0.156	0.479	0.750	0.181	0.890	0.292	0.079	0.080	0.102	0.730	0.607	0.666	0.138	0.944	1.105	0.207	1.110	0.203	0.079	0.079	0.103	1.115	0.573	0.589	0.196	0.740	0.999	0.169	1.107	0.218	0.079	0.080	0.102	0.823	1.090	0.577	0.160	0.988	0.888	0.156	0.906	0.182	0.079	0.080	0.103	1.192	0.960	0.545	0.146	1.075	0.820	0.154	1.125	0.169	0.079	0.079	0.080	0.080	0.080	0.079	0.079	0.080	0.080	0.080	0.080	0.080	0.079
10:40:01	0.081	0.080	0.080	0.080	0.079	0.081	0.079	0.080	0.081	0.080	0.079	0.079	0.080	0.103	1.269	1.176	0.897	0.147	0.555	0.692	0.157	0.488	0.303	0.080	0.079	0.102	1.225	0.573	0.610	0.156	0.492	0.768	0.183	0.899	0.292	0.079	0.080	0.102	0.753	0.633	0.690	0.140	0.960	1.125	0.208	1.111	0.207	0.079	0.079	0.103	1.128	0.583	0.598	0.197	0.761	1.017	0.169	1.129	0.218	0.079	0.080	0.102	0.841	1.104	0.602	0.162	0.990	0.894	0.157	0.913	0.182	0.079	0.080	0.103	1.199	0.977	0.562	0.146	1.095	0.838	0.153	1.136	0.172	0.079	0.079	0.080	0.080	0.080	0.079	0.079	0.080	0.080	0.080	0.079	0.080	0.079
10:50:01	0.081	0.081	0.080	0.080	0.080	0.081	0.079	0.080	0.081	0.080	0.079	0.079	0.080	0.103	1.268	1.190	0.914	0.148	0.560	0.707	0.158	0.525	0.305	0.080	0.079	0.102	1.242	0.578	0.611	0.156	0.510	0.808	0.185	0.904	0.299	0.079	0.080	0.102	0.744	0.624	0.656	0.142	0.937	1.117	0.210	1.125	0.210	0.079	0.079	0.103	1.140	0.569	0.573	0.199	0.758	1.016	0.169	1.104	0.221	0.079	0.080	0.102	0.838	1.123	0.579	0.163	0.986	0.863	0.159	0.904	0.182	0.079	0.080	0.103	1.208	0.997	0.561	0.146	1.099	0.830	0.153	1.143	0.173	0.079	0.079	0.080	0.080	0.080	0.079	0.079	0.080	0.080	0.080	0.080	0.080	0.079
11:00:01	0.081	0.081	0.080	0.080	0.080	0.081	0.079	0.080	0.081	0.080	0.079	0.079	0.080	0.103	1.281	1.201	0.929	0.149	0.569	0.735	0.156	0.546	0.310	0.080	0.079	0.102	1.262	0.601	0.630	0.156	0.525	0.831	0.186	0.938	0.304	0.079	0.080	0.102	0.774	0.642	0.703	0.144	1.013	1.145	0.214	1.145	0.211	0.079	0.079	0.103	1.156	0.598	0.616	0.203	0.787	1.048	0.169	1.142	0.220	0.079	0.080	0.102	0.866	1.141	0.604	0.164	1.014	0.922	0.161	0.956	0.180	0.079	0.080	0.103	1.218	1.015	0.590	0.147	1.117	0.880	0.155	1.171	0.173	0.079	0.079	0.080	0.080	0.080	0.079	0.079	0.080	0.080	0.079	0.080	0.080	0.079
11:10:01	0.081	0.081	0.080	0.080	0.080	0.081	0.080	0.080	0.081	0.080	0.079	0.079	0.080	0.103	1.280	1.214	0.951	0.150	0.561	0.759	0.158	0.540	0.304	0.080	0.080	0.102	1.276	0.620	0.625	0.156	0.534	0.842	0.187	0.933	0.299	0.079	0.080	0.102	0.788	0.644	0.695	0.146	0.991	1.137	0.215	1.151	0.215	0.079	0.080	0.103	1.169	0.594	0.621	0.203	0.797	1.040	0.168	1.137	0.220	0.080	0.080	0.102	0.891	1.159	0.611	0.165	1.021	0.921	0.161	0.938	0.182	0.079	0.080	0.103	1.227	1.034	0.639	0.148	1.133	0.885	0.154	1.183	0.175	0.080	0.080	0.080	0.080	0.080	0.080	0.080	0.080	0.080	0.080	0.080	0.080	0.080
11:20:01	0.081	0.080	0.080	0.080	0.080	0.081	0.079	0.080	0.081	0.080	0.079	0.079	0.080	0.103	1.288	1.224	0.968	0.150	0.567	0.772	0.158	0.573	0.313	0.080	0.079	0.102	1.286	0.634	0.629	0.157	0.531	0.845	0.188	0.954	0.305	0.079	0.080	0.102	0.804	0.642	0.719	0.147	1.031	1.176	0.217	1.154	0.217	0.079	0.079	0.103	1.182	0.596	0.605	0.202	0.812	1.055	0.169	1.182	0.220	0.079	0.080	0.102	0.924	1.168	0.602	0.167	1.022	0.947	0.162	0.975	0.185	0.079	0.080	0.102	1.238	1.045	0.632	0.147	1.147	0.931	0.155	1.201	0.176	0.079	0.079	0.080	0.080	0.080	0.079	0.079	0.080	0.080	0.080	0.080	0.080	0.079
11:30:01	0.081	0.080	0.080	0.080	0.080	0.081	0.079	0.080	0.081	0.080	0.079	0.079	0.080	0.103	1.289	1.240	0.986	0.151	0.575	0.794	0.158	0.605	0.322	0.080	0.079	0.102	1.294	0.665	0.642	0.159	0.566	0.880	0.190	0.994	0.307	0.079	0.080	0.102	0.824	0.655	0.748	0.149	1.069	1.191	0.220	1.175	0.222	0.079	0.079	0.103	1.195	0.624	0.639	0.208	0.837	1.068	0.171	1.206	0.223	0.079	0.080	0.102	0.931	1.186	0.628	0.169	1.038	0.964	0.164	0.993	0.183	0.079	0.080	0.103	1.236	1.060	0.661	0.149	1.167	0.962	0.157	1.218	0.176	0.079	0.079	0.080	0.080	0.080	0.080	0.079	0.080	0.080	0.080	0.080	0.080	0.079
11:40:01	0.081	0.081	0.080	0.080	0.080	0.082	0.079	0.080	0.081	0.080	0.079	0.079	0.080	0.103	1.279	1.249	1.012	0.152	0.579	0.820	0.162	0.601	0.319	0.080	0.079	0.102	1.298	0.684	0.641	0.160	0.561	0.868	0.192	1.010	0.305	0.079	0.080	0.102	0.847	0.650	0.709	0.148	1.039	1.174	0.221	1.174	0.220	0.079	0.079	0.103	1.207	0.619	0.635	0.207	0.849	1.075	0.171	1.183	0.221	0.079	0.080	0.102	0.953	1.190	0.636	0.171	1.038	0.940	0.164	0.973	0.183	0.079	0.080	0.103	1.250	1.073	0.651	0.148	1.179	0.963	0.159	1.224	0.176	0.079	0.079	0.080	0.080	0.080	0.079	0.079	0.080	0.080	0.079	0.080	0.080	0.079
11:50:01	0.081	0.080	0.080	0.080	0.080	0.081	0.079	0.080	0.081	0.080	0.079	0.079	0.080	0.104	1.279	1.261	1.027	0.154	0.588	0.842	0.163	0.645	0.335	0.080	0.079	0.102	1.304	0.713	0.642	0.163	0.583	0.897	0.193	1.037	0.315	0.079	0.080	0.102	0.871	0.662	0.755	0.151	1.054	1.199	0.225	1.186	0.225	0.079	0.079	0.103	1.219	0.636	0.654	0.210	0.862	1.101	0.173	1.223	0.223	0.079	0.080	0.102	0.976	1.200	0.644	0.172	1.059	0.959	0.166	1.056	0.185	0.079	0.080	0.103	1.254	1.088	0.695	0.149	1.196	1.014	0.160	1.233	0.177	0.079	0.079	0.080	0.080	0.080	0.080	0.080	0.080	0.080	0.080	0.080	0.080	0.079
12:00:01	0.081	0.080	0.080	0.079	0.079	0.081	0.079	0.080	0.081	0.080	0.079	0.079	0.080	0.104	1.279	1.274	1.046	0.154	0.590	0.873	0.160	0.666	0.325	0.080	0.079	0.102	1.309	0.729	0.647	0.164	0.603	0.906	0.194	1.029	0.323	0.079	0.080	0.102	0.891	0.671	0.778	0.151	1.068	1.234	0.228	1.194	0.228	0.079	0.079	0.103	1.232	0.648	0.665	0.213	0.870	1.113	0.176	1.228	0.224	0.079	0.080	0.102	0.992	1.210	0.660	0.173	1.072	0.991	0.169	1.058	0.185	0.079	0.080	0.103	1.262	1.100	0.743	0.149	1.210	1.055	0.161	1.246	0.179	0.079	0.079	0.080	0.080	0.080	0.079	0.079	0.080	0.080	0.080	0.079	0.079	0.079
12:10:01	0.081	0.080	0.080	0.080	0.080	0.081	0.079	0.080	0.081	0.080	0.079	0.079	0.080	0.104	1.280	1.286	1.066	0.155	0.595	0.883	0.163	0.673	0.338	0.080	0.079	0.102	1.312	0.749	0.653	0.163	0.597	0.919	0.196	1.022	0.324	0.079	0.080	0.103	0.900	0.657	0.750	0.152	1.071	1.228	0.228	1.198	0.232	0.079	0.080	0.103	1.244	0.634	0.661	0.215	0.863	1.106	0.177	1.218	0.223	0.079	0.080	0.102	1.000	1.220	0.649	0.174	1.070	0.991	0.169	1.046	0.192	0.079	0.080	0.103	1.268	1.110	0.711	0.149	1.225	1.066	0.161	1.250	0.183	0.080	0.079	0.080	0.080	0.080	0.080	0.080	0.080	0.080	0.080	0.080	0.080	0.080
12:20:01	0.082	0.080	0.080	0.080	0.080	0.081	0.079	0.080	0.081	0.080	0.079	0.079	0.080	0.103	1.284	1.297	1.076	0.157	0.604	0.917	0.163	0.700	0.348	0.080	0.080	0.102	1.317	0.762	0.659	0.164	0.605	0.928	0.199	1.032	0.330	0.079	0.080	0.102	0.928	0.677	0.790	0.152	1.091	1.246	0.231	1.205	0.239	0.079	0.080	0.103	1.257	0.646	0.669	0.214	0.897	1.132	0.178	1.237	0.225	0.080	0.080	0.102	1.013	1.235	0.660	0.174	1.087	1.013	0.171	1.087	0.187	0.079	0.080	0.103	1.273	1.125	0.784	0.149	1.241	1.112	0.162	1.259	0.184	0.080	0.079	0.080	0.080	0.080	0.080	0.080	0.080	0.080	0.080	0.080	0.080	0.080
12:30:01	0.081	0.081	0.080	0.080	0.079	0.081	0.080	0.080	0.081	0.080	0.079	0.079	0.080	0.103	1.291	1.306	1.091	0.157	0.606	0.945	0.165	0.706	0.351	0.080	0.079	0.102	1.319	0.801	0.660	0.164	0.601	0.921	0.199	1.036	0.328	0.079	0.080	0.102	0.948	0.678	0.780	0.152	1.099	1.254	0.233	1.212	0.234	0.079	0.079	0.103	1.269	0.646	0.666	0.213	0.891	1.138	0.179	1.236	0.226	0.079	0.080	0.102	1.025	1.247	0.655	0.175	1.085	1.022	0.174	1.060	0.189	0.079	0.080	0.103	1.282	1.139	0.795	0.150	1.252	1.130	0.162	1.261	0.187	0.080	0.079	0.080	0.080	0.080	0.079	0.079	0.080	0.080	0.080	0.080	0.080	0.079
12:40:01	0.081	0.081	0.080	0.080	0.079	0.081	0.079	0.080	0.081	0.080	0.079	0.079	0.080	0.103	1.295	1.315	1.101	0.158	0.615	0.946	0.167	0.736	0.344	0.080	0.079	0.102	1.323	0.834	0.679	0.168	0.622	0.940	0.201	0.893	0.337	0.079	0.080	0.102	0.973	0.681	0.812	0.154	1.119	1.275	0.236	1.222	0.237	0.079	0.079	0.103	1.282	0.654	0.683	0.213	0.913	1.147	0.181	1.254	0.225	0.080	0.080	0.101	1.048	1.258	0.664	0.174	1.099	1.032	0.177	1.107	0.190	0.079	0.080	0.103	1.287	1.153	0.806	0.150	1.266	1.143	0.163	1.263	0.189	0.079	0.079	0.080	0.080	0.080	0.079	0.079	0.080	0.080	0.080	0.080	0.080	0.079
12:50:01	0.081	0.081	0.080	0.080	0.079	0.081	0.080	0.081	0.081	0.080	0.079	0.079	0.080	0.103	1.298	1.327	1.106	0.159	0.620	0.950	0.167	0.766	0.351	0.080	0.080	0.102	1.327	0.851	0.688	0.169	0.655	0.972	0.203	0.920	0.339	0.079	0.080	0.102	0.987	0.675	0.821	0.157	1.133	1.286	0.238	1.229	0.240	0.079	0.080	0.103	1.296	0.660	0.691	0.214	0.929	1.157	0.184	1.254	0.224	0.080	0.080	0.101	1.070	1.277	0.686	0.175	1.107	1.056	0.179	1.119	0.190	0.079	0.080	0.102	1.292	1.171	0.823	0.151	1.281	1.162	0.164	1.269	0.190	0.080	0.080	0.080	0.080	0.080	0.080	0.080	0.080	0.080	0.080	0.080	0.080	0.079
13:00:01	0.081	0.081	0.080	0.080	0.079	0.081	0.080	0.080	0.081	0.080	0.079	0.079	0.080	0.103	1.305	1.336	1.115	0.160	0.628	0.964	0.169	0.783	0.356	0.080	0.080	0.102	1.332	0.875	0.694	0.173	0.664	0.984	0.204	0.927	0.340	0.079	0.080	0.102	0.999	0.683	0.835	0.159	1.137	1.293	0.238	1.240	0.245	0.079	0.080	0.102	1.312	0.658	0.689	0.215	0.936	1.160	0.187	1.254	0.226	0.080	0.080	0.102	1.089	1.292	0.695	0.176	1.115	1.071	0.181	1.127	0.191	0.079	0.080	0.102	1.297	1.185	0.810	0.151	1.289	1.174	0.165	1.269	0.193	0.079	0.080	0.080	0.080	0.080	0.080	0.080	0.080	0.080	0.080	0.080	0.080	0.079
13:10:01	0.081	0.080	0.080	0.080	0.079	0.081	0.079	0.080	0.081	0.080	0.079	0.079	0.080	0.103	1.310	1.345	1.124	0.161	0.636	0.981	0.170	0.814	0.367	0.080	0.080	0.102	1.334	0.901	0.701	0.175	0.664	0.985	0.204	0.932	0.345	0.079	0.080	0.102	1.028	0.702	0.842	0.159	1.127	1.322	0.242	1.250	0.248	0.079	0.080	0.102	1.324	0.682	0.698	0.216	0.966	1.164	0.188	1.256	0.228	0.080	0.080	0.102	1.103	1.304	0.732	0.175	1.125	1.097	0.184	1.127	0.190	0.079	0.080	0.102	1.301	1.196	0.853	0.151	1.298	1.195	0.165	1.271	0.195	0.079	0.080	0.080	0.080	0.080	0.079	0.079	0.080	0.080	0.080	0.080	0.079	0.079
13:20:01	0.081	0.081	0.080	0.080	0.079	0.081	0.080	0.080	0.081	0.080	0.079	0.079	0.080	0.103	1.320	1.357	1.131	0.162	0.648	0.998	0.171	0.828	0.379	0.080	0.080	0.102	1.338	0.938	0.715	0.178	0.684	1.017	0.206	0.943	0.360	0.079	0.080	0.102	1.038	0.705	0.838	0.161	1.133	1.341	0.242	1.265	0.252	0.079	0.080	0.103	1.338	0.687	0.710	0.220	0.960	1.184	0.189	1.265	0.228	0.080	0.080	0.102	1.115	1.325	0.728	0.177	1.134	1.123	0.191	1.137	0.196	0.079	0.080	0.103	1.303	1.218	0.850	0.152	1.311	1.207	0.167	1.276	0.198	0.079	0.079	0.080	0.080	0.080	0.080	0.080	0.080	0.080	0.080	0.080	0.080	0.079
13:30:01	0.081	0.081	0.080	0.080	0.079	0.081	0.080	0.080	0.081	0.080	0.079	0.079	0.081	0.103	1.325	1.364	1.141	0.164	0.658	1.027	0.172	0.857	0.388	0.080	0.080	0.102	1.341	0.968	0.722	0.180	0.698	1.021	0.207	0.945	0.359	0.079	0.080	0.102	1.058	0.720	0.876	0.162	1.143	1.368	0.246	1.273	0.257	0.079	0.080	0.103	1.351	0.688	0.726	0.222	0.986	1.210	0.191	1.272	0.228	0.080	0.080	0.102	1.131	1.337	0.756	0.177	1.142	1.136	0.194	1.153	0.196	0.079	0.080	0.103	1.309	1.233	0.901	0.153	1.319	1.220	0.168	1.278	0.200	0.079	0.079	0.080	0.080	0.080	0.080	0.080	0.080	0.080	0.080	0.080	0.080	0.079
13:40:01	0.081	0.080	0.080	0.080	0.079	0.081	0.079	0.080	0.081	0.080	0.079	0.079	0.081	0.103	1.331	1.372	1.149	0.165	0.659	1.072	0.173	0.883	0.379	0.080	0.080	0.102	1.343	0.983	0.732	0.181	0.708	1.029	0.208	0.949	0.355	0.079	0.080	0.102	1.081	0.721	0.863	0.161	1.147	1.389	0.248	1.282	0.260	0.079	0.080	0.103	1.366	0.686	0.739	0.223	0.984	1.224	0.195	1.278	0.230	0.080	0.080	0.102	1.149	1.351	0.763	0.178	1.147	1.148	0.197	1.166	0.197	0.079	0.080	0.103	1.313	1.243	0.893	0.154	1.326	1.239	0.168	1.281	0.205	0.079	0.079	0.080	0.080	0.080	0.080	0.080	0.080	0.080	0.080	0.080	0.079	0.079
13:50:01	0.082	0.080	0.080	0.079	0.079	0.081	0.079	0.080	0.081	0.080	0.079	0.079	0.081	0.103	1.340	1.378	1.160	0.166	0.666	1.107	0.175	0.890	0.381	0.080	0.079	0.102	1.345	1.000	0.734	0.182	0.707	1.019	0.210	0.947	0.354	0.079	0.080	0.102	1.110	0.736	0.891	0.161	1.149	1.390	0.248	1.289	0.262	0.079	0.079	0.103	1.379	0.687	0.735	0.221	0.994	1.231	0.196	1.279	0.231	0.079	0.080	0.102	1.168	1.363	0.746	0.181	1.155	1.163	0.199	1.172	0.198	0.079	0.080	0.103	1.318	1.246	0.897	0.154	1.331	1.251	0.169	1.283	0.208	0.079	0.079	0.080	0.080	0.080	0.079	0.079	0.080	0.080	0.080	0.080	0.079	0.079
14:00:01	0.082	0.080	0.080	0.080	0.079	0.081	0.080	0.080	0.081	0.080	0.079	0.079	0.081	0.103	1.343	1.387	1.166	0.168	0.671	1.130	0.176	0.917	0.395	0.080	0.080	0.102	1.351	1.029	0.742	0.183	0.732	1.042	0.212	0.960	0.362	0.079	0.080	0.102	1.112	0.745	0.903	0.163	1.148	1.405	0.251	1.297	0.271	0.079	0.080	0.103	1.396	0.699	0.756	0.224	1.015	1.242	0.198	1.282	0.233	0.080	0.080	0.102	1.191	1.382	0.794	0.180	1.169	1.182	0.203	1.200	0.200	0.079	0.080	0.103	1.322	1.258	0.905	0.155	1.339	1.262	0.171	1.293	0.213	0.079	0.080	0.080	0.080	0.080	0.080	0.080	0.080	0.080	0.080	0.080	0.079	0.079
14:10:01	0.082	0.081	0.080	0.080	0.079	0.081	0.080	0.080	0.081	0.080	0.079	0.079	0.081	0.103	1.353	1.394	1.172	0.169	0.675	1.130	0.177	0.925	0.386	0.080	0.080	0.102	1.355	1.066	0.753	0.184	0.746	1.052	0.214	0.968	0.367	0.079	0.080	0.102	1.128	0.746	0.891	0.165	1.189	1.411	0.251	1.304	0.274	0.079	0.080	0.103	1.411	0.698	0.749	0.226	1.019	1.259	0.200	1.281	0.234	0.080	0.080	0.102	1.208	1.397	0.773	0.180	1.173	1.200	0.206	1.217	0.202	0.079	0.080	0.103	1.326	1.268	0.925	0.155	1.348	1.270	0.171	1.162	0.217	0.079	0.079	0.080	0.080	0.080	0.080	0.080	0.080	0.080	0.080	0.080	0.080	0.079
14:20:01	0.081	0.081	0.081	0.080	0.080	0.082	0.080	0.080	0.081	0.080	0.079	0.080	0.081	0.103	1.357	1.401	1.179	0.170	0.687	1.143	0.179	0.947	0.398	0.080	0.080	0.102	1.359	1.079	0.761	0.186	0.761	1.069	0.216	0.976	0.371	0.080	0.080	0.102	1.147	0.753	0.914	0.167	1.203	1.411	0.255	1.310	0.276	0.080	0.080	0.103	1.427	0.704	0.765	0.227	1.040	1.275	0.204	1.282	0.233	0.080	0.080	0.102	1.226	1.413	0.810	0.179	1.181	1.214	0.209	1.229	0.204	0.079	0.080	0.103	1.331	1.277	0.957	0.156	1.358	1.278	0.172	1.135	0.222	0.080	0.079	0.080	0.080	0.080	0.080	0.080	0.080	0.080	0.080	0.080	0.080	0.079
14:30:01	0.081	0.081	0.081	0.080	0.080	0.082	0.080	0.080	0.081	0.080	0.079	0.080	0.080	0.103	1.369	1.405	1.185	0.170	0.696	1.141	0.180	0.953	0.385	0.080	0.080	0.102	1.362	1.115	0.773	0.184	0.764	1.074	0.217	0.979	0.365	0.079	0.080	0.102	1.163	0.754	0.907	0.167	1.203	1.417	0.258	1.312	0.278	0.080	0.080	0.103	1.440	0.706	0.757	0.228	1.053	1.296	0.205	1.284	0.233	0.080	0.080	0.101	1.239	1.425	0.794	0.183	1.181	1.238	0.212	1.226	0.205	0.079	0.080	0.102	1.335	1.280	0.956	0.157	1.361	1.289	0.171	1.142	0.227	0.080	0.079	0.080	0.080	0.080	0.080	0.080	0.080	0.080	0.080	0.080	0.080	0.079
14:40:01	0.082	0.081	0.081	0.080	0.080	0.082	0.080	0.081	0.081	0.080	0.079	0.080	0.080	0.103	1.371	1.413	1.191	0.172	0.701	1.132	0.181	0.968	0.413	0.080	0.080	0.102	1.367	1.146	0.788	0.189	0.791	1.104	0.219	0.990	0.373	0.080	0.080	0.102	1.174	0.769	0.921	0.170	1.220	1.415	0.261	1.317	0.282	0.080	0.080	0.102	1.453	0.713	0.767	0.229	1.065	1.314	0.207	1.288	0.233	0.080	0.080	0.101	1.256	1.444	0.803	0.180	1.190	1.261	0.214	1.230	0.209	0.080	0.080	0.102	1.339	1.292	0.970	0.157	1.367	1.298	0.172	1.159	0.231	0.080	0.080	0.080	0.080	0.080	0.080	0.080	0.080	0.080	0.080	0.080	0.080	0.080
14:50:01	0.081	0.080	0.080	0.080	0.080	0.081	0.080	0.080	0.081	0.080	0.079	0.080	0.080	0.103	1.376	1.419	1.197	0.173	0.703	1.133	0.182	0.992	0.413	0.080	0.080	0.102	1.370	1.159	0.794	0.190	0.810	1.116	0.219	0.995	0.376	0.079	0.080	0.102	1.179	0.779	0.940	0.170	1.224	1.421	0.260	1.324	0.286	0.079	0.080	0.102	1.466	0.719	0.788	0.232	1.085	1.328	0.209	1.291	0.236	0.080	0.080	0.102	1.268	1.459	0.828	0.180	1.202	1.276	0.217	1.241	0.211	0.079	0.080	0.102	1.342	1.302	0.991	0.158	1.371	1.311	0.172	1.172	0.238	0.079	0.080	0.080	0.080	0.080	0.080	0.080	0.080	0.080	0.080	0.080	0.079	0.079
15:00:01	0.081	0.081	0.080	0.080	0.080	0.082	0.080	0.080	0.081	0.080	0.079	0.080	0.080	0.103	1.389	1.427	1.202	0.174	0.704	1.136	0.183	1.020	0.414	0.080	0.080	0.102	1.375	1.180	0.800	0.194	0.823	1.125	0.221	1.002	0.382	0.079	0.080	0.102	1.198	0.787	0.943	0.172	1.220	1.432	0.264	1.330	0.291	0.079	0.080	0.103	1.479	0.719	0.780	0.234	1.088	1.339	0.212	1.297	0.238	0.080	0.080	0.102	1.283	1.476	0.822	0.181	1.210	1.295	0.221	1.245	0.215	0.079	0.080	0.103	1.345	1.312	0.992	0.159	1.377	1.322	0.173	1.181	0.242	0.080	0.079	0.080	0.080	0.080	0.080	0.080	0.080	0.080	0.080	0.080	0.079	0.079
15:10:01	0.081	0.081	0.081	0.080	0.080	0.082	0.080	0.081	0.081	0.080	0.079	0.079	0.080	0.103	1.396	1.432	1.210	0.174	0.713	1.138	0.185	1.045	0.436	0.080	0.080	0.102	1.376	1.203	0.811	0.196	0.829	1.123	0.222	1.000	0.385	0.079	0.080	0.102	1.221	0.796	0.955	0.172	1.221	1.439	0.267	1.333	0.292	0.079	0.080	0.103	1.491	0.729	0.807	0.234	1.093	1.352	0.216	1.299	0.238	0.080	0.080	0.101	1.293	1.486	0.845	0.181	1.216	1.299	0.221	1.251	0.214	0.079	0.080	0.102	1.350	1.317	1.021	0.160	1.381	1.327	0.173	1.185	0.246	0.080	0.079	0.080	0.080	0.080	0.080	0.080	0.080	0.080	0.080	0.080	0.079	0.079
15:20:01	0.081	0.081	0.080	0.080	0.080	0.082	0.080	0.080	0.081	0.080	0.079	0.079	0.080	0.103	1.404	1.439	1.215	0.176	0.721	1.128	0.186	1.077	0.424	0.080	0.080	0.102	1.380	1.230	0.820	0.199	0.850	1.139	0.224	1.012	0.394	0.079	0.080	0.102	1.226	0.805	0.949	0.173	1.232	1.446	0.269	1.340	0.297	0.079	0.080	0.103	1.505	0.735	0.803	0.239	1.105	1.353	0.214	1.304	0.241	0.080	0.080	0.102	1.304	1.502	0.846	0.182	1.226	1.316	0.226	1.254	0.220	0.079	0.080	0.103	1.353	1.327	1.020	0.161	1.386	1.335	0.174	1.189	0.252	0.080	0.080	0.080	0.080	0.080	0.080	0.080	0.080	0.080	0.080	0.080	0.079	0.079
15:30:01	0.080	0.080	0.080	0.080	0.080	0.081	0.080	0.080	0.081	0.080	0.079	0.079	0.080	0.103	1.410	1.445	1.220	0.177	0.728	1.119	0.188	1.100	0.427	0.080	0.080	0.102	1.383	1.255	0.828	0.201	0.880	1.149	0.225	1.022	0.398	0.079	0.080	0.102	1.234	0.814	0.969	0.175	1.228	1.454	0.269	1.317	0.299	0.079	0.080	0.103	1.516	0.745	0.819	0.239	1.116	1.354	0.216	1.307	0.241	0.080	0.080	0.102	1.315	1.514	0.858	0.183	1.235	1.326	0.227	1.260	0.220	0.079	0.080	0.103	1.356	1.334	1.058	0.162	1.392	1.343	0.175	1.191	0.260	0.079	0.080	0.080	0.080	0.080	0.080	0.080	0.080	0.080	0.080	0.080	0.079	0.079
15:40:01	0.081	0.080	0.080	0.080	0.080	0.081	0.080	0.080	0.081	0.080	0.079	0.079	0.080	0.103	1.417	1.450	1.223	0.177	0.732	1.107	0.187	1.131	0.423	0.080	0.080	0.102	1.385	1.269	0.836	0.202	0.901	1.159	0.225	1.025	0.394	0.079	0.080	0.102	1.246	0.806	0.976	0.176	1.236	1.458	0.272	1.224	0.304	0.079	0.080	0.103	1.526	0.751	0.836	0.241	1.121	1.407	0.218	1.308	0.242	0.080	0.080	0.102	1.323	1.526	0.864	0.179	1.244	1.339	0.229	1.267	0.228	0.079	0.080	0.103	1.358	1.339	1.071	0.163	1.394	1.349	0.175	1.191	0.265	0.079	0.080	0.080	0.080	0.080	0.080	0.080	0.080	0.080	0.080	0.080	0.079	0.079
15:50:01	0.081	0.081	0.080	0.080	0.080	0.081	0.080	0.080	0.081	0.080	0.079	0.079	0.080	0.103	1.423	1.456	1.226	0.179	0.742	1.097	0.189	1.154	0.442	0.080	0.080	0.102	1.389	1.281	0.840	0.207	0.921	1.163	0.226	1.032	0.398	0.080	0.080	0.102	1.252	0.821	0.997	0.178	1.264	1.464	0.275	1.218	0.310	0.079	0.080	0.103	1.534	0.761	0.837	0.243	1.130	1.397	0.222	1.236	0.245	0.080	0.080	0.102	1.333	1.537	0.877	0.179	1.253	1.351	0.232	1.273	0.227	0.079	0.080	0.103	1.360	1.347	1.080	0.163	1.398	1.354	0.176	1.191	0.273	0.080	0.080	0.080	0.080	0.080	0.080	0.080	0.080	0.080	0.080	0.080	0.079	0.079
16:00:01	0.081	0.081	0.081	0.080	0.080	0.082	0.080	0.081	0.081	0.080	0.079	0.079	0.080	0.103	1.432	1.460	1.228	0.180	0.748	1.093	0.191	1.174	0.450	0.080	0.080	0.102	1.391	1.295	0.844	0.208	0.936	1.174	0.227	1.042	0.401	0.080	0.080	0.102	1.259	0.828	1.006	0.180	1.270	1.470	0.276	1.225	0.315	0.079	0.080	0.103	1.542	0.769	0.860	0.243	1.136	1.390	0.223	1.227	0.247	0.080	0.080	0.101	1.340	1.548	0.889	0.177	1.260	1.357	0.235	1.279	0.233	0.080	0.080	0.103	1.362	1.354	1.105	0.164	1.401	1.356	0.177	1.190	0.278	0.080	0.079	0.080	0.080	0.080	0.080	0.080	0.080	0.080	0.080	0.080	0.079	0.079
16:10:01	0.081	0.081	0.081	0.080	0.080	0.082	0.080	0.081	0.081	0.080	0.080	0.079	0.080	0.103	1.439	1.463	1.233	0.181	0.748	1.087	0.191	1.198	0.451	0.080	0.080	0.102	1.394	1.320	0.851	0.214	0.951	1.186	0.229	1.051	0.406	0.080	0.080	0.102	1.266	0.845	1.013	0.181	1.273	1.476	0.279	1.226	0.316	0.079	0.080	0.103	1.552	0.772	0.859	0.245	1.142	1.381	0.228	1.227	0.248	0.080	0.080	0.101	1.347	1.559	0.894	0.176	1.268	1.365	0.238	1.286	0.235	0.080	0.080	0.103	1.364	1.360	1.112	0.164	1.403	1.356	0.178	1.186	0.285	0.080	0.079	0.080	0.080	0.080	0.080	0.080	0.080	0.080	0.080	0.080	0.079	0.079
16:20:01	0.081	0.081	0.081	0.080	0.080	0.082	0.080	0.081	0.081	0.080	0.079	0.079	0.080	0.103	1.443	1.467	1.236	0.183	0.751	1.084	0.193	1.202	0.465	0.080	0.080	0.102	1.396	1.333	0.837	0.218	0.962	1.195	0.228	1.058	0.409	0.080	0.080	0.102	1.272	0.856	1.027	0.182	1.271	1.482	0.280	1.227	0.320	0.079	0.080	0.102	1.561	0.779	0.882	0.246	1.147	1.374	0.230	1.231	0.251	0.080	0.080	0.101	1.353	1.568	0.901	0.176	1.275	1.377	0.241	1.294	0.239	0.080	0.080	0.102	1.366	1.367	1.122	0.165	1.404	1.357	0.179	1.186	0.291	0.080	0.080	0.080	0.080	0.080	0.080	0.080	0.080	0.080	0.080	0.080	0.079	0.079
16:30:01	0.081	0.081	0.081	0.080	0.080	0.082	0.080	0.081	0.081	0.080	0.079	0.079	0.080	0.102	1.452	1.472	1.240	0.184	0.755	1.066	0.195	1.230	0.467	0.080	0.080	0.101	1.399	1.354	0.829	0.221	0.980	1.206	0.230	1.063	0.415	0.080	0.080	0.102	1.282	0.860	1.025	0.183	1.277	1.489	0.285	1.232	0.323	0.079	0.080	0.102	1.571	0.783	0.886	0.250	1.152	1.372	0.231	1.232	0.253	0.079	0.080	0.101	1.360	1.579	0.912	0.175	1.286	1.387	0.244	1.302	0.244	0.080	0.080	0.102	1.369	1.374	1.128	0.165	1.409	1.359	0.179	1.189	0.301	0.080	0.080	0.080	0.080	0.080	0.080	0.080	0.080	0.080	0.080	0.080	0.079	0.079
16:40:01	0.081	0.081	0.081	0.080	0.080	0.082	0.080	0.081	0.081	0.080	0.079	0.079	0.080	0.103	1.458	1.476	1.243	0.186	0.762	1.090	0.195	1.255	0.477	0.080	0.080	0.102	1.401	1.365	0.829	0.225	0.993	1.213	0.230	1.071	0.415	0.080	0.080	0.102	1.287	0.872	1.044	0.184	1.281	1.495	0.287	1.236	0.325	0.079	0.080	0.102	1.580	0.792	0.900	0.252	1.158	1.369	0.234	1.236	0.256	0.079	0.080	0.102	1.367	1.589	0.923	0.179	1.296	1.393	0.245	1.311	0.249	0.080	0.080	0.102	1.370	1.383	1.148	0.166	1.412	1.359	0.181	1.192	0.313	0.080	0.080	0.080	0.080	0.080	0.080	0.080	0.080	0.080	0.080	0.080	0.079	0.079
16:50:01	0.081	0.081	0.081	0.080	0.080	0.082	0.080	0.081	0.081	0.080	0.080	0.079	0.080	0.103	1.466	1.480	1.246	0.187	0.766	1.093	0.196	1.268	0.484	0.080	0.080	0.102	1.403	1.375	0.820	0.227	1.010	1.214	0.230	1.077	0.418	0.080	0.080	0.102	1.292	0.883	1.050	0.185	1.292	1.497	0.290	1.244	0.328	0.079	0.080	0.103	1.587	0.795	0.904	0.253	1.163	1.373	0.234	1.243	0.260	0.080	0.080	0.101	1.373	1.598	0.934	0.175	1.304	1.399	0.248	1.319	0.254	0.080	0.080	0.102	1.371	1.392	1.154	0.167	1.414	1.358	0.182	1.197	0.319	0.079	0.079	0.080	0.080	0.080	0.080	0.080	0.080	0.080	0.080	0.080	0.079	0.079
17:00:01	0.081	0.081	0.081	0.080	0.080	0.082	0.080	0.081	0.081	0.080	0.079	0.079	0.080	0.103	1.475	1.484	1.252	0.188	0.775	1.093	0.197	1.281	0.491	0.080	0.080	0.102	1.406	1.387	0.812	0.232	1.014	1.219	0.232	1.083	0.420	0.079	0.080	0.102	1.304	0.890	1.070	0.187	1.288	1.502	0.292	1.254	0.334	0.079	0.080	0.103	1.597	0.799	0.905	0.254	1.169	1.376	0.237	1.245	0.262	0.079	0.080	0.102	1.377	1.605	0.942	0.177	1.308	1.406	0.250	1.324	0.257	0.079	0.080	0.103	1.373	1.400	1.166	0.168	1.416	1.357	0.184	1.197	0.336	0.079	0.080	0.080	0.080	0.080	0.080	0.080	0.080	0.080	0.080	0.080	0.079	0.079
17:10:01	0.081	0.080	0.080	0.080	0.080	0.082	0.080	0.080	0.081	0.080	0.079	0.079	0.080	0.103	1.481	1.487	1.258	0.190	0.778	1.131	0.198	1.292	0.500	0.080	0.080	0.102	1.407	1.397	0.809	0.235	0.979	1.218	0.232	1.088	0.425	0.079	0.080	0.102	1.316	0.907	1.078	0.189	1.278	1.507	0.297	1.265	0.331	0.079	0.080	0.103	1.605	0.806	0.927	0.255	1.173	1.371	0.240	1.249	0.264	0.079	0.080	0.101	1.381	1.609	0.874	0.177	1.314	1.411	0.253	1.328	0.262	0.079	0.080	0.102	1.374	1.405	1.174	0.170	1.417	1.356	0.185	1.197	0.347	0.079	0.079	0.080	0.080	0.080	0.080	0.080	0.080	0.080	0.080	0.080	0.079	0.079
17:20:01	0.081	0.081	0.081	0.080	0.080	0.082	0.080	0.081	0.081	0.080	0.079	0.079	0.080	0.103	1.485	1.491	1.262	0.191	0.786	1.112	0.201	1.309	0.493	0.080	0.080	0.102	1.412	1.407	0.820	0.238	1.005	1.226	0.234	1.098	0.431	0.079	0.080	0.102	1.316	0.903	1.075	0.190	1.269	1.508	0.303	1.267	0.340	0.079	0.080	0.103	1.613	0.807	0.932	0.257	1.175	1.367	0.241	1.257	0.266	0.079	0.080	0.102	1.386	1.621	0.802	0.176	1.321	1.421	0.256	1.336	0.270	0.079	0.080	0.103	1.377	1.413	1.190	0.170	1.422	1.353	0.186	1.194	0.363	0.079	0.080	0.080	0.080	0.080	0.080	0.080	0.080	0.080	0.080	0.080	0.079	0.079
17:30:01	0.081	0.080	0.081	0.080	0.080	0.082	0.080	0.081	0.081	0.080	0.079	0.079	0.080	0.103	1.490	1.495	1.265	0.192	0.790	1.113	0.203	1.324	0.500	0.080	0.080	0.102	1.414	1.414	0.817	0.242	1.013	1.238	0.235	1.109	0.431	0.079	0.080	0.102	1.317	0.917	1.100	0.191	1.268	1.510	0.306	1.274	0.344	0.079	0.080	0.103	1.620	0.818	0.948	0.257	1.180	1.364	0.245	1.259	0.268	0.079	0.080	0.102	1.391	1.628	0.802	0.177	1.331	1.429	0.259	1.342	0.274	0.079	0.080	0.103	1.378	1.419	1.206	0.172	1.428	1.351	0.188	1.195	0.373	0.079	0.080	0.080	0.080	0.080	0.080	0.080	0.080	0.080	0.080	0.080	0.079	0.079
17:40:01	0.081	0.081	0.081	0.080	0.080	0.082	0.079	0.081	0.081	0.080	0.080	0.079	0.080	0.103	1.495	1.498	1.267	0.193	0.796	1.117	0.204	1.336	0.497	0.080	0.080	0.102	1.416	1.424	0.819	0.244	1.035	1.241	0.236	1.118	0.433	0.079	0.080	0.102	1.317	0.918	1.080	0.192	1.271	1.512	0.310	1.280	0.348	0.079	0.080	0.103	1.627	0.819	0.951	0.259	1.183	1.359	0.247	1.259	0.271	0.079	0.081	0.101	1.396	1.635	0.809	0.177	1.337	1.434	0.260	1.346	0.281	0.079	0.080	0.103	1.379	1.425	1.219	0.172	1.429	1.347	0.189	1.191	0.384	0.079	0.080	0.080	0.080	0.080	0.080	0.080	0.080	0.080	0.080	0.080	0.079	0.079
17:50:01	0.081	0.081	0.081	0.080	0.080	0.082	0.079	0.081	0.081	0.080	0.080	0.079	0.080	0.103	1.497	1.500	1.271	0.194	0.799	1.120	0.205	1.344	0.505	0.080	0.080	0.102	1.418	1.429	0.820	0.250	1.054	1.251	0.237	1.133	0.442	0.079	0.080	0.102	1.315	0.938	1.107	0.193	1.275	1.514	0.315	1.284	0.351	0.079	0.080	0.103	1.632	0.830	0.961	0.261	1.187	1.358	0.248	1.260	0.274	0.079	0.081	0.101	1.400	1.641	0.821	0.178	1.343	1.439	0.262	1.352	0.289	0.079	0.080	0.102	1.380	1.431	1.228	0.173	1.431	1.343	0.190	1.190	0.393	0.079	0.080	0.080	0.080	0.080	0.080	0.080	0.080	0.080	0.080	0.080	0.079	0.079
18:00:01	0.081	0.081	0.081	0.080	0.080	0.082	0.079	0.081	0.081	0.080	0.080	0.079	0.080	0.103	1.502	1.502	1.274	0.195	0.805	1.130	0.206	1.349	0.514	0.080	0.080	0.101	1.419	1.439	0.829	0.254	1.055	1.257	0.237	1.133	0.441	0.079	0.080	0.102	1.323	0.941	1.122	0.193	1.276	1.515	0.325	1.297	0.351	0.079	0.080	0.102	1.638	0.836	0.976	0.264	1.191	1.357	0.249	1.256	0.275	0.080	0.081	0.101	1.403	1.643	0.821	0.177	1.345	1.442	0.266	1.360	0.297	0.079	0.080	0.102	1.381	1.434	1.236	0.174	1.431	1.339	0.191	1.200	0.406	0.079	0.080	0.080	0.080	0.080	0.080	0.080	0.080	0.080	0.080	0.080	0.079	0.079
18:10:01	0.081	0.081	0.080	0.080	0.080	0.082	0.079	0.081	0.081	0.080	0.080	0.079	0.080	0.102	1.502	1.506	1.277	0.196	0.814	1.127	0.207	1.354	0.516	0.080	0.080	0.101	1.423	1.449	0.833	0.259	1.078	1.265	0.240	1.142	0.448	0.079	0.080	0.102	1.316	0.948	1.123	0.195	1.286	1.517	0.318	1.298	0.358	0.079	0.080	0.102	1.645	0.839	0.982	0.267	1.194	1.357	0.254	1.260	0.277	0.080	0.081	0.101	1.407	1.655	0.825	0.178	1.358	1.450	0.269	1.365	0.308	0.079	0.080	0.102	1.384	1.443	1.248	0.175	1.433	1.335	0.192	1.202	0.417	0.079	0.080	0.080	0.080	0.080	0.080	0.080	0.080	0.080	0.080	0.080	0.079	0.080
18:20:01	0.081	0.081	0.080	0.080	0.080	0.082	0.079	0.081	0.081	0.080	0.079	0.079	0.080	0.102	1.506	1.509	1.279	0.198	0.817	1.129	0.208	1.357	0.528	0.080	0.080	0.101	1.425	1.451	0.832	0.261	1.081	1.275	0.240	1.138	0.452	0.079	0.080	0.102	1.323	0.958	1.136	0.196	1.254	1.517	0.329	1.311	0.361	0.079	0.080	0.102	1.650	0.845	0.998	0.269	1.199	1.355	0.257	1.256	0.279	0.079	0.080	0.101	1.410	1.659	0.826	0.178	1.362	1.451	0.270	1.374	0.317	0.079	0.080	0.102	1.383	1.448	1.257	0.177	1.435	1.331	0.193	1.202	0.430	0.079	0.080	0.080	0.080	0.080	0.080	0.080	0.080	0.080	0.080	0.080	0.079	0.079
18:30:01	0.081	0.081	0.080	0.080	0.080	0.082	0.079	0.081	0.081	0.080	0.080	0.079	0.080	0.103	1.511	1.512	1.280	0.199	0.819	1.119	0.210	1.366	0.523	0.080	0.080	0.102	1.427	1.460	0.826	0.262	1.102	1.273	0.241	1.143	0.457	0.079	0.080	0.102	1.318	0.961	1.127	0.198	1.190	1.518	0.325	1.318	0.371	0.079	0.080	0.103	1.657	0.846	1.004	0.273	1.202	1.352	0.261	1.258	0.282	0.079	0.081	0.101	1.413	1.671	0.825	0.179	1.375	1.454	0.273	1.379	0.328	0.079	0.080	0.102	1.384	1.455	1.266	0.178	1.436	1.325	0.194	1.206	0.446	0.079	0.080	0.080	0.080	0.080	0.080	0.080	0.080	0.080	0.079	0.080	0.079	0.079
18:40:01	0.081	0.081	0.080	0.080	0.080	0.082	0.079	0.081	0.081	0.080	0.080	0.079	0.080	0.103	1.513	1.514	1.284	0.201	0.820	1.122	0.212	1.368	0.536	0.080	0.080	0.102	1.429	1.465	0.819	0.266	1.111	1.278	0.243	1.149	0.460	0.079	0.080	0.102	1.323	0.976	1.145	0.201	1.192	1.520	0.329	1.332	0.372	0.079	0.080	0.103	1.662	0.857	1.023	0.274	1.206	1.361	0.264	1.258	0.286	0.079	0.081	0.101	1.416	1.678	0.830	0.179	1.378	1.455	0.274	1.381	0.338	0.079	0.080	0.103	1.384	1.461	1.273	0.180	1.438	1.320	0.195	1.219	0.456	0.079	0.080	0.080	0.080	0.080	0.080	0.080	0.080	0.080	0.079	0.080	0.079	0.079
18:50:01	0.081	0.080	0.080	0.079	0.080	0.082	0.079	0.081	0.081	0.080	0.079	0.079	0.080	0.103	1.517	1.516	1.286	0.203	0.822	1.123	0.213	1.371	0.535	0.080	0.080	0.102	1.431	1.469	0.818	0.269	1.121	1.285	0.244	1.157	0.461	0.079	0.080	0.102	1.324	0.986	1.147	0.202	1.188	1.521	0.344	1.340	0.372	0.079	0.080	0.103	1.667	0.870	1.039	0.276	1.209	1.353	0.265	1.255	0.290	0.079	0.080	0.101	1.419	1.686	0.835	0.179	1.388	1.458	0.277	1.382	0.347	0.079	0.080	0.102	1.385	1.467	1.281	0.182	1.438	1.316	0.195	1.221	0.471	0.079	0.080	0.080	0.080	0.080	0.080	0.080	0.080	0.080	0.079	0.079	0.079	0.079
19:00:01	0.081	0.080	0.080	0.080	0.080	0.082	0.079	0.081	0.081	0.080	0.080	0.079	0.080	0.103	1.521	1.518	1.290	0.204	0.831	1.126	0.214	1.375	0.536	0.080	0.080	0.102	1.432	1.473	0.818	0.274	1.129	1.288	0.245	1.166	0.467	0.079	0.080	0.102	1.327	0.987	1.147	0.201	1.182	1.522	0.334	1.351	0.376	0.079	0.080	0.103	1.672	0.870	1.038	0.280	1.212	1.347	0.265	1.253	0.292	0.079	0.081	0.101	1.422	1.697	0.836	0.180	1.396	1.460	0.278	1.383	0.356	0.079	0.080	0.103	1.386	1.472	1.288	0.184	1.440	1.313	0.195	1.224	0.481	0.079	0.080	0.080	0.080	0.080	0.080	0.080	0.080	0.080	0.079	0.080	0.079	0.079
19:10:01	0.081	0.080	0.080	0.080	0.080	0.082	0.079	0.081	0.081	0.080	0.079	0.080	0.081	0.103	1.523	1.520	1.292	0.206	0.838	1.128	0.215	1.377	0.542	0.080	0.080	0.102	1.435	1.475	0.817	0.278	1.138	1.297	0.247	1.179	0.468	0.079	0.080	0.102	1.327	1.004	1.170	0.203	1.180	1.525	0.340	1.361	0.383	0.079	0.080	0.103	1.676	0.877	1.048	0.284	1.215	1.341	0.265	1.254	0.296	0.080	0.081	0.101	1.426	1.709	0.841	0.180	1.405	1.462	0.282	1.387	0.364	0.079	0.080	0.103	1.388	1.477	1.294	0.186	1.440	1.310	0.195	1.230	0.495	0.079	0.080	0.080	0.080	0.080	0.080	0.080	0.080	0.081	0.079	0.080	0.079	0.080
19:20:01	0.082	0.081	0.080	0.080	0.080	0.082	0.079	0.081	0.081	0.080	0.080	0.079	0.081	0.103	1.530	1.522	1.294	0.207	0.843	1.136	0.217	1.383	0.537	0.080	0.080	0.101	1.435	1.481	0.814	0.280	1.138	1.298	0.247	1.185	0.469	0.079	0.080	0.102	1.334	1.008	1.157	0.203	1.176	1.525	0.343	1.375	0.386	0.080	0.080	0.102	1.680	0.874	1.037	0.285	1.218	1.329	0.266	1.250	0.294	0.080	0.081	0.101	1.429	1.746	0.835	0.180	1.404	1.461	0.284	1.388	0.372	0.080	0.080	0.102	1.388	1.481	1.298	0.187	1.441	1.307	0.195	1.230	0.502	0.079	0.080	0.080	0.080	0.080	0.080	0.079	0.080	0.080	0.079	0.080	0.079	0.080
19:30:01	0.082	0.081	0.080	0.080	0.080	0.082	0.080	0.081	0.081	0.080	0.080	0.080	0.081	0.102	1.531	1.523	1.296	0.208	0.843	1.134	0.218	1.383	0.551	0.080	0.080	0.101	1.437	1.484	0.811	0.287	1.147	1.304	0.248	1.197	0.475	0.079	0.080	0.102	1.334	1.015	1.169	0.203	1.179	1.528	0.346	1.383	0.386	0.080	0.080	0.102	1.683	0.878	1.035	0.287	1.219	1.321	0.270	1.251	0.299	0.080	0.081	0.101	1.433	1.744	0.837	0.181	1.411	1.462	0.285	1.391	0.382	0.080	0.080	0.102	1.389	1.486	1.305	0.191	1.442	1.304	0.196	1.232	0.510	0.079	0.080	0.080	0.080	0.080	0.080	0.079	0.080	0.080	0.079	0.080	0.079	0.080
19:40:01	0.081	0.081	0.081	0.080	0.080	0.082	0.080	0.081	0.081	0.080	0.080	0.080	0.081	0.102	1.532	1.526	1.301	0.209	0.853	1.128	0.220	1.387	0.557	0.080	0.080	0.101	1.442	1.486	0.812	0.292	1.166	1.318	0.251	1.210	0.479	0.079	0.080	0.102	1.325	1.026	1.169	0.206	1.187	1.532	0.359	1.389	0.394	0.080	0.080	0.102	1.688	0.885	1.046	0.289	1.221	1.324	0.273	1.257	0.306	0.080	0.081	0.101	1.438	1.740	0.842	0.182	1.424	1.467	0.287	1.395	0.393	0.080	0.080	0.102	1.392	1.493	1.312	0.193	1.444	1.302	0.196	1.238	0.515	0.080	0.080	0.080	0.080	0.080	0.080	0.079	0.080	0.080	0.079	0.080	0.079	0.080
19:50:01	0.082	0.081	0.080	0.080	0.080	0.082	0.080	0.081	0.081	0.080	0.080	0.080	0.081	0.102	1.533	1.528	1.304	0.210	0.857	1.141	0.220	1.392	0.560	0.080	0.080	0.101	1.444	1.489	0.811	0.298	1.174	1.328	0.252	1.219	0.482	0.079	0.080	0.101	1.327	1.043	1.166	0.207	1.188	1.535	0.351	1.398	0.396	0.080	0.080	0.102	1.692	0.888	1.046	0.290	1.223	1.328	0.272	1.257	0.310	0.080	0.081	0.101	1.442	1.741	0.905	0.182	1.435	1.468	0.289	1.394	0.406	0.080	0.080	0.102	1.394	1.498	1.317	0.195	1.445	1.301	0.197	1.241	0.518	0.080	0.080	0.080	0.081	0.080	0.080	0.079	0.080	0.080	0.079	0.080	0.079	0.080
20:00:01	0.081	0.081	0.080	0.080	0.080	0.082	0.080	0.081	0.081	0.080	0.079	0.080	0.081	0.102	1.534	1.530	1.308	0.212	0.855	1.141	0.221	1.393	0.570	0.080	0.080	0.101	1.446	1.491	0.813	0.302	1.185	1.335	0.253	1.206	0.486	0.079	0.080	0.102	1.329	1.052	1.178	0.208	1.192	1.540	0.360	1.407	0.400	0.079	0.080	0.102	1.698	0.892	1.099	0.289	1.224	1.332	0.273	1.260	0.317	0.080	0.081	0.101	1.446	1.734	0.824	0.183	1.438	1.469	0.291	1.395	0.416	0.079	0.080	0.102	1.395	1.502	1.325	0.198	1.447	1.304	0.198	1.245	0.530	0.079	0.080	0.080	0.080	0.080	0.080	0.079	0.079	0.080	0.079	0.080	0.079	0.080
20:10:01	0.082	0.081	0.080	0.080	0.080	0.082	0.080	0.081	0.081	0.080	0.080	0.080	0.081	0.102	1.536	1.531	1.309	0.213	0.855	1.142	0.222	1.397	0.570	0.080	0.080	0.101	1.448	1.493	0.813	0.306	1.190	1.337	0.253	1.041	0.491	0.079	0.080	0.102	1.333	1.063	1.174	0.207	1.195	1.545	0.361	1.417	0.405	0.079	0.080	0.102	1.705	0.896	1.100	0.289	1.224	1.338	0.273	1.259	0.322	0.080	0.081	0.101	1.450	1.730	0.836	0.183	1.440	1.469	0.293	1.392	0.428	0.080	0.080	0.102	1.395	1.507	1.329	0.199	1.447	1.322	0.198	1.244	0.539	0.079	0.080	0.080	0.080	0.080	0.080	0.079	0.080	0.080	0.079	0.080	0.079	0.080
20:20:01	0.081	0.081	0.081	0.080	0.080	0.082	0.080	0.080	0.081	0.080	0.080	0.080	0.081	0.102	1.539	1.533	1.311	0.215	0.858	1.139	0.224	1.398	0.586	0.080	0.080	0.101	1.449	1.496	0.821	0.313	1.197	1.252	0.254	1.045	0.496	0.079	0.081	0.102	1.351	1.071	1.187	0.209	1.199	1.562	0.362	1.431	0.412	0.080	0.080	0.102	1.713	0.902	1.097	0.290	1.225	1.342	0.276	1.261	0.330	0.080	0.081	0.101	1.453	1.726	0.840	0.184	1.457	1.468	0.295	1.392	0.440	0.080	0.080	0.102	1.396	1.514	1.337	0.202	1.448	1.251	0.201	1.247	0.547	0.079	0.080	0.080	0.081	0.080	0.080	0.079	0.080	0.080	0.079	0.080	0.079	0.080
20:30:01	0.081	0.081	0.080	0.080	0.079	0.081	0.080	0.080	0.081	0.080	0.080	0.080	0.081	0.102	1.541	1.534	1.313	0.216	0.859	1.135	0.225	1.403	0.586	0.080	0.080	0.101	1.450	1.498	0.840	0.314	1.200	1.249	0.254	1.045	0.494	0.079	0.080	0.102	1.356	1.078	1.189	0.211	1.201	1.565	0.368	1.446	0.414	0.079	0.080	0.103	1.722	0.906	1.097	0.289	1.225	1.341	0.276	1.263	0.335	0.080	0.081	0.101	1.456	1.722	0.841	0.184	1.458	1.469	0.297	1.391	0.454	0.079	0.080	0.102	1.397	1.519	1.342	0.203	1.450	1.238	0.202	1.244	0.557	0.079	0.080	0.080	0.081	0.080	0.080	0.079	0.080	0.080	0.079	0.080	0.079	0.080
20:40:01	0.081	0.080	0.080	0.080	0.079	0.081	0.079	0.080	0.081	0.080	0.080	0.080	0.081	0.103	1.543	1.536	1.315	0.218	0.862	1.131	0.227	1.405	0.595	0.080	0.080	0.102	1.450	1.500	0.856	0.319	1.205	1.189	0.254	1.065	0.498	0.079	0.080	0.102	1.360	1.086	1.195	0.211	1.203	1.565	0.373	1.385	0.418	0.079	0.080	0.103	1.730	0.911	1.099	0.291	1.224	1.340	0.278	1.266	0.341	0.079	0.081	0.101	1.459	1.718	0.843	0.185	1.457	1.469	0.298	1.411	0.467	0.079	0.080	0.102	1.399	1.524	1.347	0.205	1.451	1.217	0.201	1.244	0.573	0.079	0.080	0.080	0.080	0.080	0.080	0.079	0.079	0.080	0.079	0.079	0.079	0.080
20:50:01	0.081	0.081	0.080	0.080	0.079	0.081	0.080	0.080	0.081	0.080	0.080	0.080	0.081	0.103	1.544	1.538	1.317	0.219	0.866	1.136	0.228	1.408	0.601	0.080	0.080	0.101	1.451	1.503	0.872	0.326	1.209	1.182	0.255	1.069	0.500	0.079	0.080	0.102	1.361	1.098	1.199	0.211	1.203	1.563	0.377	1.331	0.419	0.079	0.080	0.103	1.739	0.914	1.096	0.294	1.224	1.339	0.281	1.270	0.347	0.080	0.081	0.101	1.463	1.718	0.843	0.185	1.458	1.469	0.300	1.424	0.478	0.079	0.080	0.103	1.401	1.529	1.350	0.207	1.452	1.199	0.201	1.248	0.593	0.079	0.080	0.080	0.081	0.080	0.080	0.079	0.080	0.080	0.079	0.080	0.079	0.079
21:00:01	0.081	0.081	0.080	0.080	0.079	0.081	0.080	0.080	0.081	0.080	0.080	0.079	0.081	0.102	1.546	1.540	1.319	0.220	0.870	1.139	0.230	1.410	0.605	0.080	0.080	0.101	1.453	1.505	0.890	0.331	1.213	1.159	0.255	1.074	0.507	0.079	0.080	0.102	1.362	1.105	1.197	0.212	1.204	1.561	0.371	1.334	0.423	0.079	0.080	0.102	1.746	0.917	1.094	0.297	1.223	1.338	0.283	1.274	0.356	0.080	0.081	0.101	1.467	1.713	0.841	0.186	1.461	1.469	0.302	1.421	0.487	0.079	0.080	0.102	1.403	1.533	1.354	0.207	1.454	1.176	0.202	1.299	0.614	0.079	0.080	0.080	0.081	0.080	0.080	0.079	0.080	0.080	0.079	0.080	0.079	0.079
21:10:01	0.082	0.081	0.081	0.080	0.079	0.082	0.080	0.080	0.081	0.080	0.080	0.080	0.081	0.102	1.548	1.542	1.322	0.222	0.874	1.142	0.231	1.412	0.618	0.080	0.080	0.101	1.454	1.507	0.909	0.334	1.217	1.140	0.257	1.079	0.511	0.079	0.080	0.101	1.364	1.111	1.198	0.213	1.207	1.581	0.373	1.342	0.427	0.079	0.080	0.102	1.754	0.920	1.094	0.301	1.223	1.338	0.283	1.277	0.364	0.080	0.081	0.101	1.471	1.709	0.840	0.186	1.464	1.469	0.303	1.430	0.495	0.079	0.080	0.102	1.404	1.539	1.357	0.208	1.455	1.168	0.203	1.240	0.638	0.080	0.080	0.080	0.081	0.080	0.080	0.079	0.080	0.080	0.079	0.080	0.079	0.080
21:20:01	0.082	0.081	0.081	0.080	0.079	0.082	0.080	0.080	0.081	0.080	0.080	0.080	0.081	0.102	1.550	1.544	1.327	0.223	0.874	1.144	0.233	1.413	0.616	0.080	0.080	0.101	1.456	1.509	0.919	0.334	1.223	1.130	0.256	1.083	0.516	0.080	0.080	0.101	1.364	1.120	1.198	0.213	1.209	1.573	0.372	1.347	0.432	0.079	0.080	0.102	1.768	0.928	1.092	0.302	1.223	1.337	0.283	1.284	0.368	0.080	0.081	0.101	1.475	1.706	0.837	0.187	1.468	1.470	0.306	1.431	0.502	0.079	0.080	0.102	1.407	1.545	1.360	0.208	1.457	1.165	0.204	1.224	0.660	0.080	0.080	0.080	0.080	0.080	0.080	0.079	0.080	0.080	0.079	0.080	0.079	0.080
21:30:01	0.081	0.081	0.081	0.080	0.080	0.082	0.080	0.080	0.081	0.080	0.080	0.079	0.081	0.102	1.550	1.545	1.332	0.225	0.875	1.141	0.234	1.413	0.626	0.080	0.080	0.101	1.457	1.510	0.932	0.335	1.229	1.125	0.259	1.084	0.516	0.080	0.080	0.101	1.364	1.122	1.200	0.212	1.208	1.565	0.380	1.351	0.436	0.079	0.080	0.102	1.776	0.937	1.088	0.303	1.222	1.336	0.284	1.288	0.376	0.080	0.081	0.101	1.478	1.712	0.835	0.188	1.492	1.470	0.307	1.432	0.509	0.080	0.080	0.102	1.409	1.549	1.362	0.207	1.457	1.163	0.205	1.212	0.666	0.079	0.080	0.080	0.081	0.080	0.080	0.080	0.080	0.080	0.079	0.080	0.079	0.080
21:40:01	0.082	0.081	0.081	0.080	0.080	0.081	0.080	0.080	0.081	0.080	0.079	0.079	0.081	0.102	1.553	1.547	1.560	0.225	0.876	1.153	0.235	1.415	0.618	0.080	0.080	0.101	1.457	1.512	0.938	0.336	1.227	1.124	0.260	1.080	0.514	0.079	0.080	0.101	1.372	1.133	1.201	0.212	1.206	1.558	0.385	1.356	0.437	0.079	0.080	0.102	1.778	0.942	1.087	0.302	1.225	1.334	0.285	1.292	0.376	0.080	0.081	0.101	1.481	1.710	0.831	0.188	1.505	1.469	0.308	1.440	0.518	0.079	0.080	0.102	1.410	1.552	1.363	0.206	1.458	1.172	0.205	1.200	0.678	0.079	0.080	0.080	0.081	0.080	0.080	0.079	0.080	0.080	0.079	0.080	0.079	0.080
21:50:01	0.082	0.081	0.080	0.080	0.080	0.081	0.080	0.080	0.081	0.080	0.080	0.079	0.081	0.102	1.554	1.549	1.584	0.227	0.877	1.153	0.235	1.417	0.628	0.080	0.080	0.101	1.459	1.514	0.950	0.340	1.232	1.109	0.261	1.082	0.519	0.079	0.080	0.101	1.374	1.140	1.199	0.213	1.202	1.544	0.380	1.359	0.441	0.079	0.080	0.102	1.772	0.950	1.089	0.303	1.234	1.335	0.287	1.296	0.385	0.080	0.081	0.101	1.485	1.709	0.829	0.189	1.505	1.469	0.310	1.437	0.526	0.079	0.080	0.102	1.411	1.567	1.367	0.207	1.460	1.173	0.205	1.194	0.689	0.079	0.080	0.080	0.080	0.080	0.080	0.079	0.080	0.080	0.079	0.080	0.079	0.080
22:00:01	0.082	0.081	0.081	0.080	0.080	0.082	0.080	0.081	0.081	0.080	0.080	0.080	0.081	0.102	1.557	1.553	1.565	0.228	0.883	1.147	0.238	1.420	0.631	0.080	0.080	0.101	1.464	1.519	0.962	0.342	1.244	1.049	0.262	1.089	0.523	0.080	0.081	0.101	1.374	1.152	1.203	0.214	1.210	1.583	0.375	1.362	0.446	0.079	0.080	0.102	1.763	0.949	1.090	0.307	1.238	1.340	0.289	1.307	0.402	0.080	0.081	0.101	1.491	1.708	0.830	0.190	1.508	1.471	0.312	1.441	0.536	0.080	0.080	0.102	1.415	1.576	1.373	0.209	1.463	1.177	0.206	1.195	0.686	0.079	0.080	0.080	0.081	0.080	0.081	0.080	0.080	0.080	0.079	0.080	0.079	0.080
22:10:01	0.082	0.081	0.081	0.080	0.080	0.082	0.080	0.080	0.081	0.080	0.080	0.079	0.081	0.102	1.558	1.554	1.530	0.230	0.883	1.151	0.239	1.420	0.645	0.080	0.080	0.101	1.462	1.521	0.970	0.345	1.244	1.046	0.262	1.083	0.528	0.080	0.081	0.101	1.380	1.156	1.201	0.216	1.205	1.573	0.378	1.366	0.451	0.079	0.080	0.102	1.750	0.945	1.090	0.308	1.242	1.340	0.291	1.312	0.406	0.080	0.081	0.101	1.493	1.708	0.828	0.190	1.508	1.469	0.313	1.441	0.545	0.079	0.080	0.102	1.416	1.579	1.374	0.211	1.464	1.180	0.207	1.190	0.695	0.079	0.080	0.080	0.081	0.080	0.080	0.080	0.080	0.080	0.079	0.080	0.079	0.080
22:20:01	0.081	0.080	0.080	0.080	0.080	0.081	0.080	0.080	0.081	0.080	0.080	0.079	0.081	0.102	1.560	1.556	1.510	0.231	0.885	1.155	0.239	1.421	0.654	0.080	0.080	0.101	1.463	1.523	0.976	0.349	1.246	1.075	0.262	1.086	0.533	0.079	0.080	0.102	1.383	1.161	1.202	0.216	1.202	1.568	0.392	1.369	0.456	0.079	0.080	0.102	1.711	0.945	1.088	0.310	1.243	1.339	0.292	1.321	0.410	0.080	0.081	0.101	1.497	1.709	0.827	0.191	1.508	1.469	0.314	1.448	0.556	0.079	0.080	0.102	1.418	1.582	1.375	0.214	1.465	1.191	0.206	1.187	0.712	0.079	0.080	0.080	0.081	0.080	0.080	0.079	0.080	0.080	0.079	0.080	0.079	0.079
22:30:01	0.082	0.080	0.080	0.080	0.080	0.081	0.080	0.080	0.081	0.080	0.080	0.079	0.081	0.102	1.562	1.558	1.494	0.231	0.885	1.161	0.241	1.423	0.660	0.080	0.080	0.101	1.464	1.525	0.980	0.350	1.247	1.133	0.264	1.086	0.529	0.080	0.081	0.101	1.386	1.164	1.202	0.215	1.198	1.562	0.395	1.373	0.461	0.079	0.080	0.102	1.670	0.940	1.083	0.311	1.242	1.339	0.293	1.326	0.412	0.080	0.081	0.101	1.500	1.710	0.825	0.191	1.508	1.468	0.316	1.452	0.565	0.080	0.080	0.102	1.420	1.587	1.378	0.214	1.466	1.200	0.207	1.183	0.712	0.079	0.080	0.080	0.081	0.081	0.080	0.080	0.080	0.080	0.079	0.080	0.079	0.080
22:40:02	0.082	0.080	0.080	0.080	0.080	0.081	0.080	0.080	0.081	0.080	0.080	0.079	0.081	0.102	1.564	1.560	1.544	0.233	0.889	1.166	0.242	1.422	0.676	0.080	0.080	0.101	1.466	1.528	0.988	0.357	1.250	1.147	0.265	1.091	0.536	0.080	0.080	0.101	1.387	1.171	1.206	0.216	1.198	1.556	0.399	1.375	0.463	0.079	0.080	0.102	1.656	0.935	1.078	0.312	1.248	1.340	0.293	1.335	0.420	0.080	0.081	0.101	1.505	1.710	0.824	0.192	1.510	1.468	0.317	1.458	0.576	0.080	0.080	0.102	1.422	1.591	1.381	0.217	1.467	1.207	0.209	1.183	0.715	0.079	0.080	0.080	0.081	0.081	0.081	0.080	0.080	0.080	0.079	0.080	0.079	0.080
22:50:02	0.082	0.081	0.080	0.080	0.080	0.082	0.080	0.081	0.081	0.080	0.080	0.080	0.081	0.102	1.565	1.562	1.592	0.234	0.891	1.169	0.243	1.422	0.675	0.080	0.080	0.101	1.467	1.530	0.994	0.362	1.253	1.176	0.266	1.097	0.536	0.080	0.080	0.101	1.388	1.177	1.205	0.217	1.197	1.552	0.401	1.379	0.468	0.079	0.080	0.102	1.641	0.937	1.171	0.314	1.310	1.341	0.294	1.339	0.428	0.080	0.080	0.101	1.509	1.709	0.822	0.192	1.511	1.467	0.319	1.458	0.586	0.080	0.080	0.102	1.423	1.596	1.383	0.217	1.468	1.212	0.209	1.181	0.722	0.080	0.080	0.080	0.081	0.080	0.080	0.080	0.080	0.080	0.079	0.080	0.080	0.080
23:00:02	0.082	0.081	0.080	0.080	0.080	0.082	0.080	0.080	0.081	0.080	0.080	0.080	0.081	0.102	1.568	1.563	1.609	0.235	0.889	1.179	0.244	1.422	0.693	0.080	0.080	0.101	1.466	1.532	0.997	0.364	1.250	1.200	0.265	1.095	0.541	0.080	0.080	0.101	1.394	1.188	1.199	0.218	1.188	1.551	0.401	1.385	0.469	0.079	0.080	0.102	1.636	0.935	1.180	0.314	1.293	1.339	0.295	1.332	0.427	0.080	0.080	0.101	1.512	1.709	0.818	0.192	1.512	1.465	0.319	1.460	0.591	0.080	0.080	0.102	1.425	1.604	1.384	0.218	1.469	1.217	0.209	1.180	0.725	0.080	0.080	0.080	0.081	0.080	0.080	0.080	0.080	0.080	0.079	0.080	0.079	0.080
23:10:02	0.082	0.081	0.080	0.080	0.080	0.082	0.080	0.081	0.081	0.080	0.080	0.080	0.081	0.102	1.567	1.566	1.618	0.237	0.891	1.177	0.246	1.423	0.697	0.081	0.080	0.101	1.469	1.534	1.001	0.367	1.262	1.224	0.266	1.103	0.544	0.080	0.080	0.101	1.391	1.193	1.202	0.219	1.191	1.548	0.409	1.387	0.470	0.079	0.080	0.102	1.628	0.938	1.165	0.316	1.305	1.342	0.297	1.336	0.442	0.080	0.081	0.101	1.517	1.705	0.821	0.193	1.515	1.468	0.321	1.459	0.604	0.080	0.080	0.102	1.428	1.606	1.386	0.220	1.471	1.217	0.211	1.181	0.722	0.080	0.080	0.081	0.081	0.081	0.081	0.080	0.080	0.080	0.079	0.080	0.080	0.080
23:20:02	0.082	0.081	0.080	0.080	0.080	0.082	0.080	0.081	0.081	0.080	0.080	0.080	0.081	0.102	1.568	1.567	1.625	0.237	0.890	1.183	0.248	1.425	0.704	0.081	0.080	0.101	1.470	1.536	1.002	0.369	1.266	1.232	0.266	1.106	0.546	0.080	0.080	0.101	1.394	1.197	1.203	0.220	1.189	1.545	0.409	1.390	0.472	0.079	0.080	0.102	1.615	0.938	1.160	0.317	1.294	1.343	0.299	1.336	0.446	0.080	0.081	0.101	1.521	1.704	0.824	0.193	1.514	1.468	0.323	1.460	0.610	0.080	0.080	0.102	1.430	1.606	1.388	0.220	1.472	1.220	0.212	1.180	0.724	0.080	0.080	0.081	0.081	0.081	0.081	0.080	0.080	0.080	0.079	0.080	0.080	0.080
23:30:02	0.082	0.080	0.080	0.080	0.080	0.082	0.079	0.081	0.081	0.080	0.080	0.080	0.080	0.102	1.568	1.569	1.630	0.240	0.894	1.187	0.249	1.425	0.711	0.080	0.080	0.101	1.471	1.539	1.006	0.372	1.271	1.235	0.268	1.111	0.555	0.080	0.080	0.101	1.396	1.203	1.203	0.221	1.188	1.544	0.409	1.394	0.476	0.079	0.080	0.102	1.611	0.937	1.153	0.319	1.134	1.344	0.299	1.337	0.451	0.080	0.080	0.101	1.525	1.703	0.823	0.194	1.522	1.468	0.324	1.462	0.622	0.080	0.080	0.102	1.431	1.606	1.389	0.223	1.473	1.222	0.213	1.181	0.730	0.080	0.080	0.080	0.081	0.081	0.080	0.080	0.080	0.080	0.079	0.080	0.079	0.080
23:40:02	0.081	0.081	0.080	0.080	0.080	0.082	0.079	0.081	0.081	0.080	0.080	0.080	0.080	0.102	1.571	1.571	1.635	0.240	0.898	1.197	0.249	1.425	0.714	0.080	0.080	0.101	1.470	1.542	1.005	0.375	1.267	1.224	0.267	1.109	0.553	0.080	0.080	0.101	1.403	1.205	1.204	0.222	1.182	1.542	0.410	1.401	0.479	0.079	0.080	0.102	1.609	0.936	1.163	0.319	1.120	1.349	0.301	1.335	0.450	0.080	0.080	0.101	1.528	1.704	0.822	0.194	1.532	1.466	0.326	1.466	0.633	0.080	0.080	0.102	1.433	1.609	1.390	0.224	1.474	1.228	0.214	1.179	0.739	0.080	0.080	0.080	0.081	0.081	0.081	0.080	0.080	0.080	0.079	0.080	0.079	0.080
23:50:02	0.081	0.081	0.080	0.080	0.080	0.082	0.080	0.081	0.081	0.080	0.080	0.080	0.080	0.102	1.572	1.573	1.637	0.242	0.901	1.192	0.249	1.426	0.729	0.080	0.080	0.101	1.472	1.545	1.010	0.378	1.275	1.228	0.269	1.111	0.558	0.080	0.080	0.101	1.404	1.205	1.203	0.222	1.186	1.542	0.406	1.404	0.486	0.079	0.080	0.102	1.608	0.935	1.153	0.322	1.127	1.355	0.301	1.342	0.460	0.080	0.081	0.101	1.533	1.702	0.822	0.195	1.525	1.468	0.326	1.469	0.645	0.080	0.080	0.102	1.435	1.608	1.392	0.225	1.475	1.232	0.216	1.185	0.747	0.080	0.080	0.081	0.081	0.081	0.081	0.080	0.080	0.080	0.079	0.080	0.079	0.080
24:00:02	0.081	0.080	0.080	0.080	0.080	0.082	0.080	0.081	0.081	0.080	0.080	0.080	0.080	0.102	1.575	1.573	1.641	0.243	0.901	1.204	0.250	1.425	0.735	0.080	0.080	0.101	1.470	1.548	1.009	0.383	1.269	1.218	0.269	1.104	0.555	0.079	0.080	0.101	1.414	1.208	1.202	0.223	1.178	1.543	0.410	1.411	0.488	0.079	0.080	0.102	1.610	0.934	1.167	0.323	1.105	1.354	0.303	1.341	0.461	0.080	0.080	0.101	1.536	1.703	0.819	0.195	1.536	1.465	0.328	1.469	0.655	0.080	0.080	0.102	1.437	1.611	1.391	0.227	1.476	1.235	0.215	1.184	0.748	0.080	0.080	0.081	0.081	0.081	0.080	0.080	0.080	0.080	0.080	0.080	0.079	0.080

