Field Group

Plate Comment:	
Procedure Summary
  Plate Type:              Corning 96 well for LogPhase600
  Plate Number:            2
  Discontinuous Kinetics:  Runtime 01:00:00 (D:HH:MM), Interval 00:10:00 (HH:MM:SS), 145 Reads (max)
  Read:                    600 nm
  Incubator:               On
    Temperature setpoint:  37 °C
    Temperature gradient:  On
  Shaking:                 Off		
			
			

600

Time	A1	A2	A3	A4	A5	A6	A7	A8	A9	A10	A11	A12	B1	B2	B3	B4	B5	B6	B7	B8	B9	B10	B11	B12	C1	C2	C3	C4	C5	C6	C7	C8	C9	C10	C11	C12	D1	D2	D3	D4	D5	D6	D7	D8	D9	D10	D11	D12	E1	E2	E3	E4	E5	E6	E7	E8	E9	E10	E11	E12	F1	F2	F3	F4	F5	F6	F7	F8	F9	F10	F11	F12	G1	G2	G3	G4	G5	G6	G7	G8	G9	G10	G11	G12	H1	H2	H3	H4	H5	H6	H7	H8	H9	H10	H11	H12
0:00:00	0.079	0.079	0.079	0.079	0.078	0.078	0.079	0.078	0.081	0.079	0.078	0.078	0.079	0.104	0.186	0.162	0.891	0.120	0.127	1.127	0.112	0.232	0.444	0.078	0.079	0.103	0.164	0.900	1.205	0.129	0.480	0.775	0.113	0.440	0.316	0.078	0.079	0.103	0.202	0.167	0.872	0.102	1.200	0.395	0.102	0.146	0.552	0.078	0.079	0.104	0.287	0.163	0.914	0.113	0.489	0.275	0.104	0.147	0.224	0.078	0.079	0.104	0.461	0.171	0.338	0.110	0.165	0.407	0.109	0.234	0.687	0.078	0.079	0.104	0.757	0.148	0.808	0.105	0.319	0.490	0.106	0.327	0.129	0.078	0.079	0.078	0.079	0.080	0.079	0.079	0.079	0.079	0.079	0.079	0.079	0.078
0:10:00	0.079	0.079	0.079	0.079	0.078	0.079	0.079	0.078	0.081	0.079	0.078	0.078	0.079	0.103	0.197	0.176	0.896	0.121	0.137	1.108	0.114	0.219	0.437	0.078	0.079	0.103	0.170	0.898	1.125	0.131	0.446	0.710	0.114	0.527	0.269	0.078	0.079	0.103	0.200	0.182	0.846	0.102	1.164	0.355	0.102	0.145	0.547	0.078	0.079	0.104	0.290	0.180	0.893	0.111	0.485	0.272	0.105	0.140	0.227	0.078	0.079	0.104	0.468	0.197	0.342	0.110	0.176	0.401	0.108	0.231	0.542	0.078	0.078	0.104	0.750	0.170	0.814	0.110	0.325	0.477	0.106	0.336	0.135	0.078	0.079	0.078	0.079	0.080	0.079	0.079	0.079	0.079	0.079	0.079	0.079	0.078
0:20:00	0.079	0.079	0.079	0.079	0.078	0.079	0.079	0.078	0.080	0.079	0.078	0.078	0.079	0.103	0.203	0.188	0.881	0.121	0.157	1.095	0.119	0.224	0.417	0.078	0.079	0.103	0.174	0.893	1.085	0.132	0.419	0.702	0.115	0.514	0.259	0.078	0.078	0.102	0.207	0.189	0.837	0.102	1.140	0.355	0.103	0.151	0.528	0.078	0.079	0.104	0.286	0.184	0.831	0.112	0.483	0.278	0.105	0.134	0.226	0.078	0.079	0.104	0.469	0.209	0.344	0.111	0.192	0.396	0.109	0.229	0.467	0.078	0.078	0.104	0.740	0.184	0.805	0.115	0.330	0.473	0.106	0.343	0.139	0.078	0.079	0.078	0.079	0.080	0.079	0.079	0.079	0.079	0.079	0.079	0.078	0.078
0:30:00	0.079	0.079	0.079	0.079	0.078	0.078	0.079	0.078	0.080	0.079	0.078	0.078	0.078	0.103	0.209	0.193	0.872	0.123	0.169	1.089	0.123	0.230	0.398	0.078	0.079	0.103	0.176	0.889	1.076	0.135	0.412	0.697	0.116	0.511	0.249	0.078	0.078	0.102	0.212	0.203	0.830	0.102	1.124	0.353	0.103	0.154	0.529	0.078	0.079	0.104	0.287	0.181	0.813	0.113	0.479	0.273	0.105	0.139	0.227	0.078	0.078	0.104	0.469	0.213	0.349	0.112	0.194	0.391	0.109	0.226	0.415	0.078	0.078	0.104	0.733	0.185	0.808	0.116	0.325	0.472	0.107	0.348	0.144	0.078	0.079	0.078	0.079	0.080	0.078	0.079	0.079	0.079	0.079	0.079	0.078	0.078
0:40:00	0.079	0.079	0.079	0.078	0.078	0.078	0.078	0.078	0.080	0.079	0.079	0.078	0.078	0.103	0.214	0.195	0.864	0.123	0.172	1.087	0.125	0.238	0.387	0.078	0.078	0.103	0.181	0.874	1.068	0.136	0.406	0.683	0.116	0.524	0.248	0.078	0.078	0.102	0.208	0.212	0.810	0.101	1.150	0.343	0.103	0.154	0.540	0.078	0.078	0.103	0.311	0.185	0.799	0.114	0.465	0.272	0.105	0.144	0.225	0.078	0.078	0.104	0.452	0.214	0.344	0.113	0.197	0.384	0.111	0.222	0.375	0.078	0.078	0.104	0.730	0.183	0.804	0.118	0.324	0.482	0.108	0.374	0.145	0.078	0.079	0.078	0.079	0.080	0.078	0.079	0.079	0.079	0.079	0.079	0.078	0.078
0:50:00	0.079	0.079	0.079	0.079	0.078	0.078	0.079	0.078	0.080	0.079	0.079	0.079	0.078	0.103	0.214	0.194	0.863	0.123	0.175	1.083	0.125	0.241	0.379	0.078	0.079	0.102	0.179	0.882	1.067	0.138	0.405	0.685	0.118	0.522	0.245	0.078	0.078	0.102	0.214	0.215	0.811	0.101	1.135	0.336	0.104	0.153	0.534	0.078	0.079	0.103	0.317	0.190	0.803	0.115	0.466	0.276	0.106	0.145	0.222	0.079	0.079	0.103	0.456	0.217	0.333	0.115	0.201	0.381	0.112	0.221	0.348	0.078	0.078	0.103	0.735	0.180	0.799	0.120	0.323	0.481	0.108	0.371	0.149	0.078	0.079	0.078	0.079	0.080	0.079	0.079	0.079	0.079	0.079	0.079	0.079	0.078
1:00:00	0.079	0.079	0.079	0.079	0.078	0.079	0.079	0.079	0.080	0.079	0.078	0.079	0.079	0.103	0.217	0.196	0.863	0.124	0.182	1.078	0.126	0.243	0.377	0.078	0.079	0.102	0.176	0.898	1.069	0.139	0.414	0.694	0.121	0.508	0.244	0.078	0.079	0.102	0.221	0.221	0.833	0.101	1.081	0.336	0.105	0.152	0.517	0.078	0.079	0.103	0.299	0.197	0.828	0.115	0.480	0.280	0.106	0.150	0.226	0.079	0.079	0.103	0.480	0.231	0.333	0.119	0.207	0.395	0.113	0.225	0.325	0.078	0.078	0.103	0.749	0.184	0.801	0.121	0.322	0.469	0.109	0.340	0.157	0.078	0.079	0.078	0.079	0.080	0.079	0.079	0.079	0.079	0.079	0.079	0.079	0.078
1:10:00	0.079	0.079	0.079	0.079	0.078	0.079	0.079	0.078	0.080	0.079	0.079	0.079	0.079	0.103	0.221	0.200	0.858	0.125	0.185	1.072	0.126	0.246	0.377	0.078	0.079	0.103	0.176	0.889	1.062	0.138	0.415	0.696	0.122	0.501	0.244	0.078	0.078	0.102	0.222	0.227	0.821	0.102	1.071	0.342	0.105	0.159	0.512	0.078	0.079	0.103	0.296	0.204	0.806	0.116	0.479	0.280	0.106	0.152	0.230	0.079	0.079	0.104	0.486	0.234	0.329	0.121	0.211	0.396	0.114	0.222	0.309	0.078	0.078	0.104	0.746	0.189	0.796	0.122	0.323	0.465	0.110	0.337	0.160	0.078	0.079	0.078	0.079	0.080	0.079	0.079	0.079	0.079	0.079	0.079	0.079	0.078
1:20:00	0.079	0.079	0.079	0.079	0.079	0.079	0.079	0.079	0.080	0.080	0.079	0.079	0.079	0.103	0.224	0.203	0.850	0.126	0.187	1.071	0.127	0.248	0.374	0.078	0.079	0.103	0.178	0.870	1.053	0.138	0.417	0.691	0.123	0.498	0.244	0.078	0.078	0.102	0.223	0.229	0.808	0.102	1.074	0.345	0.105	0.166	0.512	0.078	0.078	0.103	0.295	0.209	0.783	0.117	0.471	0.280	0.106	0.153	0.230	0.078	0.079	0.104	0.483	0.233	0.324	0.123	0.213	0.395	0.116	0.220	0.295	0.078	0.078	0.103	0.731	0.188	0.786	0.123	0.325	0.464	0.110	0.352	0.160	0.078	0.079	0.078	0.079	0.080	0.078	0.079	0.079	0.079	0.079	0.079	0.078	0.078
1:30:00	0.079	0.079	0.079	0.078	0.078	0.078	0.079	0.078	0.080	0.079	0.078	0.079	0.079	0.103	0.228	0.204	0.849	0.127	0.186	1.069	0.128	0.248	0.369	0.078	0.079	0.103	0.184	0.869	1.052	0.138	0.416	0.692	0.124	0.500	0.246	0.078	0.078	0.102	0.224	0.232	0.807	0.102	1.080	0.344	0.106	0.164	0.513	0.078	0.079	0.104	0.303	0.212	0.783	0.118	0.467	0.282	0.107	0.156	0.232	0.078	0.079	0.104	0.481	0.236	0.319	0.124	0.214	0.394	0.117	0.220	0.285	0.078	0.078	0.104	0.732	0.190	0.788	0.124	0.327	0.471	0.111	0.360	0.161	0.078	0.079	0.078	0.079	0.080	0.079	0.079	0.079	0.079	0.079	0.079	0.079	0.078
1:40:00	0.079	0.079	0.079	0.078	0.078	0.078	0.079	0.078	0.080	0.079	0.078	0.078	0.078	0.103	0.232	0.205	0.848	0.127	0.187	1.069	0.129	0.248	0.370	0.078	0.078	0.103	0.187	0.872	1.044	0.138	0.416	0.693	0.124	0.501	0.248	0.078	0.078	0.102	0.226	0.237	0.808	0.102	1.080	0.343	0.107	0.164	0.511	0.078	0.079	0.104	0.313	0.215	0.787	0.119	0.466	0.284	0.107	0.160	0.234	0.078	0.079	0.104	0.481	0.239	0.319	0.124	0.215	0.398	0.118	0.220	0.279	0.078	0.078	0.104	0.741	0.191	0.794	0.124	0.327	0.473	0.112	0.361	0.163	0.078	0.079	0.078	0.079	0.080	0.078	0.079	0.078	0.079	0.079	0.079	0.078	0.078
1:50:00	0.079	0.079	0.079	0.078	0.078	0.078	0.078	0.078	0.080	0.079	0.078	0.078	0.078	0.103	0.236	0.208	0.847	0.127	0.184	1.071	0.130	0.250	0.366	0.078	0.078	0.103	0.193	0.856	1.038	0.138	0.407	0.690	0.124	0.504	0.249	0.078	0.078	0.102	0.224	0.237	0.803	0.101	1.114	0.342	0.108	0.163	0.517	0.078	0.078	0.103	0.335	0.218	0.766	0.119	0.451	0.284	0.107	0.163	0.236	0.078	0.079	0.104	0.463	0.233	0.305	0.125	0.216	0.388	0.119	0.219	0.272	0.078	0.078	0.104	0.729	0.187	0.787	0.125	0.329	0.483	0.113	0.391	0.158	0.078	0.079	0.078	0.079	0.080	0.078	0.079	0.078	0.079	0.079	0.079	0.078	0.078
2:00:00	0.079	0.079	0.079	0.079	0.078	0.079	0.079	0.079	0.080	0.079	0.078	0.079	0.079	0.103	0.239	0.211	0.850	0.127	0.186	1.070	0.130	0.249	0.367	0.078	0.079	0.103	0.193	0.870	1.042	0.138	0.412	0.692	0.126	0.497	0.250	0.078	0.078	0.102	0.231	0.239	0.832	0.102	1.068	0.344	0.109	0.165	0.508	0.078	0.079	0.103	0.323	0.225	0.789	0.120	0.465	0.292	0.108	0.168	0.241	0.079	0.079	0.104	0.483	0.247	0.315	0.127	0.218	0.404	0.120	0.221	0.266	0.079	0.078	0.103	0.750	0.194	0.795	0.126	0.329	0.473	0.114	0.359	0.167	0.078	0.079	0.078	0.079	0.080	0.079	0.079	0.079	0.079	0.079	0.079	0.079	0.078
2:10:00	0.079	0.079	0.079	0.079	0.078	0.078	0.079	0.078	0.080	0.079	0.079	0.079	0.078	0.103	0.243	0.214	0.846	0.128	0.187	1.075	0.131	0.251	0.363	0.078	0.078	0.103	0.198	0.849	1.033	0.138	0.412	0.691	0.125	0.499	0.251	0.078	0.078	0.102	0.229	0.238	0.829	0.101	1.101	0.347	0.110	0.169	0.514	0.078	0.078	0.103	0.334	0.226	0.763	0.120	0.451	0.293	0.108	0.168	0.241	0.078	0.078	0.104	0.467	0.242	0.310	0.127	0.221	0.401	0.121	0.220	0.261	0.078	0.078	0.103	0.734	0.191	0.790	0.126	0.331	0.481	0.115	0.384	0.164	0.078	0.079	0.078	0.079	0.080	0.078	0.079	0.078	0.079	0.079	0.079	0.078	0.078
2:20:00	0.079	0.079	0.079	0.079	0.078	0.079	0.079	0.079	0.080	0.079	0.079	0.079	0.078	0.103	0.247	0.216	0.843	0.128	0.190	1.079	0.131	0.250	0.366	0.078	0.079	0.103	0.197	0.869	1.042	0.138	0.418	0.696	0.127	0.495	0.251	0.078	0.078	0.102	0.235	0.240	0.865	0.101	1.054	0.348	0.111	0.167	0.510	0.078	0.079	0.103	0.318	0.232	0.788	0.121	0.465	0.302	0.109	0.170	0.243	0.079	0.079	0.104	0.488	0.252	0.325	0.128	0.223	0.416	0.122	0.224	0.257	0.078	0.078	0.104	0.749	0.199	0.797	0.127	0.332	0.473	0.115	0.357	0.171	0.078	0.079	0.078	0.079	0.080	0.079	0.079	0.079	0.079	0.079	0.079	0.078	0.078
2:30:00	0.079	0.079	0.079	0.079	0.079	0.079	0.079	0.079	0.080	0.080	0.079	0.079	0.079	0.103	0.252	0.219	0.846	0.128	0.193	1.078	0.132	0.251	0.365	0.078	0.079	0.103	0.200	0.874	1.042	0.138	0.417	0.700	0.128	0.498	0.251	0.079	0.078	0.102	0.240	0.242	0.886	0.101	1.047	0.347	0.111	0.166	0.511	0.078	0.079	0.103	0.322	0.238	0.814	0.121	0.467	0.306	0.109	0.173	0.246	0.079	0.079	0.104	0.492	0.260	0.331	0.129	0.226	0.421	0.122	0.227	0.255	0.079	0.078	0.103	0.755	0.202	0.805	0.128	0.333	0.473	0.116	0.354	0.173	0.078	0.079	0.078	0.079	0.080	0.079	0.079	0.079	0.079	0.079	0.079	0.079	0.079
2:40:00	0.079	0.079	0.079	0.079	0.079	0.079	0.079	0.079	0.080	0.080	0.079	0.079	0.079	0.102	0.255	0.222	0.846	0.128	0.193	1.078	0.133	0.254	0.363	0.078	0.079	0.102	0.206	0.857	1.037	0.138	0.414	0.698	0.127	0.500	0.251	0.079	0.079	0.102	0.239	0.244	0.898	0.101	1.077	0.346	0.112	0.167	0.514	0.078	0.079	0.103	0.341	0.237	0.826	0.122	0.455	0.306	0.110	0.174	0.246	0.079	0.079	0.103	0.478	0.259	0.322	0.129	0.229	0.414	0.123	0.226	0.251	0.079	0.078	0.103	0.748	0.201	0.804	0.128	0.335	0.483	0.117	0.375	0.170	0.078	0.079	0.078	0.079	0.080	0.079	0.079	0.079	0.080	0.079	0.079	0.079	0.079
2:50:00	0.079	0.079	0.079	0.079	0.079	0.079	0.079	0.079	0.080	0.080	0.079	0.079	0.079	0.103	0.259	0.226	0.849	0.129	0.197	1.072	0.133	0.255	0.367	0.078	0.079	0.102	0.205	0.882	1.040	0.139	0.427	0.700	0.130	0.492	0.251	0.079	0.079	0.102	0.247	0.244	0.923	0.101	1.033	0.348	0.113	0.167	0.502	0.078	0.079	0.103	0.324	0.241	0.850	0.122	0.466	0.314	0.111	0.177	0.249	0.079	0.079	0.103	0.499	0.272	0.332	0.131	0.231	0.423	0.124	0.231	0.250	0.079	0.078	0.103	0.769	0.209	0.820	0.129	0.336	0.470	0.117	0.344	0.180	0.078	0.079	0.078	0.079	0.080	0.079	0.079	0.079	0.080	0.079	0.079	0.079	0.079
3:00:00	0.079	0.079	0.079	0.079	0.079	0.079	0.079	0.079	0.080	0.080	0.079	0.079	0.079	0.103	0.264	0.231	0.847	0.130	0.201	1.063	0.133	0.258	0.369	0.078	0.079	0.103	0.208	0.866	1.040	0.139	0.435	0.706	0.131	0.481	0.249	0.079	0.079	0.102	0.251	0.246	0.935	0.101	1.027	0.348	0.113	0.174	0.495	0.078	0.079	0.103	0.320	0.242	0.833	0.123	0.466	0.319	0.111	0.179	0.249	0.079	0.079	0.104	0.506	0.276	0.333	0.131	0.234	0.426	0.124	0.232	0.246	0.078	0.078	0.103	0.767	0.214	0.814	0.131	0.340	0.465	0.118	0.348	0.182	0.078	0.079	0.078	0.079	0.080	0.078	0.079	0.078	0.080	0.079	0.079	0.079	0.078
3:10:00	0.079	0.079	0.079	0.079	0.079	0.079	0.079	0.079	0.080	0.080	0.079	0.079	0.079	0.103	0.271	0.237	0.846	0.131	0.203	1.066	0.134	0.262	0.365	0.078	0.079	0.103	0.213	0.859	1.040	0.139	0.443	0.708	0.131	0.476	0.250	0.079	0.078	0.102	0.255	0.250	0.945	0.102	1.037	0.349	0.114	0.179	0.494	0.078	0.079	0.103	0.321	0.240	0.845	0.124	0.459	0.323	0.111	0.179	0.249	0.079	0.079	0.103	0.504	0.277	0.329	0.132	0.239	0.419	0.124	0.235	0.244	0.079	0.078	0.103	0.759	0.217	0.811	0.131	0.346	0.467	0.118	0.362	0.180	0.078	0.079	0.078	0.079	0.080	0.079	0.079	0.079	0.079	0.079	0.079	0.079	0.079
3:20:00	0.079	0.079	0.079	0.079	0.078	0.079	0.079	0.079	0.081	0.080	0.079	0.079	0.078	0.103	0.284	0.240	0.850	0.132	0.205	1.064	0.134	0.263	0.362	0.078	0.079	0.103	0.220	0.870	1.038	0.140	0.449	0.710	0.131	0.478	0.252	0.078	0.078	0.102	0.259	0.251	0.962	0.102	1.043	0.349	0.114	0.177	0.494	0.078	0.079	0.103	0.331	0.240	0.864	0.125	0.456	0.325	0.112	0.180	0.248	0.079	0.079	0.104	0.505	0.282	0.332	0.133	0.240	0.425	0.125	0.238	0.244	0.078	0.078	0.104	0.768	0.221	0.814	0.132	0.348	0.472	0.119	0.365	0.179	0.078	0.079	0.078	0.079	0.080	0.079	0.079	0.079	0.079	0.079	0.079	0.079	0.079
3:30:00	0.079	0.079	0.079	0.078	0.078	0.078	0.079	0.078	0.081	0.079	0.078	0.079	0.078	0.103	0.291	0.246	0.852	0.133	0.206	1.069	0.134	0.266	0.358	0.078	0.078	0.103	0.231	0.857	1.028	0.140	0.450	0.714	0.130	0.480	0.253	0.078	0.078	0.102	0.261	0.250	0.976	0.101	1.078	0.347	0.114	0.179	0.500	0.078	0.078	0.103	0.356	0.239	1.132	0.125	0.445	0.324	0.112	0.181	0.248	0.078	0.078	0.103	0.489	0.281	0.326	0.132	0.244	0.422	0.125	0.239	0.242	0.078	0.078	0.103	0.767	0.219	0.820	0.133	0.349	0.484	0.119	0.396	0.174	0.078	0.079	0.078	0.079	0.080	0.078	0.079	0.078	0.079	0.079	0.079	0.078	0.078
3:40:00	0.079	0.079	0.079	0.079	0.078	0.079	0.079	0.079	0.081	0.080	0.079	0.079	0.078	0.103	0.316	0.251	0.856	0.134	0.209	1.069	0.135	0.269	0.359	0.078	0.079	0.103	0.239	0.861	1.028	0.140	0.471	0.714	0.131	0.479	0.252	0.078	0.078	0.102	0.267	0.253	1.003	0.101	1.081	0.348	0.115	0.179	0.499	0.078	0.079	0.103	0.365	0.241	1.143	0.126	0.443	0.330	0.113	0.184	0.250	0.079	0.079	0.104	0.490	0.286	0.328	0.133	0.249	0.429	0.126	0.245	0.242	0.079	0.078	0.103	0.782	0.222	0.832	0.133	0.352	0.489	0.120	0.395	0.175	0.078	0.079	0.078	0.079	0.080	0.079	0.079	0.079	0.079	0.079	0.079	0.079	0.079
3:50:00	0.079	0.079	0.079	0.079	0.079	0.079	0.079	0.079	0.081	0.080	0.079	0.079	0.079	0.103	0.319	0.257	0.857	0.135	0.213	1.072	0.135	0.271	0.362	0.078	0.079	0.103	0.239	0.883	1.034	0.141	0.467	0.732	0.133	0.476	0.251	0.079	0.079	0.102	0.279	0.259	1.041	0.102	1.038	0.351	0.116	0.183	0.490	0.078	0.079	0.103	0.353	0.244	1.167	0.127	0.456	0.338	0.113	0.187	0.252	0.079	0.079	0.103	0.512	0.296	0.342	0.134	0.253	0.441	0.126	0.248	0.244	0.079	0.078	0.103	0.805	0.231	0.848	0.134	0.362	0.481	0.121	0.371	0.180	0.079	0.079	0.078	0.079	0.080	0.079	0.079	0.079	0.080	0.079	0.079	0.079	0.079
4:00:00	0.079	0.079	0.079	0.079	0.079	0.079	0.079	0.079	0.081	0.080	0.079	0.079	0.079	0.103	0.345	0.262	0.862	0.136	0.214	1.076	0.136	0.276	0.361	0.078	0.079	0.102	0.246	0.884	1.035	0.141	0.486	0.734	0.133	0.474	0.252	0.079	0.078	0.102	0.289	0.255	1.051	0.101	1.034	0.353	0.116	0.186	0.491	0.078	0.079	0.103	0.354	0.246	1.181	0.127	0.456	0.345	0.113	0.190	0.252	0.079	0.079	0.104	0.516	0.302	0.349	0.135	0.256	0.449	0.126	0.247	0.243	0.079	0.078	0.103	0.812	0.238	0.858	0.134	0.370	0.484	0.121	0.373	0.181	0.078	0.079	0.078	0.079	0.080	0.079	0.079	0.079	0.080	0.079	0.079	0.079	0.079
4:10:00	0.079	0.079	0.079	0.079	0.079	0.079	0.079	0.079	0.080	0.080	0.079	0.079	0.078	0.103	0.392	0.275	0.867	0.136	0.214	1.087	0.136	0.281	0.356	0.078	0.079	0.102	0.261	0.875	1.039	0.141	0.514	0.717	0.132	0.478	0.254	0.079	0.078	0.102	0.295	0.257	1.070	0.101	1.064	0.353	0.117	0.187	0.500	0.078	0.079	0.103	0.372	0.251	1.194	0.127	0.447	0.350	0.113	0.194	0.252	0.079	0.079	0.103	0.507	0.308	0.347	0.134	0.258	0.448	0.127	0.247	0.240	0.078	0.078	0.103	0.821	0.242	0.878	0.133	0.381	0.497	0.122	0.393	0.178	0.078	0.079	0.078	0.079	0.080	0.079	0.079	0.079	0.079	0.079	0.079	0.079	0.079
4:20:00	0.080	0.079	0.079	0.079	0.079	0.079	0.079	0.079	0.080	0.080	0.079	0.079	0.079	0.103	0.358	0.287	0.880	0.137	0.219	1.086	0.136	0.284	0.360	0.079	0.079	0.102	0.262	0.894	1.048	0.142	0.504	0.715	0.133	0.480	0.252	0.079	0.079	0.102	0.308	0.270	1.105	0.101	1.021	0.354	0.117	0.186	0.495	0.079	0.079	0.103	0.364	0.260	1.206	0.128	0.461	0.357	0.114	0.196	0.254	0.079	0.079	0.103	0.530	0.318	0.361	0.135	0.261	0.458	0.127	0.254	0.239	0.079	0.078	0.103	0.840	0.251	0.890	0.133	0.399	0.489	0.122	0.373	0.183	0.079	0.079	0.078	0.079	0.080	0.079	0.079	0.079	0.080	0.079	0.079	0.079	0.079
4:30:00	0.080	0.079	0.079	0.079	0.079	0.079	0.079	0.079	0.080	0.080	0.079	0.080	0.079	0.102	0.372	0.292	0.890	0.137	0.223	1.085	0.136	0.292	0.359	0.079	0.079	0.102	0.288	0.903	1.054	0.142	0.519	0.709	0.134	0.478	0.250	0.079	0.079	0.102	0.324	0.277	1.120	0.101	1.017	0.356	0.118	0.185	0.492	0.079	0.079	0.103	0.370	0.266	1.210	0.128	0.461	0.363	0.114	0.199	0.255	0.079	0.079	0.103	0.539	0.332	0.375	0.135	0.268	0.462	0.127	0.260	0.236	0.079	0.079	0.103	0.851	0.263	0.900	0.133	0.407	0.487	0.123	0.369	0.182	0.079	0.079	0.078	0.079	0.080	0.079	0.079	0.079	0.080	0.079	0.079	0.079	0.079
4:40:00	0.080	0.079	0.079	0.079	0.079	0.079	0.079	0.079	0.080	0.080	0.079	0.079	0.079	0.102	0.419	0.307	0.902	0.138	0.231	1.088	0.136	0.297	0.356	0.079	0.079	0.102	0.314	0.903	1.055	0.143	0.532	0.693	0.135	0.473	0.250	0.079	0.079	0.102	0.341	0.286	1.131	0.101	1.011	0.359	0.118	0.187	0.487	0.078	0.079	0.103	0.373	0.271	1.221	0.129	0.461	0.367	0.114	0.202	0.255	0.079	0.079	0.103	0.548	0.349	0.385	0.136	0.276	0.471	0.128	0.266	0.236	0.079	0.078	0.103	0.872	0.274	0.917	0.134	0.416	0.486	0.123	0.369	0.184	0.079	0.079	0.078	0.079	0.080	0.079	0.079	0.079	0.080	0.079	0.079	0.079	0.079
4:50:00	0.080	0.079	0.079	0.079	0.079	0.079	0.079	0.079	0.081	0.080	0.079	0.080	0.079	0.103	0.437	0.312	0.906	0.139	0.238	1.086	0.136	0.299	0.354	0.079	0.079	0.102	0.332	0.888	1.055	0.143	0.546	0.694	0.135	0.465	0.253	0.079	0.079	0.102	0.355	0.292	1.158	0.102	1.008	0.363	0.119	0.198	0.483	0.079	0.079	0.103	0.371	0.274	1.245	0.129	0.461	0.371	0.115	0.204	0.256	0.079	0.079	0.103	0.561	0.364	0.397	0.136	0.279	0.474	0.128	0.269	0.235	0.079	0.078	0.103	0.885	0.284	0.909	0.135	0.424	0.484	0.123	0.380	0.183	0.079	0.079	0.078	0.079	0.080	0.079	0.079	0.079	0.080	0.079	0.079	0.079	0.079
5:00:00	0.080	0.079	0.079	0.079	0.079	0.079	0.079	0.079	0.081	0.080	0.079	0.080	0.079	0.103	0.443	0.338	0.923	0.139	0.245	1.093	0.136	0.307	0.352	0.078	0.079	0.102	0.343	0.899	1.054	0.143	0.566	0.700	0.135	0.466	0.255	0.079	0.079	0.102	0.378	0.299	1.166	0.102	1.019	0.367	0.119	0.199	0.484	0.078	0.079	0.103	0.382	0.283	1.252	0.129	0.457	0.377	0.115	0.207	0.255	0.079	0.079	0.103	0.568	0.376	0.393	0.135	0.288	0.478	0.128	0.276	0.234	0.079	0.078	0.103	0.905	0.295	0.932	0.135	0.434	0.490	0.124	0.393	0.182	0.079	0.079	0.078	0.079	0.080	0.079	0.079	0.079	0.079	0.079	0.079	0.079	0.079
5:10:00	0.080	0.079	0.079	0.079	0.079	0.079	0.079	0.079	0.081	0.080	0.079	0.079	0.079	0.103	0.461	0.346	0.933	0.140	0.249	1.094	0.137	0.311	0.353	0.079	0.079	0.103	0.359	0.910	1.055	0.144	0.572	0.686	0.135	0.468	0.256	0.079	0.079	0.102	0.396	0.308	1.133	0.102	1.020	0.370	0.120	0.200	0.485	0.078	0.079	0.103	0.398	0.291	1.268	0.129	0.457	0.386	0.115	0.212	0.255	0.079	0.079	0.103	0.580	0.385	0.409	0.135	0.297	0.480	0.128	0.280	0.232	0.079	0.078	0.103	0.928	0.311	0.940	0.136	0.454	0.502	0.125	0.399	0.182	0.078	0.079	0.078	0.079	0.080	0.079	0.079	0.079	0.079	0.079	0.079	0.079	0.079
5:20:00	0.079	0.079	0.079	0.079	0.079	0.079	0.079	0.079	0.081	0.080	0.079	0.079	0.079	0.103	0.475	0.362	0.942	0.140	0.257	1.103	0.137	0.325	0.353	0.079	0.079	0.103	0.385	0.933	1.071	0.144	0.590	0.686	0.135	0.470	0.257	0.079	0.079	0.102	0.422	0.312	1.134	0.102	1.025	0.377	0.120	0.201	0.486	0.079	0.079	0.103	0.420	0.301	1.273	0.129	0.457	0.392	0.116	0.216	0.254	0.079	0.079	0.104	0.586	0.396	0.416	0.135	0.315	0.489	0.129	0.284	0.232	0.079	0.078	0.103	0.943	0.338	0.958	0.136	0.462	0.510	0.125	0.403	0.183	0.079	0.079	0.078	0.079	0.080	0.079	0.079	0.079	0.079	0.079	0.079	0.079	0.079
5:30:00	0.080	0.079	0.079	0.079	0.079	0.079	0.079	0.079	0.081	0.080	0.079	0.080	0.079	0.103	0.512	0.406	0.961	0.141	0.261	1.109	0.137	0.339	0.352	0.079	0.079	0.102	0.400	0.941	1.087	0.144	0.608	0.677	0.135	0.469	0.255	0.079	0.079	0.102	0.450	0.322	1.105	0.102	1.019	0.381	0.121	0.206	0.484	0.079	0.079	0.103	0.433	0.313	1.281	0.129	0.461	0.401	0.116	0.221	0.256	0.079	0.079	0.103	0.597	0.420	0.434	0.136	0.325	0.498	0.129	0.292	0.231	0.079	0.079	0.103	0.965	0.353	0.997	0.137	0.478	0.513	0.126	0.402	0.184	0.079	0.079	0.078	0.079	0.080	0.079	0.079	0.079	0.080	0.079	0.079	0.079	0.079
5:40:00	0.080	0.079	0.079	0.079	0.079	0.079	0.079	0.079	0.081	0.080	0.079	0.080	0.079	0.103	0.537	0.386	0.964	0.140	0.273	1.125	0.137	0.341	0.353	0.079	0.079	0.102	0.405	0.941	1.084	0.145	0.603	0.694	0.135	0.470	0.256	0.079	0.079	0.102	0.463	0.336	1.117	0.102	1.017	0.381	0.121	0.212	0.487	0.079	0.079	0.103	0.437	0.327	1.291	0.129	0.463	0.415	0.116	0.226	0.257	0.079	0.079	0.103	0.608	0.446	0.454	0.137	0.342	0.504	0.129	0.301	0.230	0.079	0.078	0.103	0.976	0.358	0.988	0.138	0.495	0.525	0.126	0.406	0.185	0.079	0.079	0.078	0.079	0.080	0.079	0.079	0.079	0.080	0.079	0.079	0.079	0.079
5:50:00	0.079	0.079	0.079	0.079	0.079	0.079	0.079	0.079	0.081	0.080	0.079	0.080	0.079	0.103	0.544	0.424	0.972	0.141	0.288	1.135	0.137	0.356	0.350	0.079	0.079	0.102	0.429	0.954	1.087	0.144	0.616	0.688	0.134	0.476	0.256	0.079	0.078	0.102	0.504	0.356	1.117	0.101	1.045	0.389	0.121	0.214	0.494	0.078	0.079	0.103	0.477	0.340	1.311	0.129	0.457	0.428	0.116	0.232	0.258	0.079	0.079	0.103	0.611	0.477	0.474	0.136	0.363	0.519	0.128	0.313	0.229	0.079	0.078	0.103	0.999	0.395	1.024	0.137	0.502	0.532	0.126	0.434	0.182	0.079	0.079	0.078	0.079	0.080	0.079	0.079	0.079	0.079	0.079	0.079	0.079	0.079
6:00:00	0.080	0.079	0.079	0.079	0.079	0.079	0.079	0.079	0.081	0.080	0.079	0.080	0.079	0.103	0.542	0.454	0.994	0.141	0.300	1.140	0.137	0.369	0.348	0.079	0.079	0.102	0.473	1.019	1.101	0.145	0.632	0.693	0.135	0.479	0.255	0.079	0.079	0.102	0.571	0.371	1.111	0.101	1.006	0.406	0.121	0.215	0.488	0.079	0.079	0.103	0.472	0.360	1.305	0.129	0.472	0.441	0.117	0.242	0.260	0.079	0.079	0.103	0.652	0.511	0.496	0.137	0.373	0.544	0.129	0.326	0.230	0.079	0.079	0.103	1.029	0.421	1.058	0.138	0.521	0.535	0.126	0.422	0.187	0.079	0.079	0.078	0.079	0.080	0.079	0.079	0.079	0.080	0.079	0.079	0.079	0.079
6:10:00	0.080	0.079	0.080	0.079	0.079	0.079	0.079	0.079	0.081	0.080	0.079	0.080	0.079	0.102	0.546	0.457	0.997	0.141	0.311	1.154	0.138	0.386	0.346	0.079	0.079	0.102	0.476	0.985	1.103	0.145	0.632	0.693	0.134	0.482	0.255	0.079	0.079	0.102	0.630	0.383	1.118	0.101	1.039	0.410	0.121	0.218	0.494	0.079	0.079	0.102	0.497	0.368	1.304	0.129	0.466	0.449	0.117	0.253	0.259	0.079	0.079	0.103	0.654	0.534	0.518	0.137	0.378	0.545	0.129	0.326	0.227	0.079	0.079	0.103	1.038	0.434	1.053	0.138	0.530	0.557	0.127	0.453	0.184	0.079	0.079	0.078	0.079	0.080	0.079	0.079	0.079	0.080	0.079	0.079	0.079	0.079
6:20:00	0.080	0.079	0.079	0.079	0.079	0.079	0.079	0.079	0.081	0.080	0.079	0.080	0.079	0.102	0.583	0.495	1.020	0.141	0.328	1.153	0.138	0.409	0.348	0.079	0.079	0.102	0.506	1.045	1.126	0.146	0.661	0.695	0.136	0.484	0.254	0.079	0.079	0.102	0.666	0.401	1.131	0.102	1.004	0.438	0.122	0.222	0.483	0.079	0.079	0.103	0.495	0.391	1.293	0.130	0.480	0.469	0.117	0.262	0.260	0.079	0.079	0.103	0.689	0.572	0.539	0.138	0.395	0.563	0.130	0.350	0.229	0.079	0.079	0.103	1.071	0.489	1.085	0.139	0.543	0.562	0.128	0.430	0.190	0.079	0.079	0.078	0.079	0.080	0.079	0.079	0.079	0.080	0.079	0.079	0.079	0.079
6:30:00	0.080	0.079	0.080	0.079	0.079	0.079	0.079	0.079	0.081	0.080	0.079	0.080	0.079	0.103	0.624	0.532	1.042	0.141	0.338	1.154	0.138	0.431	0.348	0.079	0.079	0.102	0.552	1.042	1.135	0.146	0.677	0.710	0.136	0.479	0.253	0.079	0.079	0.102	0.704	0.421	1.132	0.102	1.002	0.456	0.122	0.235	0.475	0.079	0.079	0.103	0.508	0.412	1.306	0.130	0.483	0.484	0.118	0.270	0.260	0.079	0.079	0.103	0.707	0.615	0.553	0.138	0.411	0.584	0.130	0.363	0.229	0.079	0.079	0.103	1.085	0.527	1.118	0.140	0.560	0.583	0.128	0.452	0.190	0.079	0.079	0.078	0.079	0.080	0.079	0.079	0.079	0.080	0.079	0.079	0.079	0.079
6:40:00	0.080	0.079	0.079	0.079	0.079	0.079	0.079	0.079	0.081	0.080	0.079	0.080	0.079	0.102	0.601	0.540	1.046	0.141	0.337	1.159	0.139	0.444	0.345	0.079	0.079	0.102	0.559	1.033	1.129	0.146	0.672	0.709	0.135	0.482	0.256	0.079	0.079	0.102	0.751	0.450	1.144	0.102	1.052	0.457	0.122	0.242	0.486	0.079	0.079	0.103	0.543	0.429	1.278	0.130	0.473	0.498	0.118	0.282	0.259	0.079	0.079	0.103	0.700	0.645	0.578	0.138	0.421	0.570	0.130	0.356	0.225	0.079	0.079	0.103	1.101	0.535	1.120	0.140	0.573	0.599	0.128	0.487	0.184	0.079	0.079	0.078	0.079	0.080	0.079	0.079	0.079	0.080	0.079	0.079	0.079	0.079
6:50:00	0.080	0.079	0.079	0.079	0.079	0.079	0.079	0.079	0.081	0.080	0.079	0.080	0.079	0.103	0.644	0.578	1.073	0.141	0.350	1.171	0.139	0.465	0.343	0.079	0.079	0.102	0.595	1.079	1.153	0.147	0.699	0.708	0.136	0.490	0.254	0.079	0.079	0.102	0.801	0.479	1.158	0.102	1.022	0.481	0.123	0.244	0.479	0.079	0.079	0.103	0.564	0.452	1.267	0.130	0.488	0.517	0.118	0.294	0.260	0.079	0.079	0.103	0.734	0.673	0.627	0.140	0.443	0.588	0.131	0.386	0.227	0.079	0.078	0.103	1.137	0.584	1.140	0.141	0.595	0.611	0.129	0.482	0.188	0.078	0.079	0.078	0.079	0.080	0.079	0.079	0.079	0.080	0.079	0.079	0.079	0.079
7:00:00	0.080	0.079	0.079	0.079	0.079	0.079	0.079	0.079	0.081	0.080	0.079	0.080	0.079	0.103	0.636	0.612	1.093	0.141	0.351	1.175	0.139	0.484	0.345	0.079	0.079	0.103	0.611	1.099	1.169	0.148	0.702	0.708	0.137	0.498	0.254	0.079	0.079	0.102	0.848	0.514	1.175	0.102	1.028	0.492	0.123	0.252	0.480	0.079	0.079	0.103	0.593	0.478	1.281	0.131	0.494	0.537	0.118	0.315	0.262	0.079	0.079	0.103	0.745	0.707	0.659	0.141	0.459	0.615	0.131	0.407	0.225	0.079	0.079	0.103	1.159	0.626	1.168	0.141	0.611	0.623	0.129	0.512	0.188	0.079	0.079	0.078	0.079	0.080	0.079	0.079	0.079	0.080	0.079	0.079	0.079	0.079
7:10:00	0.080	0.079	0.080	0.079	0.079	0.079	0.079	0.079	0.081	0.080	0.079	0.080	0.079	0.103	0.642	0.616	1.110	0.138	0.366	1.194	0.139	0.509	0.345	0.079	0.079	0.102	0.625	1.109	1.176	0.148	0.715	0.713	0.137	0.508	0.252	0.079	0.079	0.102	0.883	0.556	1.180	0.102	1.027	0.520	0.123	0.260	0.479	0.079	0.079	0.103	0.620	0.511	1.292	0.131	0.503	0.554	0.119	0.336	0.262	0.079	0.079	0.103	0.771	0.746	0.689	0.141	0.470	0.629	0.131	0.419	0.224	0.079	0.079	0.103	1.185	0.645	1.187	0.141	0.619	0.637	0.130	0.513	0.191	0.079	0.080	0.078	0.079	0.080	0.079	0.079	0.079	0.080	0.079	0.079	0.079	0.079
7:20:00	0.080	0.079	0.080	0.079	0.079	0.079	0.079	0.079	0.081	0.080	0.079	0.080	0.079	0.103	0.672	0.652	1.139	0.136	0.377	1.199	0.140	0.542	0.345	0.079	0.079	0.102	0.667	1.128	1.193	0.148	0.733	0.726	0.137	0.513	0.251	0.079	0.079	0.102	0.920	0.592	1.199	0.102	1.025	0.527	0.124	0.270	0.478	0.079	0.079	0.103	0.649	0.539	1.303	0.132	0.511	0.571	0.119	0.360	0.263	0.079	0.079	0.103	0.795	0.783	0.726	0.142	0.488	0.639	0.131	0.439	0.222	0.079	0.079	0.103	1.202	0.677	1.196	0.141	0.641	0.665	0.130	0.541	0.192	0.079	0.079	0.077	0.079	0.080	0.079	0.079	0.079	0.080	0.079	0.079	0.079	0.079
7:30:00	0.080	0.079	0.079	0.079	0.079	0.079	0.079	0.079	0.081	0.080	0.079	0.080	0.079	0.102	0.685	0.666	1.160	0.138	0.386	1.209	0.140	0.569	0.345	0.079	0.079	0.102	0.684	1.139	1.199	0.148	0.740	0.732	0.136	0.526	0.253	0.079	0.079	0.102	0.959	0.636	1.209	0.102	1.063	0.535	0.124	0.283	0.489	0.079	0.079	0.103	0.676	0.567	1.303	0.132	0.512	0.589	0.119	0.385	0.263	0.079	0.079	0.103	0.805	0.816	0.758	0.143	0.506	0.650	0.131	0.446	0.219	0.079	0.078	0.103	1.217	0.710	1.214	0.142	0.657	0.691	0.130	0.575	0.188	0.079	0.079	0.077	0.079	0.080	0.079	0.079	0.079	0.080	0.079	0.079	0.079	0.079
7:40:00	0.080	0.079	0.080	0.079	0.079	0.079	0.079	0.079	0.081	0.080	0.080	0.080	0.079	0.103	0.691	0.698	1.170	0.140	0.404	1.211	0.140	0.605	0.348	0.079	0.079	0.102	0.687	1.163	1.215	0.148	0.758	0.741	0.137	0.547	0.251	0.079	0.079	0.102	1.004	0.680	1.215	0.102	1.026	0.561	0.125	0.290	0.485	0.079	0.079	0.103	0.697	0.596	1.326	0.133	0.536	0.610	0.119	0.419	0.265	0.079	0.079	0.103	0.849	0.853	0.796	0.144	0.525	0.679	0.132	0.463	0.221	0.079	0.079	0.103	1.247	0.750	1.237	0.143	0.672	0.704	0.130	0.571	0.193	0.079	0.079	0.078	0.079	0.080	0.079	0.079	0.079	0.080	0.079	0.079	0.079	0.079
7:50:00	0.080	0.080	0.080	0.079	0.079	0.079	0.079	0.079	0.081	0.080	0.080	0.080	0.079	0.102	0.728	0.733	1.190	0.141	0.424	1.225	0.141	0.637	0.339	0.079	0.079	0.102	0.716	1.179	1.238	0.148	0.770	0.743	0.137	0.578	0.251	0.079	0.079	0.102	1.041	0.717	1.237	0.102	1.060	0.570	0.125	0.303	0.489	0.079	0.079	0.102	0.754	0.627	1.334	0.133	0.537	0.627	0.120	0.451	0.265	0.079	0.079	0.102	0.862	0.883	0.831	0.144	0.544	0.701	0.132	0.484	0.220	0.079	0.079	0.102	1.259	0.782	1.249	0.145	0.688	0.727	0.131	0.606	0.190	0.079	0.079	0.078	0.079	0.080	0.079	0.079	0.079	0.080	0.079	0.079	0.079	0.079
8:00:00	0.080	0.079	0.080	0.079	0.079	0.079	0.079	0.079	0.081	0.080	0.079	0.080	0.079	0.102	0.725	0.737	1.199	0.143	0.444	1.216	0.140	0.671	0.345	0.079	0.079	0.102	0.733	1.205	1.250	0.148	0.775	0.749	0.139	0.570	0.251	0.079	0.079	0.102	1.065	0.767	1.228	0.102	1.028	0.565	0.126	0.321	0.478	0.079	0.079	0.102	0.768	0.675	1.345	0.133	0.551	0.651	0.120	0.488	0.266	0.079	0.079	0.103	0.901	0.914	0.864	0.145	0.566	0.718	0.133	0.498	0.221	0.079	0.079	0.102	1.283	0.822	1.266	0.147	0.691	0.727	0.132	0.580	0.195	0.079	0.079	0.078	0.079	0.080	0.079	0.079	0.079	0.080	0.079	0.079	0.079	0.079
8:10:00	0.080	0.080	0.080	0.079	0.079	0.079	0.079	0.079	0.081	0.080	0.080	0.080	0.079	0.102	0.745	0.760	1.216	0.148	0.457	1.226	0.141	0.707	0.345	0.079	0.079	0.102	0.766	1.213	1.259	0.148	0.797	0.758	0.140	0.589	0.250	0.079	0.079	0.102	1.086	0.804	1.245	0.102	1.035	0.595	0.126	0.348	0.472	0.079	0.079	0.103	0.799	0.714	1.371	0.134	0.567	0.672	0.120	0.531	0.265	0.079	0.079	0.103	0.925	0.942	0.885	0.145	0.588	0.733	0.133	0.516	0.222	0.079	0.079	0.103	1.293	0.857	1.271	0.147	0.695	0.730	0.133	0.602	0.194	0.079	0.079	0.077	0.079	0.080	0.079	0.079	0.079	0.080	0.079	0.079	0.079	0.079
8:20:00	0.080	0.079	0.080	0.079	0.079	0.079	0.079	0.079	0.081	0.080	0.080	0.080	0.079	0.102	0.768	0.784	1.236	0.150	0.474	1.243	0.141	0.742	0.347	0.079	0.079	0.102	0.793	1.231	1.275	0.148	0.823	0.766	0.140	0.586	0.251	0.079	0.079	0.102	1.109	0.835	1.278	0.102	1.058	0.642	0.127	0.371	0.474	0.079	0.079	0.103	0.842	0.763	1.374	0.134	0.581	0.689	0.120	0.581	0.264	0.079	0.079	0.103	0.943	0.966	0.909	0.146	0.612	0.757	0.133	0.541	0.223	0.079	0.079	0.103	1.304	0.887	1.283	0.151	0.713	0.744	0.133	0.631	0.194	0.079	0.079	0.078	0.079	0.080	0.079	0.079	0.079	0.080	0.079	0.079	0.079	0.079
8:30:00	0.080	0.079	0.079	0.079	0.079	0.079	0.079	0.079	0.081	0.080	0.079	0.079	0.079	0.102	0.788	0.817	1.258	0.152	0.496	1.233	0.142	0.774	0.340	0.079	0.079	0.102	0.833	1.240	1.286	0.147	0.830	0.783	0.139	0.593	0.254	0.079	0.079	0.102	1.128	0.862	1.275	0.102	1.098	0.629	0.126	0.397	0.482	0.079	0.079	0.103	0.882	0.806	1.376	0.135	0.581	0.701	0.120	0.628	0.264	0.079	0.079	0.103	0.953	0.988	0.929	0.146	0.634	0.768	0.133	0.556	0.219	0.079	0.079	0.103	1.313	0.915	1.291	0.151	0.728	0.767	0.133	0.671	0.191	0.079	0.079	0.077	0.079	0.080	0.079	0.079	0.079	0.080	0.079	0.079	0.079	0.079
8:40:00	0.080	0.079	0.079	0.079	0.079	0.079	0.079	0.079	0.082	0.080	0.079	0.079	0.079	0.103	0.810	0.844	1.274	0.153	0.518	1.247	0.142	0.807	0.351	0.079	0.079	0.102	0.862	1.260	1.303	0.148	0.856	0.802	0.139	0.619	0.254	0.079	0.079	0.102	1.146	0.893	1.296	0.102	1.113	0.640	0.127	0.425	0.482	0.079	0.079	0.103	0.915	0.849	1.385	0.135	0.589	0.715	0.121	0.685	0.264	0.079	0.079	0.103	0.977	1.010	0.954	0.146	0.661	0.790	0.133	0.580	0.220	0.079	0.079	0.103	1.327	0.943	1.303	0.150	0.750	0.785	0.133	0.703	0.190	0.079	0.079	0.078	0.079	0.080	0.079	0.079	0.079	0.080	0.079	0.079	0.079	0.079
8:50:00	0.080	0.080	0.080	0.079	0.079	0.079	0.079	0.079	0.081	0.080	0.079	0.079	0.079	0.103	0.830	0.874	1.288	0.155	0.544	1.252	0.143	0.837	0.347	0.079	0.079	0.102	0.883	1.287	1.323	0.148	0.863	0.819	0.141	0.634	0.253	0.079	0.079	0.102	1.161	0.925	1.304	0.102	1.087	0.651	0.127	0.456	0.478	0.079	0.079	0.103	0.945	0.896	1.406	0.136	0.615	0.729	0.122	0.731	0.267	0.079	0.079	0.103	1.010	1.032	0.982	0.148	0.686	0.818	0.134	0.594	0.224	0.079	0.079	0.103	1.350	0.972	1.320	0.149	0.763	0.794	0.134	0.703	0.194	0.079	0.079	0.078	0.079	0.080	0.079	0.079	0.079	0.080	0.080	0.080	0.079	0.079
9:00:00	0.080	0.080	0.080	0.079	0.079	0.079	0.079	0.079	0.081	0.080	0.079	0.079	0.079	0.102	0.855	0.898	1.301	0.155	0.575	1.263	0.143	0.868	0.347	0.079	0.079	0.102	0.914	1.289	1.336	0.147	0.882	0.831	0.140	0.654	0.254	0.079	0.079	0.102	1.175	0.953	1.308	0.102	1.139	0.665	0.127	0.497	0.484	0.079	0.079	0.103	0.981	0.944	1.409	0.136	0.621	0.738	0.122	0.796	0.266	0.079	0.079	0.103	1.024	1.049	0.999	0.147	0.710	0.835	0.134	0.613	0.223	0.079	0.079	0.103	1.354	0.995	1.325	0.149	0.773	0.818	0.134	0.735	0.191	0.079	0.079	0.077	0.079	0.080	0.079	0.079	0.079	0.080	0.079	0.079	0.079	0.079
9:10:00	0.080	0.080	0.080	0.079	0.079	0.079	0.079	0.079	0.081	0.080	0.080	0.080	0.079	0.102	0.873	0.919	1.314	0.157	0.604	1.284	0.143	0.896	0.344	0.079	0.079	0.102	0.934	1.310	1.350	0.147	0.906	0.849	0.141	0.678	0.254	0.079	0.079	0.102	1.190	0.982	1.321	0.102	1.126	0.682	0.127	0.535	0.480	0.079	0.079	0.103	0.997	0.978	1.424	0.137	0.659	0.751	0.122	0.844	0.267	0.080	0.079	0.103	1.056	1.073	1.028	0.148	0.735	0.864	0.134	0.638	0.222	0.079	0.079	0.103	1.370	1.017	1.340	0.152	0.787	0.826	0.134	0.738	0.195	0.079	0.079	0.077	0.079	0.080	0.079	0.079	0.079	0.080	0.079	0.079	0.079	0.079
9:20:00	0.080	0.080	0.080	0.079	0.079	0.079	0.079	0.079	0.081	0.080	0.080	0.080	0.079	0.102	0.891	0.938	1.325	0.158	0.630	1.289	0.144	0.922	0.341	0.079	0.079	0.102	0.953	1.326	1.364	0.148	0.909	0.869	0.141	0.682	0.255	0.079	0.079	0.102	1.202	1.007	1.327	0.102	1.127	0.673	0.128	0.575	0.484	0.079	0.079	0.103	1.026	1.018	1.433	0.138	0.678	0.757	0.123	0.894	0.268	0.080	0.079	0.103	1.077	1.091	1.051	0.149	0.757	0.889	0.135	0.649	0.223	0.079	0.079	0.103	1.382	1.039	1.353	0.154	0.802	0.840	0.133	0.757	0.195	0.079	0.079	0.078	0.079	0.080	0.079	0.079	0.079	0.080	0.080	0.079	0.079	0.079
9:30:00	0.080	0.080	0.080	0.079	0.079	0.080	0.080	0.079	0.081	0.081	0.080	0.080	0.079	0.102	0.913	0.959	1.335	0.158	0.672	1.297	0.145	0.946	0.342	0.079	0.079	0.102	0.971	1.341	1.375	0.148	0.932	0.895	0.141	0.700	0.254	0.080	0.079	0.102	1.214	1.030	1.333	0.102	1.134	0.697	0.128	0.613	0.485	0.079	0.079	0.102	1.054	1.043	1.444	0.138	0.696	0.760	0.123	0.944	0.267	0.080	0.079	0.103	1.097	1.106	1.069	0.149	0.776	0.917	0.135	0.670	0.222	0.080	0.079	0.102	1.390	1.057	1.363	0.152	0.814	0.856	0.134	0.781	0.196	0.079	0.079	0.078	0.079	0.080	0.079	0.079	0.079	0.080	0.080	0.080	0.080	0.079
9:40:00	0.080	0.080	0.080	0.079	0.079	0.079	0.079	0.079	0.081	0.080	0.080	0.080	0.079	0.102	0.939	0.979	1.347	0.159	0.707	1.312	0.147	0.968	0.337	0.079	0.079	0.102	0.994	1.346	1.386	0.147	0.956	0.916	0.141	0.712	0.253	0.079	0.079	0.102	1.226	1.049	1.350	0.102	1.172	0.711	0.129	0.651	0.487	0.079	0.079	0.102	1.086	1.069	1.447	0.139	0.711	0.759	0.123	0.987	0.266	0.080	0.079	0.102	1.106	1.118	1.080	0.149	0.791	0.935	0.136	0.689	0.221	0.079	0.079	0.102	1.396	1.073	1.368	0.157	0.819	0.880	0.134	0.819	0.194	0.079	0.079	0.078	0.079	0.080	0.079	0.079	0.079	0.080	0.079	0.079	0.079	0.079
9:50:00	0.080	0.080	0.080	0.079	0.079	0.079	0.079	0.079	0.081	0.080	0.080	0.080	0.079	0.102	0.957	0.995	1.357	0.160	0.746	1.312	0.148	0.992	0.341	0.079	0.079	0.102	1.007	1.365	1.400	0.147	0.964	0.927	0.143	0.715	0.253	0.079	0.079	0.102	1.239	1.072	1.352	0.102	1.153	0.712	0.129	0.688	0.473	0.079	0.079	0.103	1.087	1.097	1.468	0.139	0.725	0.765	0.124	1.028	0.269	0.080	0.079	0.103	1.136	1.135	1.100	0.152	0.804	0.963	0.136	0.700	0.224	0.079	0.079	0.103	1.409	1.092	1.377	0.158	0.820	0.886	0.135	0.825	0.198	0.079	0.079	0.078	0.079	0.080	0.079	0.079	0.079	0.080	0.080	0.079	0.079	0.079
10:00:01	0.080	0.080	0.080	0.080	0.079	0.080	0.080	0.080	0.081	0.081	0.080	0.080	0.079	0.102	0.980	1.012	1.363	0.160	0.795	1.329	0.144	1.012	0.340	0.079	0.079	0.102	1.026	1.366	1.409	0.146	0.988	0.951	0.143	0.727	0.254	0.080	0.079	0.102	1.250	1.090	1.356	0.102	1.187	0.739	0.130	0.729	0.473	0.079	0.079	0.103	1.103	1.116	1.475	0.139	0.739	0.767	0.124	1.064	0.268	0.080	0.079	0.103	1.149	1.146	1.112	0.150	0.815	0.982	0.136	0.722	0.223	0.079	0.079	0.103	1.408	1.106	1.380	0.157	0.832	0.904	0.136	0.865	0.197	0.079	0.079	0.077	0.079	0.080	0.079	0.079	0.079	0.080	0.079	0.079	0.079	0.079
10:10:01	0.080	0.080	0.080	0.080	0.079	0.080	0.079	0.079	0.081	0.081	0.080	0.080	0.079	0.103	1.000	1.028	1.374	0.161	0.840	1.336	0.142	1.032	0.341	0.079	0.079	0.102	1.043	1.377	1.418	0.145	0.991	0.969	0.143	0.740	0.255	0.079	0.079	0.102	1.261	1.107	1.368	0.102	1.208	0.735	0.130	0.760	0.472	0.079	0.079	0.103	1.125	1.141	1.478	0.139	0.741	0.768	0.124	1.091	0.269	0.080	0.079	0.103	1.163	1.158	1.125	0.151	0.821	1.002	0.137	0.737	0.224	0.080	0.079	0.103	1.418	1.122	1.389	0.154	0.838	0.921	0.138	0.891	0.198	0.079	0.079	0.078	0.079	0.080	0.079	0.079	0.079	0.080	0.080	0.080	0.079	0.079
10:20:01	0.080	0.080	0.080	0.079	0.079	0.079	0.079	0.079	0.082	0.080	0.079	0.080	0.079	0.102	1.024	1.045	1.383	0.162	0.863	1.352	0.142	1.050	0.340	0.079	0.079	0.102	1.063	1.379	1.424	0.146	1.002	0.990	0.141	0.746	0.254	0.079	0.079	0.102	1.271	1.122	1.382	0.102	1.259	0.748	0.130	0.791	0.481	0.079	0.079	0.103	1.149	1.157	1.478	0.139	0.744	0.767	0.124	1.115	0.268	0.079	0.079	0.103	1.168	1.168	1.135	0.151	0.828	1.022	0.137	0.757	0.220	0.079	0.079	0.103	1.419	1.134	1.392	0.151	0.853	0.948	0.137	0.939	0.193	0.078	0.078	0.077	0.079	0.080	0.079	0.079	0.079	0.080	0.079	0.079	0.079	0.079
10:30:01	0.080	0.080	0.080	0.079	0.079	0.079	0.079	0.079	0.081	0.080	0.079	0.079	0.079	0.102	1.041	1.060	1.392	0.163	0.897	1.367	0.143	1.068	0.339	0.079	0.079	0.102	1.075	1.399	1.435	0.147	1.029	1.020	0.143	0.768	0.251	0.079	0.079	0.102	1.282	1.138	1.390	0.102	1.256	0.775	0.131	0.817	0.474	0.079	0.079	0.103	1.160	1.174	1.495	0.139	0.769	0.772	0.124	1.140	0.268	0.079	0.079	0.103	1.191	1.180	1.154	0.151	0.828	1.062	0.137	0.772	0.222	0.080	0.079	0.103	1.435	1.149	1.405	0.149	0.866	0.961	0.136	0.947	0.197	0.079	0.079	0.078	0.079	0.080	0.079	0.079	0.079	0.080	0.080	0.080	0.079	0.079
10:40:01	0.080	0.080	0.080	0.080	0.080	0.079	0.080	0.080	0.081	0.081	0.080	0.079	0.079	0.102	1.061	1.076	1.400	0.165	0.916	1.387	0.145	1.085	0.338	0.079	0.079	0.102	1.090	1.407	1.444	0.147	1.055	1.048	0.143	0.782	0.249	0.080	0.079	0.102	1.292	1.153	1.398	0.102	1.267	0.790	0.132	0.847	0.471	0.079	0.079	0.103	1.176	1.185	1.506	0.139	0.778	0.777	0.125	1.163	0.270	0.079	0.079	0.103	1.206	1.191	1.166	0.152	0.831	1.108	0.138	0.792	0.225	0.080	0.079	0.103	1.444	1.162	1.412	0.148	0.880	0.979	0.135	0.970	0.199	0.079	0.079	0.078	0.079	0.080	0.079	0.080	0.079	0.080	0.080	0.080	0.079	0.079
10:50:01	0.080	0.080	0.080	0.079	0.080	0.080	0.080	0.080	0.081	0.081	0.080	0.080	0.079	0.102	1.079	1.091	1.408	0.166	0.946	1.393	0.146	1.101	0.338	0.079	0.079	0.102	1.104	1.416	1.452	0.149	1.049	1.083	0.143	0.788	0.250	0.080	0.079	0.102	1.301	1.166	1.408	0.102	1.272	0.784	0.132	0.872	0.476	0.079	0.079	0.103	1.187	1.195	1.514	0.138	0.786	0.780	0.125	1.179	0.271	0.079	0.079	0.103	1.219	1.202	1.179	0.152	0.825	1.156	0.138	0.807	0.221	0.080	0.079	0.103	1.449	1.174	1.418	0.147	0.887	0.998	0.135	0.992	0.199	0.079	0.079	0.077	0.079	0.080	0.079	0.079	0.079	0.080	0.080	0.080	0.079	0.079
11:00:01	0.080	0.080	0.080	0.079	0.079	0.080	0.079	0.079	0.081	0.080	0.080	0.080	0.079	0.102	1.094	1.105	1.416	0.168	1.001	1.406	0.147	1.115	0.336	0.079	0.079	0.102	1.117	1.424	1.459	0.149	1.068	1.119	0.143	0.798	0.253	0.080	0.079	0.102	1.309	1.180	1.417	0.102	1.294	0.799	0.132	0.892	0.476	0.079	0.079	0.103	1.200	1.204	1.522	0.138	0.808	0.786	0.125	1.194	0.274	0.079	0.079	0.103	1.233	1.212	1.192	0.152	0.822	1.198	0.137	0.820	0.222	0.080	0.079	0.103	1.455	1.185	1.426	0.148	0.903	1.017	0.136	1.013	0.199	0.079	0.079	0.077	0.079	0.080	0.079	0.079	0.079	0.080	0.080	0.080	0.079	0.079
11:10:01	0.080	0.080	0.080	0.080	0.080	0.080	0.080	0.080	0.081	0.081	0.080	0.080	0.079	0.102	1.109	1.117	1.423	0.169	1.083	1.418	0.147	1.129	0.334	0.080	0.079	0.102	1.128	1.432	1.467	0.149	1.093	1.155	0.143	0.819	0.253	0.080	0.079	0.102	1.317	1.190	1.425	0.102	1.312	0.817	0.132	0.909	0.478	0.080	0.079	0.102	1.214	1.218	1.529	0.139	0.818	0.790	0.125	1.209	0.273	0.080	0.080	0.103	1.245	1.220	1.203	0.153	0.822	1.235	0.138	0.832	0.224	0.080	0.079	0.103	1.462	1.193	1.434	0.148	0.916	1.036	0.139	1.032	0.200	0.079	0.079	0.078	0.080	0.080	0.079	0.080	0.080	0.080	0.080	0.080	0.079	0.079
11:20:01	0.080	0.080	0.080	0.080	0.080	0.080	0.080	0.080	0.081	0.081	0.080	0.080	0.079	0.102	1.125	1.127	1.430	0.170	1.268	1.427	0.145	1.141	0.331	0.079	0.079	0.102	1.141	1.436	1.472	0.151	1.099	1.194	0.142	0.823	0.255	0.080	0.079	0.102	1.323	1.199	1.438	0.102	1.346	0.826	0.131	0.923	0.485	0.080	0.079	0.102	1.233	1.231	1.527	0.139	0.825	0.791	0.125	1.221	0.273	0.080	0.080	0.102	1.248	1.225	1.207	0.152	0.814	1.262	0.138	0.846	0.222	0.080	0.079	0.102	1.463	1.200	1.436	0.148	0.924	1.058	0.135	1.063	0.197	0.079	0.079	0.078	0.079	0.080	0.079	0.080	0.080	0.080	0.080	0.080	0.079	0.079
11:30:01	0.080	0.080	0.080	0.080	0.080	0.080	0.080	0.080	0.081	0.081	0.080	0.080	0.079	0.102	1.137	1.137	1.436	0.171	1.353	1.437	0.148	1.153	0.330	0.079	0.079	0.102	1.149	1.449	1.481	0.153	1.114	1.226	0.144	0.826	0.253	0.080	0.079	0.102	1.331	1.210	1.443	0.102	1.331	0.844	0.131	0.937	0.473	0.079	0.079	0.102	1.234	1.242	1.544	0.139	0.842	0.800	0.125	1.233	0.273	0.079	0.079	0.102	1.268	1.236	1.221	0.153	0.813	1.298	0.139	0.859	0.224	0.080	0.079	0.102	1.473	1.210	1.444	0.150	0.940	1.070	0.132	1.065	0.202	0.079	0.079	0.078	0.079	0.080	0.079	0.079	0.079	0.080	0.080	0.080	0.079	0.079
11:40:01	0.080	0.080	0.080	0.080	0.080	0.080	0.080	0.080	0.081	0.081	0.080	0.080	0.079	0.102	1.152	1.147	1.441	0.173	1.427	1.448	0.148	1.164	0.329	0.079	0.079	0.102	1.162	1.441	1.485	0.151	1.129	1.248	0.144	0.835	0.253	0.080	0.079	0.102	1.337	1.218	1.451	0.102	1.368	0.850	0.131	0.957	0.477	0.080	0.079	0.102	1.252	1.256	1.549	0.140	0.844	0.808	0.126	1.243	0.273	0.080	0.080	0.103	1.271	1.240	1.223	0.152	0.808	1.320	0.139	0.884	0.221	0.080	0.079	0.102	1.468	1.217	1.439	0.153	0.949	1.093	0.136	1.102	0.197	0.079	0.079	0.077	0.079	0.080	0.079	0.079	0.079	0.080	0.080	0.080	0.079	0.079
11:50:01	0.080	0.080	0.080	0.080	0.080	0.080	0.080	0.080	0.081	0.081	0.080	0.080	0.079	0.102	1.163	1.158	1.447	0.173	1.447	1.455	0.148	1.175	0.327	0.079	0.079	0.102	1.169	1.452	1.492	0.152	1.146	1.271	0.145	0.842	0.252	0.080	0.079	0.102	1.343	1.227	1.460	0.102	1.360	0.867	0.132	0.965	0.472	0.079	0.079	0.102	1.256	1.265	1.557	0.140	0.847	0.815	0.126	1.250	0.274	0.079	0.079	0.103	1.285	1.248	1.233	0.153	0.803	1.361	0.140	0.899	0.223	0.080	0.079	0.103	1.474	1.225	1.446	0.155	0.964	1.106	0.138	1.111	0.201	0.079	0.079	0.077	0.079	0.080	0.079	0.079	0.079	0.080	0.080	0.080	0.079	0.079
12:00:01	0.080	0.080	0.080	0.080	0.080	0.080	0.080	0.080	0.081	0.081	0.080	0.080	0.079	0.102	1.176	1.167	1.453	0.174	1.472	1.466	0.151	1.185	0.326	0.079	0.079	0.102	1.179	1.460	1.498	0.155	1.158	1.305	0.145	0.856	0.253	0.080	0.079	0.102	1.349	1.236	1.468	0.102	1.385	0.897	0.132	0.973	0.473	0.079	0.079	0.103	1.274	1.277	1.563	0.140	0.859	0.822	0.127	1.259	0.275	0.079	0.079	0.103	1.293	1.254	1.240	0.153	0.798	1.397	0.140	0.917	0.224	0.080	0.079	0.103	1.480	1.233	1.453	0.158	0.978	1.126	0.138	1.127	0.201	0.079	0.079	0.077	0.079	0.080	0.079	0.079	0.079	0.080	0.080	0.080	0.079	0.079
12:10:01	0.080	0.080	0.080	0.080	0.080	0.080	0.080	0.080	0.081	0.081	0.080	0.080	0.079	0.102	1.186	1.175	1.459	0.174	1.486	1.475	0.151	1.193	0.326	0.079	0.079	0.102	1.188	1.465	1.504	0.157	1.167	1.338	0.145	0.870	0.251	0.080	0.079	0.102	1.355	1.243	1.478	0.102	1.393	0.895	0.132	0.979	0.476	0.079	0.079	0.103	1.289	1.287	1.567	0.140	0.877	0.827	0.127	1.265	0.276	0.079	0.080	0.103	1.300	1.259	1.247	0.155	0.796	1.428	0.141	0.935	0.223	0.080	0.079	0.103	1.486	1.239	1.459	0.161	0.981	1.144	0.142	1.145	0.201	0.079	0.079	0.078	0.080	0.080	0.079	0.080	0.079	0.080	0.080	0.080	0.079	0.079
12:20:01	0.080	0.080	0.080	0.080	0.080	0.080	0.080	0.080	0.081	0.081	0.080	0.080	0.080	0.102	1.198	1.184	1.464	0.173	1.499	1.484	0.154	1.201	0.326	0.079	0.080	0.102	1.196	1.472	1.508	0.157	1.178	1.421	0.146	0.884	0.253	0.080	0.079	0.102	1.360	1.251	1.484	0.102	1.400	0.907	0.132	0.986	0.472	0.080	0.079	0.103	1.299	1.298	1.575	0.140	0.890	0.836	0.128	1.272	0.278	0.079	0.080	0.103	1.308	1.264	1.254	0.154	0.795	1.457	0.142	0.948	0.225	0.080	0.079	0.103	1.491	1.245	1.463	0.162	0.992	1.159	0.135	1.158	0.202	0.079	0.079	0.078	0.080	0.080	0.079	0.080	0.080	0.080	0.080	0.080	0.079	0.079
12:30:01	0.080	0.080	0.080	0.080	0.080	0.080	0.080	0.080	0.081	0.081	0.080	0.080	0.080	0.102	1.209	1.192	1.469	0.174	1.509	1.493	0.155	1.209	0.327	0.079	0.080	0.102	1.203	1.474	1.513	0.158	1.187	1.493	0.146	0.891	0.252	0.080	0.079	0.102	1.364	1.257	1.490	0.102	1.407	0.922	0.133	0.994	0.474	0.080	0.079	0.102	1.307	1.310	1.583	0.141	0.900	0.845	0.128	1.278	0.279	0.080	0.080	0.103	1.316	1.270	1.263	0.156	0.793	1.457	0.142	0.965	0.224	0.080	0.079	0.103	1.496	1.252	1.467	0.164	1.004	1.174	0.138	1.171	0.202	0.079	0.079	0.077	0.080	0.080	0.079	0.080	0.080	0.080	0.080	0.080	0.079	0.079
12:40:01	0.080	0.080	0.080	0.080	0.080	0.080	0.080	0.080	0.081	0.081	0.080	0.080	0.080	0.102	1.220	1.200	1.474	0.174	1.517	1.502	0.158	1.216	0.329	0.079	0.079	0.102	1.210	1.480	1.517	0.160	1.196	1.514	0.145	0.904	0.249	0.080	0.079	0.102	1.369	1.265	1.502	0.102	1.413	0.932	0.134	0.997	0.479	0.080	0.079	0.102	1.314	1.321	1.589	0.141	0.912	0.858	0.129	1.283	0.281	0.080	0.080	0.103	1.324	1.277	1.271	0.157	0.793	1.432	0.142	0.978	0.224	0.080	0.079	0.103	1.499	1.259	1.472	0.165	1.010	1.188	0.141	1.183	0.203	0.079	0.079	0.077	0.079	0.080	0.079	0.079	0.080	0.080	0.080	0.080	0.079	0.079
12:50:01	0.080	0.080	0.080	0.080	0.080	0.080	0.080	0.080	0.081	0.081	0.080	0.080	0.079	0.102	1.231	1.207	1.478	0.174	1.533	1.509	0.159	1.223	0.329	0.079	0.080	0.102	1.218	1.479	1.520	0.162	1.206	1.534	0.145	0.923	0.252	0.079	0.080	0.102	1.372	1.270	1.511	0.102	1.440	0.940	0.133	1.000	0.487	0.080	0.079	0.102	1.332	1.333	1.586	0.142	0.918	0.867	0.129	1.288	0.281	0.080	0.080	0.103	1.324	1.279	1.274	0.156	0.794	1.295	0.143	0.997	0.224	0.080	0.079	0.102	1.498	1.262	1.473	0.165	1.026	1.206	0.139	1.205	0.200	0.079	0.079	0.078	0.080	0.080	0.079	0.080	0.080	0.080	0.080	0.080	0.079	0.079
13:00:01	0.080	0.080	0.080	0.080	0.080	0.080	0.080	0.080	0.081	0.081	0.080	0.080	0.080	0.102	1.240	1.214	1.483	0.174	1.538	1.517	0.161	1.228	0.332	0.079	0.080	0.102	1.223	1.485	1.524	0.162	1.217	1.550	0.146	0.936	0.253	0.079	0.080	0.102	1.375	1.276	1.518	0.102	1.444	0.940	0.133	1.002	0.489	0.080	0.080	0.102	1.340	1.341	1.591	0.142	0.924	0.877	0.129	1.292	0.282	0.080	0.080	0.102	1.331	1.283	1.279	0.157	0.794	1.283	0.143	1.009	0.224	0.080	0.079	0.102	1.503	1.268	1.479	0.165	1.032	1.216	0.141	1.216	0.200	0.080	0.079	0.078	0.080	0.080	0.080	0.080	0.080	0.081	0.080	0.080	0.080	0.079
13:10:01	0.080	0.080	0.080	0.080	0.080	0.080	0.080	0.080	0.081	0.081	0.080	0.080	0.080	0.102	1.248	1.219	1.486	0.174	1.544	1.522	0.162	1.233	0.335	0.079	0.079	0.102	1.228	1.491	1.529	0.162	1.226	1.563	0.146	0.944	0.251	0.079	0.079	0.102	1.379	1.281	1.524	0.103	1.448	0.951	0.134	1.002	0.483	0.080	0.079	0.102	1.347	1.349	1.598	0.143	0.938	0.888	0.128	1.295	0.283	0.080	0.080	0.102	1.338	1.288	1.283	0.157	0.795	1.294	0.142	1.025	0.222	0.080	0.079	0.102	1.506	1.273	1.480	0.166	1.049	1.224	0.144	1.224	0.201	0.079	0.079	0.078	0.080	0.080	0.079	0.080	0.080	0.080	0.080	0.080	0.079	0.079
13:20:01	0.080	0.080	0.080	0.080	0.080	0.080	0.080	0.080	0.081	0.081	0.080	0.080	0.080	0.102	1.257	1.226	1.490	0.174	1.550	1.529	0.164	1.239	0.338	0.079	0.079	0.102	1.234	1.493	1.534	0.164	1.237	1.575	0.146	0.949	0.248	0.079	0.079	0.101	1.382	1.287	1.530	0.103	1.455	0.968	0.134	1.006	0.482	0.080	0.079	0.102	1.352	1.359	1.608	0.144	0.953	0.900	0.128	1.298	0.283	0.080	0.080	0.103	1.346	1.293	1.288	0.155	0.799	1.295	0.143	1.044	0.222	0.080	0.079	0.102	1.508	1.279	1.482	0.166	1.056	1.232	0.144	1.234	0.201	0.079	0.079	0.077	0.079	0.080	0.079	0.079	0.079	0.080	0.080	0.080	0.079	0.079
13:30:01	0.080	0.080	0.080	0.080	0.080	0.080	0.080	0.080	0.081	0.081	0.081	0.081	0.080	0.102	1.264	1.234	1.493	0.175	1.548	1.534	0.166	1.245	0.343	0.080	0.080	0.102	1.238	1.497	1.538	0.164	1.250	1.581	0.148	0.966	0.246	0.079	0.080	0.102	1.387	1.294	1.531	0.103	1.448	0.981	0.134	1.013	0.473	0.080	0.079	0.102	1.351	1.368	1.618	0.145	0.969	0.916	0.129	1.303	0.285	0.080	0.080	0.103	1.357	1.299	1.295	0.156	0.806	1.304	0.145	1.054	0.223	0.080	0.079	0.102	1.510	1.285	1.485	0.167	1.062	1.235	0.145	1.240	0.204	0.080	0.079	0.077	0.080	0.080	0.079	0.080	0.080	0.081	0.080	0.080	0.079	0.079
13:40:01	0.080	0.080	0.080	0.080	0.080	0.080	0.080	0.080	0.081	0.081	0.080	0.080	0.080	0.102	1.271	1.238	1.496	0.177	1.555	1.539	0.168	1.249	0.344	0.079	0.080	0.102	1.242	1.501	1.542	0.165	1.258	1.590	0.148	0.984	0.246	0.079	0.080	0.102	1.389	1.298	1.536	0.103	1.461	0.991	0.135	1.011	0.474	0.080	0.080	0.103	1.359	1.377	1.617	0.146	0.983	0.926	0.129	1.305	0.284	0.080	0.080	0.103	1.360	1.301	1.296	0.158	0.809	1.306	0.145	1.068	0.222	0.080	0.079	0.103	1.511	1.288	1.486	0.169	1.069	1.242	0.147	1.252	0.204	0.080	0.079	0.078	0.080	0.080	0.080	0.080	0.080	0.081	0.080	0.080	0.079	0.079
13:50:01	0.080	0.080	0.080	0.080	0.080	0.080	0.080	0.080	0.081	0.081	0.080	0.079	0.080	0.102	1.277	1.242	1.499	0.178	1.561	1.545	0.168	1.252	0.350	0.079	0.079	0.102	1.246	1.504	1.545	0.166	1.266	1.598	0.148	0.995	0.243	0.079	0.079	0.102	1.390	1.301	1.542	0.103	1.473	0.991	0.135	1.010	0.475	0.080	0.079	0.103	1.367	1.387	1.620	0.147	0.996	0.938	0.129	1.307	0.285	0.080	0.080	0.103	1.364	1.303	1.300	0.156	0.814	1.303	0.145	1.082	0.222	0.080	0.079	0.103	1.514	1.291	1.489	0.171	1.075	1.247	0.147	1.262	0.203	0.079	0.079	0.078	0.080	0.080	0.079	0.080	0.080	0.080	0.080	0.080	0.079	0.079
14:00:01	0.080	0.080	0.080	0.080	0.080	0.080	0.080	0.080	0.081	0.081	0.080	0.079	0.080	0.102	1.284	1.248	1.503	0.182	1.566	1.551	0.168	1.255	0.352	0.079	0.080	0.102	1.251	1.509	1.549	0.167	1.279	1.605	0.148	1.009	0.243	0.079	0.079	0.102	1.392	1.304	1.548	0.103	1.483	1.006	0.136	1.008	0.477	0.080	0.079	0.103	1.375	1.394	1.623	0.147	1.009	0.947	0.130	1.309	0.287	0.080	0.080	0.103	1.368	1.306	1.303	0.156	0.828	1.309	0.145	1.094	0.223	0.080	0.079	0.103	1.518	1.295	1.493	0.173	1.086	1.253	0.148	1.271	0.203	0.080	0.079	0.078	0.080	0.080	0.080	0.080	0.080	0.080	0.080	0.080	0.079	0.079
14:10:01	0.080	0.080	0.080	0.080	0.080	0.080	0.080	0.080	0.081	0.081	0.080	0.079	0.080	0.102	1.290	1.252	1.505	0.185	1.570	1.557	0.168	1.258	0.356	0.079	0.080	0.102	1.254	1.512	1.552	0.169	1.288	1.611	0.149	1.017	0.247	0.079	0.080	0.102	1.394	1.308	1.552	0.103	1.486	1.019	0.136	1.010	0.476	0.080	0.080	0.102	1.380	1.400	1.628	0.148	1.025	0.958	0.131	1.310	0.288	0.080	0.080	0.103	1.373	1.309	1.308	0.156	0.840	1.314	0.146	1.101	0.224	0.080	0.079	0.102	1.521	1.299	1.494	0.175	1.095	1.257	0.149	1.278	0.204	0.080	0.079	0.078	0.080	0.080	0.080	0.080	0.080	0.081	0.080	0.080	0.079	0.079
14:20:01	0.080	0.080	0.080	0.080	0.080	0.080	0.080	0.080	0.081	0.081	0.080	0.079	0.080	0.102	1.296	1.258	1.508	0.188	1.575	1.563	0.169	1.261	0.354	0.079	0.080	0.102	1.258	1.513	1.554	0.171	1.298	1.617	0.149	1.032	0.250	0.079	0.080	0.102	1.395	1.311	1.554	0.103	1.496	1.038	0.136	1.011	0.477	0.080	0.080	0.102	1.383	1.407	1.633	0.148	1.040	0.969	0.131	1.313	0.289	0.080	0.080	0.103	1.377	1.311	1.312	0.158	0.842	1.322	0.147	1.049	0.224	0.080	0.079	0.102	1.524	1.302	1.498	0.177	1.107	1.261	0.149	1.284	0.205	0.080	0.079	0.077	0.080	0.080	0.080	0.080	0.080	0.081	0.080	0.080	0.079	0.079
14:30:01	0.080	0.080	0.080	0.080	0.080	0.080	0.080	0.080	0.081	0.081	0.081	0.080	0.080	0.102	1.301	1.262	1.510	0.192	1.579	1.569	0.172	1.264	0.353	0.080	0.080	0.102	1.260	1.518	1.558	0.172	1.310	1.622	0.149	1.052	0.253	0.080	0.080	0.102	1.397	1.315	1.560	0.103	1.500	1.053	0.137	1.010	0.482	0.080	0.080	0.102	1.388	1.411	1.636	0.150	1.059	0.984	0.132	1.314	0.291	0.080	0.080	0.103	1.383	1.315	1.317	0.160	0.851	1.325	0.147	0.974	0.225	0.080	0.079	0.102	1.525	1.305	1.501	0.178	1.121	1.264	0.151	1.291	0.204	0.080	0.079	0.078	0.080	0.080	0.080	0.080	0.080	0.081	0.080	0.080	0.079	0.079
14:40:01	0.080	0.080	0.080	0.080	0.080	0.080	0.080	0.080	0.081	0.081	0.081	0.080	0.080	0.102	1.306	1.266	1.513	0.192	1.581	1.574	0.171	1.266	0.355	0.080	0.080	0.102	1.262	1.521	1.561	0.174	1.316	1.627	0.149	1.065	0.252	0.080	0.080	0.102	1.397	1.318	1.563	0.103	1.503	1.044	0.138	1.008	0.483	0.080	0.080	0.102	1.392	1.414	1.639	0.151	1.076	0.995	0.132	1.315	0.293	0.080	0.080	0.102	1.389	1.317	1.321	0.161	0.861	1.325	0.147	0.969	0.226	0.080	0.080	0.102	1.529	1.307	1.506	0.179	1.124	1.266	0.152	1.295	0.206	0.080	0.079	0.078	0.080	0.080	0.080	0.080	0.080	0.081	0.080	0.080	0.079	0.079
14:50:01	0.080	0.080	0.080	0.080	0.080	0.080	0.080	0.080	0.081	0.081	0.080	0.080	0.080	0.102	1.311	1.269	1.514	0.191	1.592	1.577	0.173	1.268	0.354	0.079	0.080	0.101	1.266	1.518	1.562	0.176	1.321	1.638	0.149	1.079	0.254	0.079	0.080	0.101	1.397	1.320	1.568	0.103	1.528	1.050	0.139	1.006	0.486	0.080	0.080	0.102	1.402	1.420	1.635	0.150	1.089	1.005	0.133	1.316	0.293	0.079	0.080	0.102	1.389	1.316	1.320	0.161	0.867	1.327	0.147	0.754	0.226	0.080	0.080	0.102	1.526	1.308	1.504	0.180	1.136	1.272	0.153	1.308	0.203	0.080	0.079	0.078	0.080	0.080	0.080	0.080	0.080	0.080	0.080	0.080	0.079	0.079
15:00:01	0.080	0.080	0.080	0.080	0.080	0.080	0.080	0.080	0.081	0.081	0.080	0.080	0.080	0.102	1.315	1.272	1.516	0.189	1.596	1.581	0.173	1.269	0.354	0.079	0.080	0.101	1.268	1.521	1.565	0.178	1.330	1.643	0.150	1.086	0.251	0.079	0.080	0.102	1.398	1.323	1.572	0.103	1.531	1.053	0.138	1.006	0.484	0.080	0.080	0.102	1.405	1.425	1.640	0.151	1.107	1.018	0.134	1.316	0.294	0.079	0.080	0.102	1.397	1.319	1.321	0.162	0.882	1.328	0.148	0.768	0.227	0.080	0.079	0.102	1.527	1.311	1.505	0.181	1.143	1.273	0.154	1.313	0.203	0.080	0.079	0.078	0.080	0.080	0.080	0.080	0.080	0.080	0.080	0.080	0.079	0.079
15:10:01	0.080	0.080	0.081	0.080	0.080	0.080	0.080	0.080	0.081	0.081	0.081	0.080	0.080	0.102	1.320	1.276	1.517	0.186	1.601	1.585	0.173	1.272	0.352	0.080	0.080	0.102	1.271	1.518	1.568	0.180	1.342	1.649	0.150	1.099	0.248	0.080	0.080	0.101	1.399	1.326	1.574	0.103	1.540	1.067	0.138	1.012	0.480	0.079	0.080	0.102	1.406	1.431	1.647	0.154	1.126	1.030	0.134	1.318	0.296	0.080	0.080	0.103	1.408	1.322	1.324	0.163	0.891	1.329	0.149	1.222	0.228	0.080	0.080	0.102	1.524	1.314	1.502	0.183	1.156	1.273	0.156	1.323	0.204	0.079	0.079	0.077	0.080	0.080	0.080	0.080	0.080	0.081	0.080	0.080	0.079	0.079
15:20:01	0.080	0.080	0.080	0.079	0.080	0.080	0.080	0.080	0.081	0.081	0.080	0.080	0.080	0.102	1.323	1.281	1.519	0.184	1.601	1.588	0.177	1.274	0.356	0.080	0.080	0.102	1.271	1.525	1.573	0.181	1.355	1.655	0.151	1.117	0.250	0.080	0.080	0.102	1.401	1.329	1.575	0.103	1.532	1.079	0.139	1.009	0.475	0.079	0.080	0.102	1.403	1.433	1.651	0.154	1.145	1.043	0.132	1.318	0.297	0.079	0.080	0.102	1.424	1.327	1.327	0.165	0.898	1.333	0.149	1.269	0.227	0.080	0.079	0.102	1.528	1.317	1.506	0.184	1.169	1.272	0.156	1.323	0.206	0.079	0.079	0.078	0.080	0.080	0.080	0.080	0.080	0.081	0.080	0.080	0.079	0.079
15:30:01	0.080	0.080	0.080	0.079	0.080	0.080	0.080	0.080	0.081	0.081	0.080	0.080	0.080	0.102	1.327	1.283	1.521	0.185	1.607	1.592	0.177	1.275	0.355	0.079	0.080	0.102	1.274	1.528	1.576	0.181	1.362	1.666	0.151	1.131	0.256	0.079	0.080	0.102	1.401	1.332	1.578	0.104	1.546	1.096	0.141	1.006	0.476	0.079	0.080	0.102	1.410	1.438	1.652	0.155	1.160	1.054	0.132	1.318	0.300	0.079	0.080	0.103	1.431	1.329	1.330	0.167	0.912	1.337	0.151	1.271	0.225	0.080	0.079	0.102	1.529	1.319	1.508	0.185	1.186	1.275	0.157	1.330	0.205	0.079	0.079	0.078	0.080	0.080	0.080	0.080	0.080	0.081	0.080	0.080	0.079	0.079
15:40:01	0.080	0.080	0.080	0.079	0.080	0.080	0.080	0.080	0.081	0.081	0.080	0.079	0.080	0.102	1.329	1.285	1.523	0.189	1.611	1.595	0.180	1.276	0.357	0.079	0.080	0.102	1.275	1.529	1.578	0.181	1.368	1.675	0.152	1.146	0.255	0.079	0.079	0.102	1.401	1.334	1.581	0.104	1.556	1.109	0.140	1.004	0.478	0.079	0.079	0.102	1.415	1.440	1.652	0.157	1.175	1.063	0.132	1.318	0.300	0.079	0.080	0.103	1.437	1.331	1.331	0.167	0.920	1.337	0.150	1.274	0.224	0.080	0.079	0.102	1.532	1.320	1.512	0.186	1.198	1.278	0.158	1.335	0.206	0.079	0.079	0.078	0.080	0.080	0.080	0.080	0.080	0.080	0.080	0.080	0.079	0.079
15:50:01	0.080	0.080	0.080	0.079	0.080	0.080	0.080	0.080	0.081	0.081	0.080	0.080	0.080	0.102	1.333	1.287	1.524	0.193	1.616	1.599	0.181	1.276	0.358	0.079	0.080	0.102	1.276	1.533	1.581	0.182	1.375	1.683	0.152	1.159	0.254	0.079	0.080	0.102	1.402	1.336	1.584	0.104	1.562	1.106	0.141	1.002	0.478	0.079	0.080	0.102	1.419	1.439	1.655	0.155	1.191	1.071	0.133	1.317	0.302	0.079	0.080	0.103	1.443	1.333	1.334	0.168	0.931	1.333	0.153	1.274	0.225	0.080	0.080	0.102	1.536	1.321	1.514	0.186	1.211	1.281	0.159	1.338	0.205	0.079	0.079	0.078	0.080	0.080	0.080	0.080	0.080	0.081	0.080	0.080	0.079	0.079
16:00:01	0.080	0.080	0.080	0.080	0.080	0.080	0.080	0.080	0.081	0.081	0.080	0.080	0.080	0.102	1.335	1.290	1.526	0.195	1.620	1.603	0.182	1.277	0.359	0.080	0.080	0.102	1.277	1.533	1.583	0.184	1.383	1.688	0.153	1.175	0.252	0.080	0.080	0.102	1.403	1.338	1.586	0.104	1.567	1.114	0.142	1.002	0.479	0.079	0.080	0.102	1.420	1.433	1.659	0.156	1.206	1.081	0.134	1.317	0.306	0.079	0.080	0.103	1.449	1.335	1.337	0.169	0.945	1.337	0.154	1.277	0.226	0.080	0.080	0.102	1.537	1.323	1.516	0.186	1.221	1.284	0.160	1.341	0.207	0.079	0.079	0.077	0.080	0.080	0.080	0.080	0.080	0.081	0.080	0.080	0.079	0.079
16:10:01	0.080	0.080	0.081	0.080	0.080	0.080	0.080	0.080	0.081	0.081	0.080	0.080	0.080	0.102	1.338	1.292	1.527	0.199	1.623	1.607	0.185	1.277	0.363	0.080	0.080	0.102	1.277	1.536	1.585	0.184	1.389	1.717	0.154	1.194	0.252	0.080	0.080	0.102	1.403	1.340	1.589	0.104	1.571	1.114	0.141	1.001	0.484	0.079	0.080	0.102	1.420	1.329	1.662	0.158	1.223	1.091	0.134	1.316	0.310	0.079	0.080	0.103	1.454	1.338	1.339	0.170	0.926	1.332	0.153	1.278	0.228	0.080	0.080	0.102	1.537	1.324	1.518	0.188	1.234	1.285	0.161	1.344	0.207	0.079	0.079	0.078	0.080	0.080	0.080	0.080	0.080	0.081	0.080	0.080	0.079	0.079
16:20:01	0.081	0.081	0.081	0.080	0.080	0.080	0.080	0.080	0.081	0.081	0.080	0.080	0.080	0.102	1.339	1.294	1.528	0.201	1.627	1.610	0.186	1.276	0.364	0.080	0.080	0.102	1.277	1.539	1.588	0.185	1.395	1.478	0.155	1.213	0.251	0.080	0.080	0.102	1.404	1.342	1.591	0.104	1.574	1.123	0.141	0.997	0.487	0.079	0.080	0.102	1.421	1.375	1.663	0.159	1.238	1.101	0.136	1.315	0.310	0.080	0.080	0.102	1.459	1.340	1.343	0.171	0.950	1.335	0.153	1.280	0.230	0.081	0.080	0.102	1.540	1.326	1.521	0.188	1.243	1.288	0.163	1.345	0.208	0.079	0.079	0.078	0.080	0.080	0.080	0.080	0.080	0.081	0.080	0.080	0.079	0.080
16:30:01	0.080	0.080	0.081	0.080	0.080	0.080	0.080	0.080	0.081	0.081	0.080	0.080	0.080	0.101	1.341	1.293	1.528	0.203	1.636	1.612	0.188	1.275	0.362	0.079	0.080	0.101	1.278	1.534	1.587	0.186	1.397	1.463	0.155	1.223	0.248	0.080	0.080	0.101	1.403	1.342	1.595	0.104	1.595	1.133	0.144	0.994	0.493	0.079	0.080	0.102	1.429	1.389	1.659	0.159	1.248	1.107	0.136	1.313	0.307	0.079	0.080	0.102	1.457	1.339	1.341	0.170	0.973	1.334	0.156	1.286	0.229	0.080	0.080	0.102	1.536	1.324	1.520	0.188	1.250	1.292	0.164	1.354	0.205	0.079	0.079	0.078	0.080	0.080	0.080	0.080	0.080	0.081	0.080	0.080	0.079	0.079
16:40:01	0.080	0.080	0.080	0.080	0.080	0.080	0.080	0.080	0.081	0.081	0.080	0.080	0.080	0.102	1.343	1.297	1.532	0.207	1.633	1.615	0.190	1.276	0.369	0.079	0.080	0.101	1.278	1.545	1.593	0.189	1.408	1.480	0.158	1.240	0.249	0.080	0.080	0.101	1.407	1.347	1.593	0.104	1.585	1.134	0.143	0.992	0.483	0.079	0.080	0.102	1.424	1.397	1.668	0.162	1.266	1.119	0.137	1.313	0.313	0.079	0.080	0.102	1.469	1.347	1.348	0.173	0.984	1.340	0.155	1.288	0.231	0.080	0.080	0.102	1.545	1.330	1.526	0.189	1.258	1.291	0.165	1.347	0.210	0.079	0.079	0.078	0.080	0.080	0.080	0.080	0.080	0.081	0.080	0.080	0.079	0.079
16:50:01	0.080	0.080	0.080	0.080	0.080	0.080	0.080	0.080	0.081	0.081	0.080	0.080	0.080	0.102	1.345	1.299	1.532	0.211	1.636	1.616	0.191	1.275	0.369	0.079	0.080	0.102	1.278	1.545	1.595	0.188	1.416	1.482	0.159	1.252	0.249	0.080	0.080	0.102	1.408	1.350	1.591	0.104	1.589	1.144	0.146	0.994	0.478	0.079	0.080	0.102	1.422	1.396	1.673	0.163	1.279	1.128	0.136	1.312	0.313	0.079	0.080	0.103	1.473	1.350	1.348	0.173	0.996	1.339	0.156	1.292	0.232	0.080	0.080	0.102	1.543	1.332	1.524	0.191	1.266	1.292	0.166	1.350	0.210	0.079	0.079	0.077	0.080	0.080	0.080	0.080	0.080	0.081	0.080	0.080	0.079	0.079
17:00:01	0.080	0.080	0.081	0.080	0.080	0.080	0.080	0.080	0.081	0.081	0.081	0.080	0.080	0.102	1.347	1.300	1.532	0.217	1.641	1.618	0.193	1.276	0.370	0.079	0.080	0.102	1.279	1.541	1.596	0.189	1.421	1.475	0.159	1.269	0.250	0.080	0.080	0.102	1.410	1.352	1.594	0.104	1.599	1.147	0.146	0.996	0.481	0.079	0.080	0.102	1.423	1.463	1.673	0.162	1.290	1.137	0.137	1.310	0.314	0.079	0.080	0.102	1.474	1.351	1.349	0.173	1.007	1.337	0.157	1.294	0.234	0.080	0.080	0.102	1.540	1.332	1.523	0.192	1.277	1.294	0.167	1.357	0.208	0.079	0.079	0.078	0.080	0.080	0.080	0.080	0.080	0.081	0.079	0.080	0.079	0.079
17:10:01	0.080	0.080	0.080	0.080	0.080	0.080	0.080	0.080	0.081	0.081	0.080	0.079	0.080	0.102	1.350	1.302	1.534	0.222	1.648	1.620	0.195	1.277	0.371	0.079	0.080	0.102	1.280	1.543	1.600	0.189	1.421	1.472	0.160	1.284	0.249	0.080	0.080	0.101	1.411	1.354	1.595	0.104	1.608	1.157	0.143	0.992	0.483	0.079	0.080	0.102	1.426	1.470	1.673	0.164	1.301	1.145	0.137	1.308	0.318	0.079	0.080	0.103	1.478	1.354	1.351	0.175	1.015	1.341	0.159	1.297	0.235	0.080	0.080	0.102	1.542	1.334	1.526	0.193	1.289	1.298	0.168	1.361	0.207	0.079	0.079	0.078	0.080	0.080	0.080	0.080	0.080	0.081	0.079	0.080	0.079	0.079
17:20:01	0.080	0.080	0.080	0.079	0.080	0.080	0.080	0.080	0.082	0.081	0.080	0.079	0.080	0.102	1.352	1.302	1.535	0.226	1.651	1.621	0.197	1.277	0.373	0.079	0.080	0.102	1.281	1.545	1.602	0.191	1.426	1.475	0.160	1.296	0.248	0.080	0.080	0.101	1.412	1.356	1.598	0.105	1.613	1.163	0.146	0.989	0.485	0.079	0.080	0.102	1.429	1.490	1.674	0.166	1.311	1.151	0.137	1.305	0.320	0.079	0.080	0.103	1.479	1.356	1.352	0.177	1.026	1.344	0.162	1.298	0.236	0.080	0.080	0.102	1.544	1.335	1.528	0.193	1.300	1.301	0.169	1.365	0.207	0.079	0.079	0.078	0.080	0.080	0.080	0.080	0.080	0.080	0.079	0.080	0.079	0.079
17:30:01	0.080	0.080	0.081	0.080	0.080	0.080	0.080	0.080	0.082	0.081	0.080	0.080	0.080	0.102	1.355	1.303	1.535	0.232	1.661	1.624	0.198	1.277	0.368	0.079	0.080	0.102	1.284	1.541	1.603	0.193	1.428	1.464	0.159	1.306	0.249	0.080	0.080	0.101	1.413	1.357	1.603	0.105	1.632	1.168	0.145	0.986	0.493	0.079	0.080	0.102	1.437	1.480	1.669	0.167	1.317	1.156	0.138	1.303	0.321	0.079	0.080	0.103	1.477	1.356	1.351	0.179	1.034	1.346	0.163	1.303	0.236	0.081	0.080	0.102	1.541	1.335	1.529	0.193	1.311	1.308	0.171	1.374	0.205	0.079	0.080	0.078	0.080	0.080	0.080	0.080	0.080	0.081	0.079	0.080	0.079	0.079
17:40:01	0.080	0.080	0.080	0.080	0.080	0.080	0.080	0.080	0.081	0.081	0.080	0.080	0.080	0.102	1.355	1.305	1.538	0.244	1.655	1.626	0.200	1.276	0.372	0.079	0.080	0.102	1.283	1.549	1.606	0.195	1.437	1.474	0.160	1.322	0.248	0.080	0.080	0.101	1.415	1.360	1.600	0.105	1.619	1.172	0.148	0.986	0.485	0.080	0.080	0.102	1.431	1.486	1.677	0.168	1.330	1.163	0.139	1.300	0.326	0.080	0.080	0.103	1.485	1.361	1.358	0.180	1.045	1.349	0.160	1.302	0.237	0.081	0.080	0.102	1.548	1.339	1.532	0.194	1.318	1.306	0.172	1.368	0.209	0.079	0.080	0.078	0.080	0.080	0.080	0.080	0.080	0.081	0.080	0.080	0.079	0.079
17:50:01	0.080	0.081	0.081	0.080	0.080	0.080	0.080	0.080	0.081	0.081	0.081	0.080	0.080	0.102	1.359	1.306	1.538	0.246	1.665	1.629	0.201	1.276	0.370	0.079	0.080	0.102	1.286	1.544	1.607	0.195	1.439	1.461	0.157	1.336	0.248	0.080	0.080	0.101	1.415	1.362	1.604	0.105	1.637	1.178	0.149	0.986	0.495	0.080	0.080	0.102	1.436	1.487	1.674	0.169	1.335	1.169	0.139	1.297	0.325	0.080	0.080	0.102	1.483	1.361	1.358	0.174	1.055	1.346	0.162	1.307	0.236	0.081	0.080	0.102	1.545	1.339	1.534	0.193	1.328	1.314	0.173	1.376	0.206	0.079	0.079	0.078	0.080	0.079	0.080	0.080	0.080	0.081	0.080	0.080	0.079	0.079
18:00:01	0.080	0.081	0.081	0.080	0.080	0.080	0.080	0.080	0.081	0.081	0.081	0.080	0.080	0.102	1.360	1.308	1.539	0.260	1.666	1.631	0.202	1.276	0.372	0.079	0.080	0.101	1.286	1.548	1.610	0.197	1.444	1.464	0.158	1.351	0.247	0.080	0.080	0.101	1.417	1.364	1.606	0.105	1.638	1.192	0.147	0.981	0.500	0.080	0.080	0.102	1.436	1.496	1.676	0.170	1.344	1.178	0.139	1.294	0.329	0.080	0.080	0.102	1.485	1.364	1.362	0.176	1.066	1.353	0.164	1.307	0.236	0.081	0.080	0.102	1.547	1.342	1.536	0.192	1.337	1.318	0.174	1.376	0.207	0.079	0.080	0.078	0.080	0.079	0.080	0.080	0.080	0.081	0.080	0.080	0.079	0.079
18:10:01	0.080	0.081	0.081	0.080	0.080	0.081	0.080	0.080	0.081	0.081	0.080	0.080	0.080	0.102	1.359	1.308	1.541	0.265	1.660	1.632	0.202	1.275	0.374	0.079	0.080	0.101	1.284	1.557	1.613	0.198	1.450	1.473	0.160	1.367	0.245	0.080	0.080	0.101	1.420	1.367	1.605	0.105	1.624	1.188	0.151	0.977	0.493	0.080	0.080	0.102	1.432	1.495	1.682	0.172	1.354	1.184	0.141	1.290	0.332	0.080	0.080	0.102	1.494	1.370	1.368	0.179	1.075	1.353	0.164	1.302	0.238	0.081	0.080	0.102	1.554	1.345	1.542	0.192	1.327	1.316	0.175	1.369	0.210	0.080	0.079	0.078	0.080	0.080	0.080	0.080	0.081	0.081	0.080	0.080	0.079	0.079
18:20:01	0.080	0.080	0.080	0.080	0.080	0.080	0.080	0.080	0.081	0.081	0.080	0.080	0.080	0.101	1.361	1.310	1.544	0.273	1.661	1.633	0.203	1.276	0.375	0.079	0.080	0.101	1.285	1.561	1.616	0.200	1.452	1.475	0.163	1.381	0.244	0.080	0.080	0.101	1.423	1.371	1.606	0.105	1.627	1.190	0.150	0.974	0.489	0.079	0.080	0.102	1.431	1.501	1.684	0.172	1.361	1.191	0.142	1.288	0.331	0.080	0.080	0.102	1.497	1.374	1.372	0.182	1.087	1.361	0.160	1.305	0.239	0.080	0.080	0.102	1.558	1.348	1.545	0.192	1.269	1.320	0.176	1.368	0.212	0.079	0.079	0.078	0.080	0.080	0.080	0.080	0.080	0.081	0.080	0.080	0.079	0.079
18:30:01	0.080	0.081	0.081	0.080	0.080	0.080	0.080	0.080	0.081	0.081	0.080	0.080	0.080	0.102	1.362	1.312	1.544	0.284	1.662	1.635	0.204	1.276	0.374	0.079	0.080	0.101	1.286	1.561	1.619	0.200	1.455	1.477	0.164	1.393	0.243	0.080	0.080	0.101	1.424	1.373	1.603	0.106	1.628	1.193	0.151	0.973	0.484	0.080	0.080	0.102	1.429	1.505	1.688	0.176	1.368	1.198	0.143	1.285	0.335	0.080	0.080	0.102	1.500	1.377	1.373	0.183	1.100	1.363	0.165	1.308	0.237	0.080	0.080	0.102	1.557	1.350	1.543	0.194	1.269	1.323	0.176	1.369	0.212	0.079	0.079	0.077	0.080	0.080	0.080	0.080	0.080	0.081	0.080	0.080	0.079	0.079
18:40:01	0.080	0.081	0.081	0.080	0.080	0.081	0.080	0.080	0.081	0.082	0.081	0.080	0.080	0.102	1.365	1.313	1.544	0.292	1.664	1.635	0.203	1.276	0.376	0.079	0.080	0.102	1.287	1.557	1.619	0.201	1.460	1.470	0.163	1.408	0.244	0.080	0.080	0.102	1.425	1.375	1.605	0.106	1.634	1.198	0.152	0.976	0.486	0.080	0.080	0.102	1.428	1.500	1.689	0.176	1.372	1.205	0.145	1.283	0.332	0.080	0.080	0.102	1.501	1.379	1.373	0.185	1.110	1.362	0.163	1.314	0.235	0.079	0.080	0.102	1.553	1.351	1.542	0.202	1.274	1.326	0.177	1.376	0.211	0.079	0.079	0.078	0.080	0.079	0.080	0.080	0.080	0.081	0.080	0.080	0.079	0.079
18:50:01	0.080	0.080	0.080	0.080	0.080	0.080	0.080	0.080	0.081	0.081	0.080	0.080	0.080	0.102	1.366	1.314	1.545	0.297	1.668	1.635	0.203	1.277	0.374	0.079	0.080	0.102	1.289	1.558	1.623	0.203	1.461	1.467	0.160	1.403	0.245	0.080	0.080	0.101	1.427	1.377	1.608	0.106	1.640	1.212	0.150	0.972	0.487	0.079	0.080	0.102	1.430	1.504	1.688	0.178	1.378	1.211	0.147	1.281	0.333	0.080	0.080	0.103	1.502	1.381	1.375	0.184	1.117	1.365	0.165	1.319	0.237	0.079	0.080	0.102	1.555	1.353	1.544	0.208	1.280	1.331	0.179	1.380	0.211	0.079	0.079	0.078	0.080	0.080	0.080	0.080	0.080	0.081	0.080	0.080	0.079	0.079
19:00:01	0.080	0.080	0.080	0.080	0.080	0.080	0.080	0.080	0.081	0.081	0.080	0.080	0.080	0.102	1.367	1.315	1.547	0.305	1.670	1.637	0.203	1.278	0.375	0.079	0.080	0.102	1.291	1.562	1.626	0.205	1.456	1.464	0.163	1.414	0.244	0.079	0.080	0.101	1.429	1.380	1.611	0.106	1.644	1.218	0.153	0.969	0.490	0.079	0.080	0.102	1.433	1.502	1.690	0.180	1.382	1.216	0.147	1.278	0.335	0.080	0.080	0.102	1.504	1.384	1.377	0.183	1.123	1.359	0.167	1.315	0.239	0.079	0.080	0.102	1.558	1.355	1.548	0.215	1.281	1.337	0.177	1.383	0.211	0.079	0.079	0.078	0.080	0.079	0.080	0.080	0.080	0.081	0.079	0.079	0.079	0.079
19:10:01	0.080	0.080	0.080	0.080	0.080	0.080	0.080	0.080	0.081	0.081	0.079	0.080	0.080	0.102	1.369	1.317	1.548	0.307	1.673	1.638	0.203	1.279	0.376	0.079	0.080	0.102	1.293	1.564	1.628	0.209	1.456	1.463	0.165	1.416	0.244	0.079	0.080	0.101	1.431	1.382	1.613	0.106	1.649	1.226	0.155	0.965	0.492	0.080	0.080	0.102	1.437	1.504	1.690	0.181	1.387	1.220	0.149	1.276	0.340	0.080	0.080	0.103	1.506	1.386	1.381	0.184	1.132	1.365	0.164	1.319	0.240	0.079	0.079	0.102	1.560	1.357	1.550	0.220	1.290	1.343	0.179	1.387	0.212	0.079	0.079	0.078	0.080	0.080	0.080	0.080	0.080	0.081	0.080	0.080	0.079	0.079
19:20:01	0.080	0.080	0.080	0.080	0.080	0.080	0.080	0.080	0.081	0.081	0.080	0.080	0.080	0.102	1.372	1.318	1.549	0.313	1.681	1.639	0.202	1.280	0.374	0.079	0.080	0.102	1.296	1.560	1.629	0.213	1.459	1.455	0.163	1.421	0.243	0.079	0.080	0.101	1.432	1.383	1.617	0.106	1.662	1.236	0.155	0.963	0.498	0.080	0.080	0.102	1.442	1.506	1.688	0.184	1.389	1.222	0.148	1.273	0.337	0.080	0.080	0.102	1.503	1.387	1.381	0.184	1.138	1.361	0.160	1.333	0.239	0.079	0.079	0.102	1.557	1.358	1.552	0.217	1.290	1.352	0.179	1.396	0.208	0.080	0.079	0.078	0.080	0.080	0.080	0.080	0.080	0.081	0.080	0.080	0.079	0.079
19:30:01	0.080	0.081	0.081	0.080	0.080	0.081	0.080	0.080	0.081	0.082	0.080	0.080	0.080	0.102	1.374	1.321	1.551	0.313	1.676	1.642	0.202	1.281	0.378	0.080	0.080	0.101	1.296	1.567	1.632	0.209	1.464	1.464	0.164	1.424	0.244	0.079	0.080	0.101	1.435	1.387	1.616	0.107	1.651	1.247	0.156	0.962	0.496	0.080	0.080	0.102	1.437	1.507	1.694	0.185	1.397	1.229	0.150	1.271	0.340	0.079	0.080	0.102	1.511	1.393	1.389	0.186	1.148	1.367	0.161	1.331	0.238	0.079	0.079	0.102	1.564	1.362	1.560	0.218	1.297	1.354	0.179	1.393	0.212	0.080	0.079	0.078	0.080	0.080	0.080	0.080	0.080	0.081	0.080	0.080	0.079	0.079
19:40:01	0.080	0.081	0.081	0.080	0.080	0.080	0.080	0.080	0.081	0.082	0.080	0.080	0.080	0.102	1.375	1.324	1.553	0.307	1.677	1.644	0.200	1.282	0.380	0.079	0.080	0.101	1.297	1.570	1.635	0.216	1.467	1.470	0.164	1.428	0.244	0.079	0.080	0.101	1.438	1.391	1.619	0.107	1.653	1.264	0.157	0.958	0.498	0.080	0.080	0.102	1.438	1.510	1.697	0.190	1.401	1.235	0.149	1.269	0.342	0.079	0.080	0.102	1.514	1.397	1.395	0.186	1.156	1.373	0.162	1.331	0.239	0.079	0.079	0.102	1.567	1.364	1.568	0.217	1.304	1.359	0.180	1.395	0.213	0.080	0.079	0.078	0.080	0.080	0.080	0.080	0.080	0.081	0.080	0.080	0.079	0.079
19:50:01	0.080	0.081	0.081	0.080	0.080	0.081	0.080	0.080	0.081	0.081	0.080	0.080	0.080	0.102	1.375	1.325	1.554	0.310	1.679	1.645	0.199	1.283	0.381	0.080	0.080	0.101	1.298	1.573	1.638	0.213	1.469	1.473	0.166	1.426	0.244	0.079	0.080	0.101	1.440	1.393	1.622	0.107	1.654	1.264	0.158	0.954	0.502	0.079	0.080	0.102	1.440	1.512	1.698	0.192	1.407	1.240	0.151	1.267	0.345	0.079	0.080	0.102	1.517	1.400	1.398	0.188	1.163	1.371	0.163	1.329	0.241	0.080	0.079	0.101	1.568	1.366	1.574	0.215	1.304	1.364	0.179	1.397	0.215	0.080	0.079	0.078	0.080	0.080	0.080	0.080	0.081	0.081	0.080	0.080	0.079	0.079
20:00:01	0.080	0.081	0.081	0.080	0.080	0.081	0.080	0.080	0.081	0.081	0.080	0.080	0.080	0.101	1.376	1.327	1.555	0.308	1.680	1.645	0.199	1.284	0.382	0.079	0.080	0.101	1.300	1.577	1.639	0.220	1.471	1.476	0.166	1.428	0.243	0.079	0.080	0.101	1.442	1.396	1.624	0.107	1.657	1.274	0.159	0.950	0.500	0.079	0.080	0.102	1.440	1.513	1.698	0.195	1.411	1.243	0.151	1.265	0.346	0.079	0.080	0.102	1.520	1.403	1.402	0.192	1.170	1.377	0.166	1.331	0.240	0.079	0.079	0.101	1.571	1.368	1.579	0.215	1.314	1.368	0.179	1.399	0.215	0.080	0.079	0.078	0.080	0.080	0.080	0.080	0.080	0.081	0.080	0.080	0.079	0.079
20:10:01	0.080	0.080	0.081	0.080	0.080	0.080	0.080	0.080	0.081	0.081	0.080	0.080	0.080	0.101	1.379	1.327	1.556	0.303	1.688	1.646	0.200	1.285	0.380	0.079	0.080	0.101	1.302	1.572	1.641	0.217	1.474	1.469	0.166	1.426	0.242	0.079	0.080	0.101	1.442	1.397	1.626	0.107	1.671	1.282	0.158	0.948	0.506	0.079	0.080	0.101	1.444	1.515	1.697	0.197	1.412	1.246	0.150	1.262	0.346	0.079	0.080	0.102	1.516	1.402	1.400	0.192	1.176	1.369	0.170	1.332	0.241	0.079	0.079	0.102	1.569	1.368	1.580	0.216	1.316	1.376	0.179	1.406	0.212	0.080	0.079	0.078	0.080	0.080	0.080	0.080	0.080	0.081	0.080	0.080	0.079	0.079
20:20:01	0.080	0.081	0.081	0.080	0.080	0.081	0.080	0.080	0.081	0.081	0.080	0.080	0.080	0.102	1.380	1.331	1.558	0.305	1.682	1.647	0.200	1.286	0.383	0.080	0.080	0.101	1.302	1.578	1.645	0.223	1.480	1.478	0.169	1.429	0.242	0.079	0.080	0.101	1.446	1.402	1.622	0.108	1.659	1.289	0.158	0.949	0.494	0.079	0.080	0.102	1.439	1.514	1.705	0.199	1.419	1.253	0.149	1.262	0.350	0.079	0.080	0.102	1.525	1.410	1.407	0.200	1.189	1.375	0.172	1.340	0.242	0.079	0.079	0.102	1.572	1.373	1.583	0.215	1.323	1.379	0.180	1.404	0.216	0.080	0.079	0.078	0.080	0.080	0.080	0.080	0.081	0.081	0.080	0.080	0.079	0.079
20:30:01	0.080	0.081	0.081	0.080	0.080	0.080	0.080	0.080	0.081	0.081	0.080	0.080	0.080	0.102	1.383	1.331	1.556	0.317	1.694	1.647	0.201	1.288	0.381	0.079	0.080	0.101	1.305	1.569	1.645	0.226	1.484	1.467	0.167	1.433	0.244	0.079	0.079	0.101	1.446	1.402	1.629	0.108	1.679	1.299	0.157	0.950	0.507	0.079	0.080	0.102	1.443	1.516	1.700	0.199	1.419	1.256	0.152	1.259	0.348	0.079	0.080	0.102	1.519	1.407	1.404	0.203	1.192	1.374	0.171	1.343	0.240	0.079	0.079	0.102	1.565	1.371	1.569	0.221	1.327	1.386	0.179	1.415	0.211	0.080	0.079	0.078	0.080	0.080	0.080	0.080	0.080	0.081	0.080	0.080	0.079	0.079
20:40:01	0.080	0.081	0.081	0.080	0.080	0.080	0.080	0.080	0.081	0.081	0.080	0.079	0.080	0.102	1.383	1.333	1.558	0.326	1.690	1.648	0.202	1.289	0.381	0.079	0.080	0.101	1.306	1.577	1.648	0.229	1.484	1.475	0.168	1.431	0.243	0.079	0.079	0.101	1.450	1.406	1.629	0.109	1.670	1.295	0.158	0.945	0.501	0.079	0.080	0.102	1.442	1.517	1.705	0.203	1.424	1.260	0.153	1.257	0.347	0.079	0.080	0.102	1.526	1.413	1.410	0.207	1.198	1.376	0.171	1.348	0.242	0.079	0.079	0.102	1.571	1.375	1.577	0.225	1.330	1.389	0.179	1.413	0.214	0.080	0.079	0.078	0.080	0.080	0.080	0.080	0.080	0.081	0.080	0.080	0.079	0.079
20:50:01	0.080	0.080	0.080	0.080	0.080	0.080	0.080	0.080	0.081	0.081	0.080	0.079	0.080	0.102	1.384	1.334	1.560	0.334	1.694	1.649	0.203	1.290	0.380	0.079	0.080	0.101	1.308	1.579	1.651	0.230	1.486	1.476	0.169	1.431	0.242	0.079	0.079	0.101	1.452	1.409	1.633	0.109	1.674	1.302	0.158	0.942	0.503	0.079	0.080	0.102	1.446	1.517	1.706	0.207	1.426	1.262	0.153	1.256	0.349	0.079	0.080	0.102	1.526	1.415	1.414	0.203	1.202	1.378	0.171	1.346	0.242	0.079	0.079	0.102	1.574	1.376	1.585	0.236	1.336	1.393	0.180	1.417	0.215	0.080	0.079	0.078	0.080	0.080	0.080	0.080	0.080	0.081	0.080	0.080	0.079	0.079
21:00:01	0.080	0.080	0.080	0.080	0.080	0.080	0.080	0.080	0.081	0.081	0.080	0.080	0.080	0.102	1.386	1.336	1.561	0.351	1.696	1.650	0.204	1.291	0.379	0.079	0.080	0.101	1.309	1.582	1.653	0.239	1.489	1.478	0.170	1.429	0.242	0.079	0.079	0.101	1.454	1.412	1.636	0.109	1.677	1.304	0.159	0.939	0.505	0.079	0.080	0.102	1.450	1.517	1.708	0.208	1.428	1.264	0.154	1.254	0.352	0.079	0.080	0.102	1.528	1.418	1.418	0.205	1.207	1.375	0.172	1.349	0.242	0.079	0.079	0.102	1.577	1.378	1.596	0.246	1.339	1.397	0.180	1.419	0.216	0.080	0.080	0.078	0.080	0.080	0.080	0.080	0.080	0.081	0.080	0.080	0.079	0.079
21:10:01	0.080	0.081	0.081	0.080	0.080	0.080	0.080	0.080	0.081	0.081	0.080	0.080	0.080	0.102	1.388	1.338	1.562	0.368	1.696	1.652	0.204	1.292	0.379	0.080	0.080	0.101	1.311	1.583	1.655	0.246	1.493	1.478	0.172	1.431	0.242	0.079	0.080	0.101	1.457	1.415	1.637	0.110	1.677	1.307	0.161	0.939	0.504	0.079	0.080	0.102	1.451	1.519	1.710	0.212	1.419	1.267	0.155	1.253	0.354	0.079	0.081	0.102	1.530	1.421	1.422	0.209	1.214	1.378	0.171	1.353	0.243	0.080	0.079	0.102	1.579	1.380	1.607	0.261	1.344	1.399	0.180	1.422	0.214	0.080	0.080	0.078	0.080	0.080	0.080	0.080	0.081	0.081	0.080	0.080	0.079	0.079
21:20:01	0.080	0.081	0.081	0.080	0.080	0.080	0.080	0.081	0.081	0.082	0.080	0.080	0.080	0.102	1.393	1.340	1.562	0.378	1.708	1.654	0.209	1.295	0.379	0.080	0.080	0.101	1.315	1.578	1.656	0.251	1.499	1.474	0.172	1.433	0.243	0.079	0.080	0.101	1.458	1.417	1.643	0.110	1.691	1.310	0.163	0.938	0.517	0.079	0.080	0.102	1.456	1.522	1.710	0.213	1.458	1.270	0.156	1.252	0.355	0.079	0.081	0.102	1.527	1.422	1.425	0.223	1.217	1.377	0.172	1.358	0.241	0.080	0.079	0.102	1.575	1.380	1.615	0.277	1.348	1.403	0.181	1.431	0.210	0.079	0.079	0.078	0.080	0.080	0.080	0.080	0.081	0.081	0.080	0.080	0.079	0.079
21:30:01	0.081	0.081	0.081	0.080	0.081	0.080	0.081	0.081	0.081	0.082	0.080	0.080	0.080	0.101	1.391	1.343	1.565	0.390	1.702	1.656	0.211	1.296	0.378	0.080	0.080	0.101	1.315	1.587	1.659	0.263	1.500	1.486	0.174	1.432	0.243	0.079	0.080	0.101	1.462	1.421	1.643	0.110	1.679	1.309	0.163	0.935	0.518	0.079	0.080	0.102	1.453	1.524	1.716	0.214	1.431	1.276	0.156	1.251	0.356	0.080	0.081	0.102	1.536	1.428	1.435	0.229	1.223	1.384	0.173	1.361	0.242	0.080	0.080	0.102	1.583	1.384	1.629	0.281	1.349	1.385	0.183	1.428	0.214	0.079	0.079	0.078	0.081	0.080	0.081	0.081	0.081	0.082	0.080	0.080	0.080	0.079
21:40:01	0.081	0.081	0.081	0.080	0.081	0.080	0.080	0.081	0.081	0.081	0.080	0.080	0.080	0.101	1.392	1.344	1.566	0.397	1.703	1.657	0.214	1.297	0.380	0.080	0.080	0.101	1.316	1.590	1.662	0.276	1.499	1.492	0.176	1.431	0.242	0.079	0.080	0.101	1.464	1.424	1.647	0.111	1.680	1.312	0.165	0.931	0.519	0.079	0.080	0.101	1.454	1.526	1.717	0.217	1.358	1.277	0.157	1.248	0.357	0.080	0.081	0.102	1.538	1.430	1.438	0.231	1.226	1.388	0.172	1.364	0.242	0.080	0.080	0.101	1.585	1.385	1.641	0.281	1.353	1.399	0.185	1.429	0.215	0.079	0.079	0.078	0.081	0.080	0.081	0.081	0.081	0.082	0.080	0.080	0.080	0.079
21:50:01	0.080	0.081	0.081	0.080	0.080	0.080	0.080	0.080	0.081	0.081	0.080	0.080	0.080	0.101	1.392	1.345	1.567	0.400	1.703	1.657	0.215	1.298	0.383	0.080	0.080	0.101	1.317	1.593	1.663	0.277	1.496	1.484	0.180	1.427	0.242	0.079	0.080	0.101	1.466	1.426	1.648	0.111	1.680	1.306	0.166	0.927	0.519	0.079	0.080	0.101	1.456	1.523	1.718	0.220	1.246	1.279	0.157	1.246	0.360	0.079	0.080	0.102	1.539	1.432	1.442	0.237	1.230	1.384	0.172	1.365	0.242	0.080	0.079	0.101	1.588	1.387	1.650	0.291	1.349	1.391	0.186	1.430	0.217	0.079	0.079	0.078	0.080	0.080	0.080	0.080	0.080	0.080	0.080	0.080	0.079	0.079
22:00:01	0.080	0.081	0.081	0.080	0.081	0.080	0.080	0.080	0.081	0.081	0.080	0.080	0.081	0.101	1.395	1.349	1.569	0.405	1.706	1.659	0.220	1.301	0.385	0.080	0.080	0.101	1.320	1.594	1.666	0.283	1.513	1.489	0.183	1.431	0.242	0.079	0.080	0.101	1.471	1.431	1.650	0.112	1.681	1.314	0.167	0.928	0.517	0.079	0.080	0.102	1.457	1.528	1.722	0.222	1.232	1.284	0.157	1.247	0.362	0.080	0.081	0.102	1.542	1.436	1.446	0.250	1.239	1.388	0.173	1.372	0.244	0.080	0.080	0.102	1.589	1.391	1.658	0.296	1.357	1.388	0.187	1.433	0.218	0.079	0.079	0.078	0.081	0.080	0.080	0.081	0.081	0.080	0.080	0.080	0.080	0.079
22:10:01	0.081	0.081	0.081	0.080	0.081	0.080	0.081	0.081	0.081	0.082	0.080	0.080	0.081	0.102	1.398	1.350	1.569	0.410	1.709	1.659	0.221	1.303	0.385	0.080	0.080	0.101	1.322	1.590	1.667	0.279	1.518	1.488	0.185	1.430	0.244	0.079	0.080	0.101	1.472	1.433	1.652	0.112	1.684	1.311	0.169	0.934	0.514	0.079	0.080	0.102	1.456	1.524	1.727	0.230	1.227	1.288	0.158	1.245	0.363	0.080	0.081	0.102	1.543	1.438	1.447	0.253	1.243	1.383	0.174	1.374	0.244	0.080	0.079	0.102	1.586	1.393	1.661	0.300	1.355	1.386	0.189	1.438	0.216	0.079	0.079	0.078	0.080	0.080	0.080	0.080	0.080	0.080	0.080	0.080	0.079	0.079
22:20:01	0.079	0.081	0.081	0.080	0.080	0.080	0.080	0.080	0.081	0.081	0.080	0.080	0.080	0.101	1.401	1.350	1.568	0.412	1.721	1.659	0.226	1.306	0.381	0.080	0.080	0.101	1.325	1.585	1.669	0.295	1.522	1.484	0.185	1.432	0.245	0.079	0.080	0.101	1.472	1.433	1.660	0.112	1.697	1.317	0.171	0.929	0.523	0.079	0.080	0.102	1.464	1.524	1.723	0.233	1.204	1.289	0.162	1.244	0.362	0.079	0.081	0.102	1.536	1.437	1.447	0.253	1.244	1.381	0.176	1.379	0.244	0.080	0.079	0.102	1.582	1.392	1.600	0.310	1.361	1.388	0.191	1.447	0.213	0.079	0.079	0.078	0.081	0.079	0.081	0.081	0.081	0.080	0.080	0.080	0.079	0.079
22:30:01	0.079	0.081	0.081	0.080	0.080	0.080	0.080	0.080	0.081	0.081	0.080	0.080	0.080	0.102	1.401	1.352	1.571	0.421	1.716	1.661	0.226	1.306	0.388	0.080	0.080	0.101	1.327	1.592	1.672	0.298	1.519	1.501	0.187	1.431	0.243	0.079	0.080	0.101	1.476	1.437	1.662	0.113	1.641	1.322	0.172	0.927	0.521	0.079	0.080	0.102	1.465	1.528	1.730	0.239	1.175	1.291	0.162	1.242	0.366	0.079	0.081	0.102	1.542	1.442	1.455	0.253	1.247	1.387	0.177	1.383	0.246	0.080	0.079	0.102	1.590	1.396	1.580	0.320	1.365	1.409	0.192	1.446	0.216	0.079	0.079	0.078	0.080	0.079	0.080	0.080	0.081	0.080	0.080	0.080	0.079	0.079
22:40:01	0.080	0.081	0.081	0.080	0.080	0.080	0.080	0.080	0.081	0.081	0.080	0.080	0.080	0.102	1.403	1.353	1.572	0.425	1.718	1.661	0.230	1.307	0.392	0.080	0.080	0.101	1.328	1.596	1.674	0.296	1.521	1.498	0.189	1.431	0.243	0.079	0.080	0.101	1.478	1.440	1.665	0.113	1.731	1.319	0.174	0.924	0.522	0.079	0.080	0.102	1.468	1.528	1.731	0.240	1.165	1.292	0.165	1.240	0.367	0.080	0.081	0.102	1.543	1.444	1.459	0.265	1.249	1.386	0.178	1.387	0.246	0.080	0.079	0.102	1.593	1.397	1.539	0.322	1.365	1.409	0.193	1.448	0.218	0.079	0.079	0.078	0.081	0.079	0.080	0.080	0.081	0.080	0.080	0.080	0.080	0.079
22:50:01	0.080	0.080	0.081	0.079	0.081	0.080	0.080	0.081	0.081	0.081	0.080	0.080	0.081	0.102	1.404	1.355	1.572	0.425	1.719	1.663	0.234	1.308	0.397	0.079	0.080	0.101	1.329	1.596	1.675	0.307	1.521	1.500	0.190	1.433	0.243	0.080	0.080	0.101	1.480	1.442	1.667	0.113	1.721	1.323	0.175	0.924	0.522	0.079	0.080	0.102	1.470	1.530	1.735	0.253	1.159	1.294	0.166	1.239	0.369	0.080	0.081	0.102	1.544	1.446	1.463	0.266	1.253	1.386	0.179	1.391	0.247	0.080	0.080	0.101	1.594	1.399	1.585	0.327	1.371	1.410	0.194	1.449	0.219	0.079	0.079	0.078	0.081	0.079	0.081	0.081	0.081	0.080	0.080	0.080	0.080	0.080
23:00:01	0.080	0.080	0.081	0.080	0.081	0.080	0.081	0.081	0.081	0.081	0.080	0.080	0.081	0.102	1.407	1.358	1.573	0.428	1.722	1.665	0.235	1.310	0.406	0.079	0.080	0.101	1.332	1.598	1.676	0.313	1.521	1.500	0.191	1.430	0.244	0.080	0.080	0.101	1.483	1.445	1.671	0.114	1.714	1.320	0.176	0.924	0.525	0.079	0.080	0.102	1.470	1.530	1.738	0.257	1.175	1.298	0.165	1.238	0.371	0.080	0.081	0.102	1.547	1.450	1.467	0.266	1.257	1.384	0.180	1.393	0.247	0.080	0.080	0.101	1.595	1.402	1.590	0.329	1.370	1.410	0.194	1.452	0.219	0.079	0.079	0.078	0.081	0.079	0.081	0.081	0.081	0.080	0.080	0.080	0.079	0.080
23:10:01	0.080	0.080	0.081	0.080	0.081	0.080	0.080	0.081	0.081	0.081	0.080	0.080	0.081	0.101	1.407	1.359	1.574	0.438	1.723	1.666	0.242	1.311	0.408	0.079	0.080	0.101	1.332	1.600	1.678	0.323	1.517	1.504	0.191	1.432	0.245	0.080	0.080	0.101	1.484	1.446	1.673	0.114	1.703	1.321	0.175	0.921	0.529	0.080	0.080	0.101	1.472	1.532	1.742	0.261	1.188	1.301	0.167	1.236	0.372	0.080	0.081	0.102	1.549	1.452	1.470	0.269	1.258	1.386	0.181	1.395	0.248	0.080	0.080	0.101	1.597	1.402	1.556	0.335	1.373	1.409	0.195	1.454	0.220	0.079	0.080	0.078	0.081	0.080	0.081	0.081	0.081	0.080	0.080	0.080	0.079	0.080
23:20:01	0.080	0.080	0.081	0.080	0.081	0.080	0.080	0.081	0.081	0.081	0.080	0.080	0.081	0.101	1.409	1.361	1.575	0.447	1.725	1.667	0.243	1.313	0.409	0.079	0.080	0.101	1.334	1.602	1.680	0.324	1.516	1.513	0.192	1.431	0.244	0.080	0.080	0.101	1.488	1.449	1.677	0.114	1.701	1.319	0.177	0.919	0.534	0.080	0.080	0.101	1.475	1.534	1.744	0.271	1.211	1.304	0.168	1.236	0.372	0.080	0.081	0.101	1.552	1.455	1.476	0.276	1.261	1.385	0.183	1.398	0.249	0.080	0.080	0.101	1.599	1.406	1.546	0.343	1.375	1.409	0.197	1.455	0.222	0.079	0.080	0.078	0.081	0.080	0.081	0.081	0.081	0.080	0.080	0.080	0.079	0.079
23:30:01	0.080	0.080	0.080	0.080	0.081	0.080	0.080	0.081	0.081	0.081	0.080	0.080	0.080	0.101	1.409	1.362	1.577	0.452	1.725	1.669	0.246	1.314	0.411	0.079	0.080	0.101	1.335	1.605	1.681	0.328	1.515	1.519	0.192	1.431	0.244	0.080	0.080	0.101	1.491	1.452	1.679	0.115	1.700	1.322	0.177	0.916	0.539	0.079	0.080	0.101	1.477	1.535	1.747	0.278	1.233	1.306	0.169	1.235	0.374	0.080	0.081	0.101	1.553	1.457	1.478	0.285	1.263	1.386	0.183	1.403	0.250	0.080	0.080	0.101	1.601	1.407	1.547	0.344	1.376	1.409	0.197	1.456	0.222	0.079	0.080	0.078	0.081	0.080	0.080	0.081	0.081	0.080	0.080	0.080	0.079	0.079
23:40:01	0.080	0.080	0.080	0.080	0.080	0.080	0.080	0.081	0.081	0.081	0.080	0.080	0.081	0.101	1.411	1.363	1.577	0.462	1.726	1.670	0.253	1.316	0.415	0.079	0.080	0.101	1.337	1.607	1.683	0.331	1.516	1.525	0.193	1.433	0.244	0.080	0.080	0.101	1.494	1.454	1.687	0.115	1.700	1.328	0.180	0.916	0.534	0.080	0.080	0.101	1.478	1.537	1.750	0.285	1.250	1.309	0.170	1.234	0.377	0.080	0.081	0.102	1.555	1.460	1.481	0.287	1.267	1.387	0.184	1.410	0.251	0.080	0.080	0.101	1.602	1.410	1.548	0.347	1.381	1.410	0.198	1.458	0.223	0.079	0.080	0.078	0.081	0.080	0.081	0.081	0.081	0.080	0.080	0.080	0.079	0.079
23:50:01	0.080	0.080	0.080	0.080	0.080	0.080	0.080	0.081	0.081	0.081	0.080	0.080	0.081	0.101	1.413	1.365	1.578	0.464	1.727	1.671	0.258	1.317	0.413	0.079	0.080	0.101	1.338	1.606	1.684	0.333	1.516	1.525	0.194	1.431	0.244	0.080	0.080	0.101	1.496	1.456	1.687	0.116	1.696	1.323	0.181	0.919	0.529	0.080	0.080	0.101	1.478	1.536	1.755	0.283	1.267	1.312	0.173	1.233	0.377	0.080	0.081	0.102	1.558	1.463	1.481	0.290	1.274	1.383	0.186	1.416	0.252	0.080	0.080	0.101	1.603	1.412	1.547	0.352	1.380	1.411	0.199	1.460	0.223	0.079	0.080	0.078	0.081	0.080	0.081	0.080	0.081	0.080	0.080	0.079	0.079	0.079
24:00:01	0.080	0.080	0.080	0.080	0.080	0.080	0.080	0.081	0.081	0.081	0.080	0.080	0.081	0.102	1.415	1.366	1.577	0.467	1.732	1.670	0.262	1.320	0.409	0.079	0.080	0.101	1.340	1.603	1.685	0.339	1.515	1.525	0.193	1.435	0.246	0.080	0.080	0.101	1.498	1.457	1.691	0.116	1.687	1.326	0.182	0.920	0.536	0.080	0.080	0.101	1.480	1.538	1.756	0.283	1.289	1.314	0.177	1.232	0.379	0.080	0.080	0.102	1.558	1.464	1.481	0.299	1.277	1.385	0.187	1.420	0.252	0.080	0.080	0.101	1.599	1.413	1.550	0.354	1.385	1.416	0.202	1.465	0.221	0.079	0.080	0.078	0.081	0.080	0.081	0.080	0.081	0.080	0.079	0.079	0.079	0.079

