Field Group

Plate Comment:	
Procedure Summary
  Plate Type:              Corning 96 well for LogPhase600
  Plate Number:            3
  Discontinuous Kinetics:  Runtime 01:00:00 (D:HH:MM), Interval 00:10:00 (HH:MM:SS), 145 Reads (max)
  Read:                    600 nm
  Incubator:               On
    Temperature setpoint:  37 °C
    Temperature gradient:  On
  Shaking:                 Off		
			
			

600

Time	A1	A2	A3	A4	A5	A6	A7	A8	A9	A10	A11	A12	B1	B2	B3	B4	B5	B6	B7	B8	B9	B10	B11	B12	C1	C2	C3	C4	C5	C6	C7	C8	C9	C10	C11	C12	D1	D2	D3	D4	D5	D6	D7	D8	D9	D10	D11	D12	E1	E2	E3	E4	E5	E6	E7	E8	E9	E10	E11	E12	F1	F2	F3	F4	F5	F6	F7	F8	F9	F10	F11	F12	G1	G2	G3	G4	G5	G6	G7	G8	G9	G10	G11	G12	H1	H2	H3	H4	H5	H6	H7	H8	H9	H10	H11	H12
0:00:00	0.079	0.082	0.079	0.079	0.079	0.079	0.079	0.079	0.079	0.079	0.079	0.079	0.080	0.101	0.139	0.124	0.156	0.112	0.249	0.145	0.113	0.191	0.122	0.079	0.079	0.101	0.133	0.184	0.160	0.105	0.117	0.207	0.110	0.132	0.117	0.079	0.079	0.103	0.148	0.133	0.179	0.103	0.178	0.135	0.101	0.221	0.115	0.079	0.079	0.103	0.137	0.184	0.176	0.105	0.145	0.193	0.106	0.212	0.111	0.079	0.079	0.103	0.133	0.124	0.220	0.108	0.152	0.182	0.107	0.179	0.110	0.079	0.079	0.103	0.164	0.172	0.191	0.122	0.142	0.169	0.116	0.196	0.107	0.079	0.079	0.079	0.080	0.079	0.079	0.079	0.079	0.079	0.080	0.079	0.079	0.079
0:10:00	0.079	0.083	0.079	0.079	0.079	0.079	0.079	0.079	0.079	0.079	0.079	0.079	0.080	0.101	0.160	0.147	0.153	0.117	0.236	0.157	0.115	0.202	0.116	0.079	0.079	0.101	0.151	0.202	0.159	0.105	0.126	0.204	0.109	0.133	0.117	0.079	0.079	0.103	0.157	0.136	0.172	0.103	0.189	0.143	0.101	0.224	0.112	0.079	0.079	0.104	0.138	0.182	0.175	0.105	0.152	0.186	0.107	0.210	0.114	0.079	0.079	0.103	0.135	0.139	0.226	0.110	0.180	0.176	0.108	0.179	0.110	0.078	0.079	0.103	0.203	0.174	0.191	0.125	0.180	0.170	0.115	0.239	0.110	0.079	0.079	0.079	0.080	0.079	0.079	0.079	0.079	0.079	0.080	0.079	0.079	0.079
0:20:00	0.079	0.082	0.079	0.079	0.079	0.079	0.079	0.079	0.079	0.079	0.079	0.079	0.080	0.101	0.170	0.160	0.154	0.117	0.225	0.165	0.116	0.210	0.115	0.079	0.079	0.101	0.161	0.198	0.165	0.106	0.141	0.191	0.110	0.150	0.115	0.079	0.079	0.103	0.160	0.149	0.166	0.103	0.187	0.146	0.102	0.215	0.111	0.079	0.079	0.103	0.142	0.192	0.165	0.106	0.163	0.200	0.108	0.217	0.117	0.079	0.079	0.102	0.142	0.155	0.224	0.111	0.183	0.184	0.109	0.186	0.115	0.078	0.079	0.103	0.204	0.179	0.194	0.126	0.200	0.172	0.118	0.242	0.112	0.079	0.079	0.079	0.080	0.079	0.079	0.079	0.079	0.079	0.080	0.079	0.079	0.079
0:30:00	0.079	0.083	0.079	0.079	0.079	0.079	0.079	0.079	0.079	0.079	0.079	0.079	0.080	0.101	0.177	0.166	0.153	0.116	0.221	0.169	0.115	0.216	0.118	0.079	0.079	0.101	0.159	0.194	0.174	0.107	0.151	0.185	0.111	0.157	0.114	0.078	0.079	0.103	0.163	0.152	0.166	0.103	0.182	0.151	0.102	0.207	0.112	0.078	0.079	0.103	0.160	0.196	0.161	0.106	0.172	0.209	0.110	0.223	0.119	0.078	0.079	0.102	0.147	0.159	0.219	0.112	0.182	0.191	0.110	0.189	0.114	0.078	0.078	0.103	0.200	0.183	0.195	0.129	0.195	0.178	0.120	0.239	0.112	0.079	0.079	0.079	0.079	0.079	0.079	0.079	0.079	0.079	0.080	0.079	0.079	0.079
0:40:00	0.079	0.083	0.079	0.079	0.079	0.079	0.079	0.079	0.079	0.079	0.079	0.079	0.080	0.101	0.182	0.166	0.153	0.117	0.219	0.173	0.117	0.218	0.120	0.079	0.079	0.101	0.161	0.193	0.177	0.109	0.152	0.184	0.111	0.160	0.112	0.079	0.079	0.103	0.165	0.154	0.164	0.103	0.180	0.153	0.103	0.207	0.113	0.079	0.079	0.103	0.163	0.194	0.160	0.107	0.174	0.203	0.110	0.225	0.120	0.079	0.079	0.103	0.155	0.158	0.209	0.113	0.182	0.196	0.110	0.189	0.113	0.079	0.079	0.103	0.196	0.186	0.197	0.130	0.191	0.182	0.120	0.236	0.112	0.079	0.079	0.079	0.080	0.079	0.079	0.079	0.079	0.079	0.080	0.079	0.079	0.079
0:50:00	0.079	0.083	0.079	0.079	0.079	0.079	0.079	0.079	0.079	0.079	0.079	0.079	0.080	0.101	0.185	0.167	0.156	0.119	0.215	0.178	0.119	0.216	0.122	0.079	0.079	0.101	0.166	0.192	0.179	0.111	0.155	0.185	0.111	0.164	0.113	0.079	0.079	0.103	0.170	0.158	0.166	0.103	0.181	0.154	0.103	0.207	0.114	0.079	0.079	0.104	0.168	0.192	0.162	0.108	0.176	0.199	0.111	0.227	0.119	0.079	0.079	0.103	0.162	0.159	0.205	0.113	0.183	0.200	0.111	0.188	0.112	0.079	0.079	0.103	0.193	0.188	0.197	0.131	0.190	0.184	0.121	0.233	0.112	0.079	0.079	0.079	0.080	0.079	0.079	0.079	0.079	0.079	0.080	0.079	0.079	0.079
1:00:00	0.079	0.084	0.079	0.079	0.079	0.079	0.079	0.079	0.079	0.080	0.079	0.079	0.080	0.101	0.189	0.170	0.158	0.120	0.212	0.181	0.120	0.214	0.123	0.079	0.079	0.101	0.168	0.192	0.181	0.111	0.159	0.185	0.112	0.167	0.114	0.079	0.079	0.103	0.175	0.159	0.168	0.103	0.183	0.154	0.104	0.205	0.115	0.079	0.079	0.104	0.170	0.191	0.163	0.109	0.178	0.197	0.111	0.225	0.118	0.079	0.079	0.103	0.165	0.160	0.203	0.113	0.183	0.203	0.111	0.188	0.111	0.079	0.079	0.103	0.191	0.188	0.197	0.131	0.190	0.186	0.122	0.231	0.113	0.079	0.079	0.079	0.080	0.079	0.079	0.079	0.079	0.079	0.080	0.079	0.079	0.079
1:10:00	0.079	0.084	0.079	0.079	0.079	0.079	0.079	0.079	0.079	0.079	0.079	0.079	0.080	0.101	0.194	0.175	0.161	0.121	0.211	0.184	0.120	0.210	0.123	0.079	0.079	0.101	0.172	0.192	0.184	0.113	0.163	0.184	0.112	0.172	0.114	0.079	0.079	0.104	0.179	0.162	0.170	0.103	0.185	0.155	0.104	0.204	0.116	0.079	0.079	0.104	0.174	0.191	0.164	0.110	0.180	0.196	0.112	0.225	0.119	0.079	0.079	0.103	0.167	0.161	0.201	0.114	0.184	0.205	0.112	0.188	0.112	0.078	0.079	0.103	0.192	0.189	0.198	0.132	0.189	0.188	0.123	0.228	0.114	0.079	0.079	0.079	0.080	0.079	0.079	0.079	0.079	0.079	0.080	0.079	0.079	0.079
1:20:00	0.079	0.083	0.079	0.079	0.078	0.079	0.079	0.079	0.079	0.079	0.079	0.079	0.080	0.101	0.195	0.175	0.164	0.122	0.211	0.186	0.121	0.206	0.123	0.078	0.079	0.101	0.174	0.191	0.188	0.114	0.165	0.185	0.112	0.174	0.114	0.078	0.079	0.103	0.183	0.164	0.172	0.103	0.186	0.157	0.105	0.202	0.117	0.078	0.079	0.104	0.175	0.192	0.165	0.110	0.181	0.196	0.113	0.225	0.119	0.078	0.079	0.102	0.168	0.160	0.201	0.115	0.185	0.208	0.112	0.190	0.112	0.078	0.078	0.103	0.193	0.190	0.198	0.132	0.191	0.191	0.124	0.227	0.114	0.079	0.079	0.079	0.079	0.079	0.079	0.079	0.079	0.079	0.080	0.079	0.079	0.079
1:30:00	0.079	0.083	0.079	0.079	0.079	0.079	0.079	0.079	0.079	0.079	0.079	0.079	0.080	0.101	0.199	0.178	0.166	0.122	0.209	0.189	0.121	0.204	0.123	0.079	0.079	0.101	0.177	0.189	0.189	0.113	0.168	0.185	0.113	0.174	0.115	0.079	0.079	0.103	0.188	0.165	0.172	0.103	0.186	0.159	0.105	0.200	0.117	0.079	0.079	0.103	0.178	0.190	0.165	0.110	0.182	0.195	0.114	0.222	0.120	0.079	0.079	0.102	0.171	0.161	0.198	0.115	0.187	0.209	0.113	0.190	0.112	0.079	0.079	0.103	0.197	0.191	0.200	0.132	0.191	0.194	0.124	0.225	0.116	0.079	0.079	0.079	0.080	0.079	0.079	0.079	0.079	0.079	0.080	0.079	0.079	0.079
1:40:00	0.079	0.083	0.079	0.079	0.079	0.079	0.079	0.079	0.079	0.079	0.079	0.079	0.080	0.101	0.206	0.181	0.169	0.123	0.211	0.190	0.122	0.203	0.123	0.079	0.079	0.101	0.180	0.189	0.190	0.113	0.171	0.186	0.114	0.174	0.115	0.079	0.079	0.103	0.195	0.165	0.174	0.103	0.186	0.160	0.106	0.198	0.118	0.079	0.079	0.103	0.180	0.190	0.166	0.111	0.183	0.194	0.114	0.222	0.120	0.079	0.079	0.102	0.173	0.161	0.196	0.115	0.188	0.210	0.114	0.191	0.112	0.079	0.079	0.102	0.201	0.192	0.201	0.132	0.192	0.197	0.124	0.224	0.117	0.079	0.079	0.079	0.080	0.079	0.079	0.079	0.079	0.080	0.080	0.079	0.079	0.079
1:50:00	0.079	0.083	0.079	0.079	0.079	0.079	0.079	0.079	0.079	0.079	0.079	0.080	0.080	0.101	0.211	0.182	0.172	0.124	0.214	0.191	0.123	0.204	0.123	0.079	0.079	0.101	0.186	0.190	0.193	0.113	0.173	0.187	0.114	0.176	0.116	0.079	0.079	0.103	0.199	0.167	0.177	0.103	0.188	0.161	0.106	0.198	0.119	0.079	0.079	0.103	0.181	0.192	0.168	0.111	0.184	0.193	0.115	0.223	0.121	0.079	0.079	0.102	0.176	0.162	0.197	0.116	0.189	0.211	0.115	0.194	0.113	0.079	0.079	0.103	0.203	0.192	0.200	0.132	0.193	0.200	0.125	0.223	0.118	0.079	0.079	0.079	0.080	0.079	0.079	0.079	0.079	0.079	0.080	0.079	0.079	0.079
2:00:00	0.079	0.083	0.079	0.079	0.079	0.079	0.079	0.079	0.079	0.080	0.079	0.080	0.080	0.101	0.216	0.185	0.173	0.124	0.213	0.192	0.123	0.205	0.124	0.079	0.079	0.101	0.189	0.191	0.193	0.112	0.175	0.186	0.114	0.176	0.116	0.079	0.079	0.103	0.203	0.169	0.178	0.103	0.188	0.163	0.106	0.198	0.119	0.079	0.079	0.103	0.184	0.192	0.169	0.111	0.186	0.192	0.115	0.222	0.122	0.079	0.079	0.102	0.181	0.164	0.195	0.116	0.190	0.210	0.115	0.194	0.114	0.079	0.079	0.103	0.204	0.192	0.202	0.132	0.194	0.203	0.124	0.222	0.119	0.079	0.079	0.079	0.080	0.079	0.079	0.079	0.079	0.079	0.080	0.079	0.079	0.079
2:10:00	0.079	0.083	0.079	0.079	0.079	0.079	0.079	0.079	0.079	0.079	0.079	0.079	0.080	0.101	0.223	0.186	0.177	0.125	0.215	0.192	0.123	0.206	0.124	0.079	0.079	0.101	0.196	0.193	0.196	0.113	0.178	0.187	0.116	0.180	0.117	0.079	0.079	0.103	0.206	0.172	0.181	0.103	0.191	0.164	0.106	0.199	0.120	0.079	0.079	0.103	0.186	0.195	0.172	0.111	0.188	0.191	0.116	0.222	0.123	0.079	0.079	0.102	0.184	0.165	0.198	0.117	0.191	0.211	0.116	0.198	0.114	0.079	0.079	0.102	0.208	0.192	0.202	0.133	0.197	0.208	0.125	0.222	0.119	0.079	0.079	0.079	0.080	0.079	0.079	0.079	0.079	0.079	0.080	0.079	0.079	0.079
2:20:00	0.079	0.083	0.079	0.079	0.079	0.079	0.079	0.079	0.079	0.080	0.079	0.080	0.080	0.101	0.228	0.192	0.178	0.125	0.215	0.194	0.124	0.206	0.124	0.079	0.079	0.101	0.199	0.195	0.196	0.113	0.181	0.187	0.116	0.182	0.117	0.079	0.079	0.103	0.209	0.175	0.183	0.103	0.192	0.166	0.107	0.199	0.120	0.079	0.079	0.103	0.190	0.194	0.174	0.111	0.190	0.191	0.116	0.222	0.123	0.079	0.079	0.102	0.188	0.165	0.197	0.117	0.193	0.211	0.117	0.199	0.115	0.079	0.079	0.103	0.209	0.192	0.203	0.133	0.197	0.212	0.125	0.221	0.120	0.079	0.079	0.079	0.080	0.079	0.079	0.079	0.079	0.079	0.080	0.079	0.079	0.079
2:30:00	0.079	0.083	0.079	0.079	0.079	0.079	0.079	0.079	0.079	0.080	0.079	0.080	0.080	0.101	0.228	0.194	0.181	0.126	0.218	0.196	0.124	0.206	0.124	0.079	0.079	0.101	0.204	0.198	0.200	0.114	0.185	0.188	0.118	0.186	0.118	0.079	0.079	0.103	0.214	0.179	0.186	0.104	0.194	0.168	0.107	0.199	0.121	0.079	0.079	0.103	0.193	0.196	0.177	0.112	0.192	0.191	0.116	0.221	0.124	0.079	0.079	0.102	0.191	0.166	0.197	0.118	0.195	0.212	0.118	0.201	0.116	0.079	0.079	0.103	0.213	0.193	0.203	0.133	0.199	0.216	0.125	0.220	0.121	0.079	0.079	0.079	0.080	0.079	0.080	0.079	0.079	0.080	0.080	0.079	0.079	0.079
2:40:00	0.079	0.084	0.079	0.079	0.079	0.079	0.079	0.079	0.079	0.080	0.079	0.080	0.080	0.101	0.229	0.195	0.186	0.126	0.220	0.198	0.124	0.207	0.124	0.079	0.079	0.101	0.212	0.201	0.202	0.114	0.188	0.188	0.119	0.191	0.119	0.079	0.079	0.103	0.219	0.184	0.190	0.104	0.196	0.171	0.108	0.200	0.122	0.079	0.079	0.103	0.196	0.198	0.181	0.112	0.194	0.191	0.117	0.221	0.125	0.079	0.079	0.102	0.195	0.169	0.199	0.118	0.196	0.213	0.118	0.204	0.116	0.079	0.079	0.103	0.216	0.193	0.203	0.133	0.201	0.218	0.126	0.221	0.122	0.079	0.079	0.079	0.080	0.079	0.079	0.079	0.079	0.080	0.080	0.079	0.079	0.079
2:50:00	0.079	0.084	0.079	0.079	0.079	0.079	0.079	0.079	0.079	0.079	0.079	0.080	0.080	0.101	0.230	0.198	0.190	0.126	0.222	0.200	0.125	0.208	0.124	0.079	0.079	0.101	0.217	0.203	0.204	0.114	0.191	0.189	0.119	0.195	0.119	0.079	0.079	0.103	0.224	0.188	0.193	0.104	0.198	0.173	0.108	0.202	0.122	0.079	0.079	0.103	0.200	0.200	0.184	0.112	0.196	0.191	0.117	0.222	0.125	0.079	0.079	0.102	0.198	0.172	0.199	0.119	0.198	0.213	0.118	0.206	0.117	0.079	0.079	0.103	0.216	0.192	0.203	0.133	0.202	0.222	0.126	0.221	0.122	0.079	0.079	0.079	0.080	0.079	0.079	0.079	0.079	0.079	0.080	0.079	0.079	0.079
3:00:00	0.079	0.084	0.079	0.079	0.079	0.079	0.079	0.079	0.079	0.080	0.079	0.080	0.080	0.101	0.232	0.205	0.194	0.127	0.224	0.203	0.125	0.208	0.124	0.079	0.079	0.101	0.221	0.204	0.207	0.115	0.194	0.190	0.120	0.200	0.120	0.079	0.079	0.103	0.229	0.192	0.196	0.104	0.199	0.176	0.108	0.205	0.123	0.079	0.079	0.104	0.205	0.201	0.187	0.113	0.199	0.191	0.116	0.223	0.126	0.079	0.079	0.103	0.203	0.175	0.199	0.119	0.200	0.213	0.118	0.209	0.117	0.079	0.079	0.103	0.223	0.193	0.204	0.133	0.204	0.223	0.126	0.222	0.123	0.079	0.079	0.079	0.080	0.079	0.079	0.079	0.079	0.079	0.080	0.079	0.079	0.079
3:10:00	0.079	0.084	0.079	0.079	0.079	0.079	0.079	0.079	0.079	0.079	0.079	0.080	0.080	0.101	0.236	0.209	0.197	0.127	0.229	0.205	0.125	0.210	0.124	0.079	0.079	0.101	0.225	0.206	0.210	0.115	0.198	0.191	0.120	0.205	0.121	0.079	0.079	0.103	0.235	0.196	0.200	0.104	0.201	0.179	0.108	0.207	0.124	0.079	0.079	0.104	0.210	0.203	0.191	0.113	0.201	0.192	0.116	0.224	0.126	0.079	0.079	0.102	0.207	0.178	0.200	0.119	0.203	0.213	0.118	0.212	0.117	0.079	0.079	0.103	0.224	0.196	0.205	0.133	0.205	0.227	0.126	0.223	0.123	0.079	0.079	0.079	0.080	0.079	0.079	0.079	0.079	0.079	0.080	0.079	0.079	0.079
3:20:00	0.079	0.084	0.079	0.079	0.079	0.079	0.079	0.079	0.079	0.079	0.079	0.080	0.080	0.101	0.242	0.213	0.203	0.127	0.233	0.208	0.125	0.211	0.124	0.079	0.079	0.101	0.230	0.209	0.213	0.115	0.202	0.193	0.121	0.209	0.121	0.079	0.079	0.103	0.241	0.199	0.203	0.104	0.203	0.181	0.109	0.210	0.124	0.079	0.079	0.103	0.214	0.206	0.195	0.113	0.204	0.193	0.116	0.226	0.126	0.079	0.079	0.102	0.212	0.182	0.201	0.119	0.206	0.214	0.118	0.215	0.118	0.079	0.079	0.103	0.228	0.198	0.206	0.133	0.207	0.233	0.126	0.225	0.123	0.079	0.079	0.079	0.080	0.079	0.079	0.079	0.079	0.080	0.080	0.079	0.079	0.079
3:30:00	0.079	0.084	0.079	0.079	0.079	0.079	0.079	0.079	0.079	0.079	0.079	0.080	0.080	0.101	0.249	0.215	0.209	0.128	0.237	0.211	0.125	0.213	0.124	0.079	0.079	0.101	0.234	0.212	0.216	0.115	0.207	0.196	0.121	0.215	0.121	0.079	0.079	0.103	0.246	0.203	0.207	0.104	0.206	0.184	0.109	0.213	0.125	0.079	0.079	0.103	0.219	0.209	0.200	0.113	0.206	0.195	0.117	0.228	0.127	0.079	0.079	0.102	0.218	0.184	0.204	0.120	0.209	0.215	0.119	0.219	0.118	0.079	0.079	0.102	0.233	0.193	0.207	0.133	0.210	0.235	0.126	0.227	0.123	0.079	0.079	0.079	0.080	0.079	0.079	0.079	0.079	0.080	0.080	0.079	0.079	0.080
3:40:00	0.080	0.084	0.079	0.079	0.079	0.079	0.079	0.079	0.079	0.080	0.079	0.080	0.080	0.101	0.257	0.221	0.215	0.128	0.245	0.216	0.125	0.216	0.125	0.079	0.079	0.101	0.240	0.215	0.219	0.116	0.212	0.198	0.121	0.220	0.122	0.079	0.079	0.103	0.256	0.208	0.212	0.105	0.209	0.188	0.110	0.216	0.126	0.079	0.079	0.103	0.228	0.212	0.204	0.114	0.210	0.197	0.116	0.231	0.127	0.079	0.079	0.102	0.224	0.190	0.206	0.120	0.212	0.216	0.119	0.222	0.119	0.079	0.079	0.102	0.228	0.195	0.213	0.133	0.212	0.238	0.126	0.230	0.124	0.079	0.079	0.079	0.080	0.080	0.080	0.080	0.079	0.080	0.080	0.080	0.079	0.080
3:50:00	0.080	0.084	0.079	0.079	0.079	0.079	0.079	0.080	0.079	0.080	0.079	0.080	0.080	0.101	0.265	0.227	0.221	0.129	0.253	0.221	0.125	0.219	0.125	0.079	0.079	0.101	0.245	0.220	0.223	0.116	0.217	0.201	0.121	0.225	0.122	0.079	0.079	0.103	0.261	0.214	0.216	0.105	0.212	0.191	0.110	0.220	0.126	0.079	0.079	0.103	0.236	0.217	0.209	0.114	0.214	0.199	0.116	0.233	0.128	0.079	0.079	0.102	0.230	0.196	0.210	0.120	0.215	0.217	0.119	0.224	0.119	0.079	0.079	0.103	0.242	0.207	0.216	0.133	0.215	0.244	0.126	0.233	0.124	0.079	0.079	0.079	0.080	0.079	0.079	0.079	0.079	0.080	0.080	0.079	0.079	0.079
4:00:00	0.079	0.083	0.079	0.079	0.079	0.079	0.079	0.079	0.079	0.079	0.079	0.080	0.080	0.101	0.275	0.232	0.229	0.129	0.262	0.226	0.125	0.223	0.124	0.079	0.079	0.101	0.252	0.227	0.231	0.116	0.222	0.204	0.121	0.250	0.122	0.079	0.079	0.103	0.272	0.220	0.222	0.105	0.215	0.194	0.110	0.223	0.126	0.079	0.079	0.103	0.240	0.223	0.216	0.114	0.217	0.202	0.117	0.238	0.128	0.079	0.079	0.102	0.236	0.198	0.214	0.120	0.218	0.219	0.119	0.225	0.120	0.079	0.079	0.102	0.231	0.209	0.214	0.133	0.220	0.246	0.126	0.235	0.124	0.079	0.079	0.079	0.080	0.079	0.079	0.079	0.079	0.079	0.080	0.079	0.079	0.079
4:10:00	0.080	0.083	0.079	0.079	0.079	0.079	0.079	0.079	0.079	0.080	0.079	0.080	0.080	0.101	0.282	0.234	0.236	0.130	0.328	0.233	0.126	0.229	0.125	0.079	0.079	0.101	0.256	0.234	0.238	0.117	0.228	0.208	0.121	0.277	0.123	0.079	0.079	0.103	0.287	0.229	0.229	0.105	0.218	0.199	0.111	0.227	0.127	0.079	0.079	0.103	0.246	0.228	0.218	0.115	0.223	0.205	0.117	0.241	0.129	0.079	0.079	0.102	0.245	0.203	0.216	0.121	0.218	0.222	0.119	0.231	0.120	0.079	0.079	0.103	0.235	0.228	0.217	0.134	0.223	0.248	0.126	0.237	0.125	0.079	0.079	0.079	0.080	0.079	0.080	0.080	0.079	0.080	0.080	0.080	0.079	0.080
4:20:00	0.080	0.083	0.079	0.079	0.079	0.079	0.079	0.079	0.079	0.080	0.079	0.080	0.080	0.101	0.286	0.239	0.246	0.130	0.311	0.237	0.126	0.232	0.126	0.079	0.079	0.101	0.259	0.243	0.248	0.117	0.232	0.212	0.121	0.289	0.123	0.079	0.079	0.103	0.284	0.231	0.236	0.106	0.223	0.203	0.111	0.230	0.128	0.079	0.079	0.103	0.257	0.257	0.221	0.115	0.228	0.208	0.117	0.240	0.129	0.079	0.079	0.102	0.248	0.204	0.219	0.121	0.216	0.224	0.120	0.233	0.121	0.079	0.079	0.103	0.239	0.232	0.218	0.134	0.227	0.248	0.127	0.238	0.125	0.079	0.079	0.079	0.080	0.080	0.080	0.080	0.079	0.080	0.080	0.079	0.079	0.080
4:30:00	0.080	0.084	0.079	0.079	0.079	0.079	0.079	0.079	0.079	0.080	0.079	0.080	0.080	0.101	0.303	0.244	0.278	0.130	0.342	0.244	0.126	0.236	0.126	0.079	0.079	0.101	0.275	0.250	0.287	0.117	0.244	0.217	0.121	0.286	0.123	0.079	0.079	0.103	0.302	0.242	0.258	0.106	0.227	0.208	0.112	0.238	0.128	0.079	0.079	0.103	0.269	0.265	0.229	0.115	0.238	0.213	0.118	0.247	0.130	0.079	0.079	0.102	0.279	0.212	0.224	0.121	0.232	0.227	0.120	0.247	0.121	0.079	0.079	0.103	0.241	0.217	0.226	0.134	0.231	0.256	0.127	0.243	0.126	0.079	0.079	0.079	0.080	0.079	0.080	0.080	0.079	0.080	0.081	0.080	0.079	0.080
4:40:00	0.080	0.084	0.079	0.079	0.079	0.079	0.079	0.080	0.079	0.080	0.079	0.080	0.080	0.101	0.319	0.253	0.295	0.131	0.361	0.256	0.126	0.240	0.127	0.079	0.079	0.101	0.281	0.260	0.351	0.117	0.249	0.222	0.121	0.296	0.124	0.079	0.079	0.103	0.306	0.251	0.270	0.106	0.231	0.213	0.112	0.247	0.129	0.079	0.079	0.103	0.286	0.285	0.238	0.115	0.247	0.217	0.117	0.255	0.131	0.079	0.079	0.102	0.318	0.223	0.231	0.122	0.263	0.230	0.120	0.277	0.122	0.079	0.079	0.103	0.242	0.210	0.229	0.134	0.236	0.272	0.127	0.248	0.127	0.079	0.079	0.079	0.080	0.079	0.080	0.079	0.079	0.080	0.080	0.080	0.080	0.080
4:50:00	0.080	0.084	0.079	0.079	0.079	0.079	0.079	0.079	0.079	0.080	0.079	0.080	0.080	0.101	0.320	0.262	0.323	0.131	0.344	0.258	0.127	0.248	0.128	0.079	0.079	0.101	0.287	0.269	0.346	0.118	0.253	0.229	0.121	0.295	0.124	0.079	0.079	0.103	0.317	0.260	0.262	0.106	0.238	0.217	0.112	0.245	0.130	0.079	0.079	0.104	0.303	0.261	0.245	0.116	0.244	0.221	0.118	0.256	0.131	0.079	0.079	0.102	0.292	0.234	0.231	0.122	0.270	0.234	0.120	0.282	0.123	0.079	0.079	0.103	0.256	0.236	0.228	0.134	0.242	0.283	0.127	0.252	0.128	0.079	0.079	0.079	0.080	0.080	0.080	0.080	0.079	0.080	0.080	0.080	0.079	0.080
5:00:00	0.080	0.084	0.079	0.079	0.079	0.079	0.079	0.079	0.079	0.080	0.079	0.080	0.080	0.101	0.341	0.278	0.339	0.132	0.376	0.270	0.127	0.256	0.128	0.079	0.079	0.101	0.297	0.280	0.390	0.118	0.273	0.238	0.121	0.311	0.125	0.079	0.079	0.103	0.333	0.272	0.272	0.106	0.249	0.220	0.112	0.266	0.130	0.079	0.079	0.103	0.314	0.276	0.260	0.116	0.258	0.227	0.118	0.265	0.132	0.079	0.079	0.102	0.309	0.265	0.243	0.122	0.285	0.238	0.120	0.324	0.123	0.079	0.079	0.103	0.265	0.234	0.234	0.134	0.242	0.287	0.127	0.258	0.129	0.079	0.079	0.079	0.080	0.079	0.079	0.079	0.079	0.080	0.080	0.079	0.079	0.080
5:10:00	0.080	0.084	0.079	0.079	0.079	0.079	0.079	0.079	0.079	0.080	0.079	0.080	0.080	0.101	0.353	0.290	0.346	0.132	0.420	0.292	0.127	0.266	0.128	0.079	0.079	0.101	0.309	0.300	0.398	0.118	0.281	0.238	0.121	0.324	0.125	0.079	0.079	0.103	0.341	0.280	0.286	0.106	0.259	0.222	0.112	0.283	0.130	0.079	0.079	0.103	0.325	0.283	0.263	0.116	0.266	0.231	0.118	0.273	0.133	0.079	0.079	0.102	0.354	0.277	0.259	0.122	0.291	0.242	0.120	0.323	0.123	0.079	0.079	0.102	0.292	0.237	0.242	0.134	0.252	0.292	0.127	0.265	0.129	0.079	0.079	0.079	0.080	0.079	0.080	0.079	0.079	0.080	0.080	0.080	0.080	0.080
5:20:00	0.080	0.084	0.079	0.079	0.079	0.079	0.079	0.080	0.080	0.080	0.079	0.080	0.080	0.101	0.360	0.292	0.341	0.132	0.394	0.318	0.128	0.267	0.129	0.079	0.080	0.101	0.313	0.310	0.377	0.118	0.284	0.240	0.121	0.336	0.126	0.079	0.080	0.103	0.353	0.289	0.306	0.107	0.260	0.227	0.113	0.280	0.131	0.079	0.079	0.103	0.333	0.290	0.270	0.116	0.277	0.233	0.118	0.277	0.133	0.079	0.080	0.102	0.339	0.281	0.258	0.122	0.289	0.246	0.120	0.308	0.124	0.079	0.079	0.102	0.292	0.231	0.266	0.135	0.260	0.294	0.127	0.271	0.129	0.079	0.080	0.079	0.080	0.080	0.080	0.080	0.080	0.080	0.080	0.080	0.080	0.080
5:30:00	0.080	0.084	0.079	0.080	0.079	0.079	0.079	0.080	0.080	0.080	0.079	0.080	0.080	0.101	0.369	0.296	0.390	0.133	0.402	0.349	0.128	0.283	0.129	0.079	0.080	0.101	0.324	0.320	0.368	0.119	0.298	0.253	0.121	0.362	0.126	0.079	0.080	0.103	0.363	0.304	0.311	0.107	0.266	0.241	0.113	0.296	0.131	0.079	0.079	0.103	0.347	0.307	0.277	0.116	0.290	0.244	0.119	0.288	0.135	0.079	0.080	0.102	0.359	0.291	0.282	0.123	0.325	0.250	0.120	0.377	0.124	0.079	0.079	0.103	0.282	0.237	0.307	0.135	0.268	0.297	0.127	0.280	0.130	0.079	0.080	0.079	0.080	0.080	0.080	0.080	0.080	0.080	0.081	0.080	0.080	0.080
5:40:00	0.080	0.084	0.079	0.079	0.079	0.079	0.079	0.079	0.079	0.080	0.079	0.080	0.080	0.101	0.379	0.309	0.423	0.133	0.402	0.351	0.128	0.284	0.129	0.079	0.079	0.101	0.336	0.332	0.404	0.118	0.315	0.270	0.121	0.365	0.126	0.079	0.079	0.103	0.371	0.319	0.314	0.107	0.285	0.254	0.113	0.301	0.131	0.079	0.079	0.103	0.354	0.311	0.293	0.116	0.296	0.256	0.118	0.298	0.136	0.079	0.079	0.102	0.362	0.319	0.294	0.122	0.311	0.253	0.120	0.348	0.124	0.079	0.079	0.102	0.298	0.247	0.308	0.135	0.287	0.307	0.127	0.282	0.131	0.079	0.079	0.079	0.080	0.079	0.080	0.079	0.079	0.080	0.080	0.079	0.079	0.080
5:50:00	0.080	0.084	0.079	0.080	0.079	0.079	0.079	0.080	0.079	0.080	0.079	0.080	0.080	0.101	0.385	0.326	0.413	0.134	0.405	0.361	0.128	0.297	0.130	0.079	0.080	0.101	0.348	0.345	0.370	0.119	0.316	0.285	0.121	0.358	0.127	0.079	0.079	0.103	0.382	0.331	0.329	0.107	0.300	0.268	0.114	0.316	0.133	0.079	0.079	0.103	0.369	0.343	0.309	0.116	0.316	0.264	0.119	0.307	0.137	0.079	0.080	0.102	0.372	0.317	0.300	0.123	0.319	0.265	0.120	0.347	0.125	0.079	0.079	0.103	0.310	0.283	0.302	0.136	0.290	0.313	0.127	0.291	0.131	0.079	0.080	0.079	0.080	0.080	0.080	0.080	0.080	0.080	0.081	0.080	0.080	0.080
6:00:00	0.080	0.084	0.079	0.080	0.079	0.079	0.079	0.080	0.080	0.080	0.079	0.080	0.080	0.101	0.398	0.336	0.428	0.134	0.451	0.364	0.129	0.324	0.131	0.079	0.080	0.101	0.360	0.354	0.386	0.119	0.332	0.301	0.121	0.389	0.127	0.079	0.080	0.103	0.396	0.348	0.342	0.107	0.321	0.286	0.114	0.329	0.134	0.079	0.079	0.103	0.385	0.357	0.318	0.117	0.328	0.278	0.119	0.356	0.137	0.079	0.080	0.102	0.411	0.313	0.340	0.123	0.342	0.278	0.121	0.375	0.125	0.079	0.079	0.102	0.321	0.285	0.301	0.136	0.315	0.320	0.127	0.293	0.133	0.079	0.080	0.079	0.080	0.080	0.080	0.080	0.080	0.080	0.081	0.080	0.080	0.080
6:10:00	0.080	0.084	0.079	0.079	0.079	0.079	0.079	0.079	0.079	0.080	0.079	0.080	0.080	0.101	0.408	0.337	0.422	0.134	0.447	0.382	0.129	0.328	0.131	0.079	0.079	0.101	0.367	0.365	0.409	0.120	0.347	0.309	0.121	0.385	0.128	0.079	0.079	0.103	0.396	0.357	0.351	0.108	0.329	0.297	0.114	0.345	0.135	0.079	0.079	0.103	0.394	0.351	0.330	0.117	0.328	0.293	0.119	0.346	0.136	0.079	0.079	0.102	0.434	0.320	0.347	0.123	0.325	0.287	0.121	0.379	0.126	0.079	0.079	0.103	0.340	0.281	0.294	0.137	0.315	0.325	0.127	0.310	0.134	0.079	0.080	0.079	0.080	0.080	0.080	0.080	0.079	0.080	0.081	0.080	0.080	0.080
6:20:00	0.080	0.084	0.080	0.080	0.079	0.079	0.079	0.080	0.080	0.080	0.079	0.080	0.080	0.101	0.427	0.367	0.440	0.135	0.448	0.404	0.129	0.353	0.132	0.079	0.080	0.101	0.386	0.376	0.408	0.120	0.359	0.321	0.121	0.386	0.129	0.079	0.080	0.103	0.408	0.366	0.362	0.108	0.333	0.317	0.115	0.347	0.135	0.079	0.080	0.103	0.404	0.379	0.338	0.117	0.346	0.302	0.120	0.334	0.136	0.079	0.080	0.102	0.407	0.359	0.339	0.123	0.339	0.297	0.121	0.391	0.126	0.079	0.079	0.103	0.350	0.306	0.328	0.138	0.318	0.340	0.128	0.319	0.134	0.080	0.080	0.080	0.080	0.080	0.080	0.080	0.080	0.080	0.081	0.080	0.080	0.080
6:30:00	0.080	0.085	0.079	0.080	0.079	0.079	0.079	0.080	0.080	0.080	0.079	0.080	0.080	0.101	0.446	0.383	0.435	0.136	0.467	0.436	0.129	0.360	0.132	0.079	0.080	0.101	0.400	0.398	0.413	0.120	0.378	0.329	0.121	0.417	0.129	0.079	0.080	0.103	0.419	0.372	0.373	0.109	0.357	0.332	0.115	0.357	0.134	0.079	0.079	0.104	0.412	0.390	0.351	0.117	0.358	0.318	0.120	0.356	0.136	0.079	0.080	0.102	0.420	0.386	0.354	0.123	0.357	0.314	0.121	0.400	0.127	0.079	0.079	0.103	0.359	0.319	0.348	0.138	0.339	0.353	0.128	0.326	0.133	0.079	0.080	0.079	0.080	0.080	0.080	0.080	0.080	0.080	0.081	0.080	0.080	0.080
6:40:00	0.080	0.084	0.079	0.080	0.079	0.079	0.079	0.080	0.080	0.080	0.079	0.080	0.080	0.101	0.448	0.389	0.437	0.136	0.463	0.427	0.130	0.360	0.132	0.079	0.080	0.101	0.404	0.423	0.419	0.120	0.382	0.333	0.121	0.419	0.128	0.079	0.080	0.103	0.427	0.384	0.377	0.109	0.365	0.339	0.115	0.368	0.135	0.079	0.079	0.103	0.421	0.379	0.360	0.117	0.365	0.328	0.120	0.355	0.137	0.079	0.080	0.102	0.420	0.355	0.354	0.124	0.351	0.325	0.121	0.392	0.128	0.079	0.079	0.103	0.367	0.322	0.345	0.140	0.353	0.354	0.128	0.325	0.131	0.080	0.080	0.079	0.080	0.080	0.080	0.080	0.080	0.080	0.081	0.080	0.080	0.080
6:50:00	0.080	0.084	0.079	0.079	0.079	0.079	0.079	0.079	0.079	0.080	0.079	0.080	0.080	0.100	0.459	0.406	0.441	0.137	0.494	0.464	0.129	0.385	0.132	0.079	0.079	0.101	0.423	0.420	0.422	0.120	0.402	0.349	0.121	0.433	0.128	0.079	0.079	0.103	0.441	0.402	0.395	0.109	0.377	0.357	0.115	0.390	0.136	0.079	0.079	0.103	0.430	0.398	0.372	0.117	0.382	0.342	0.120	0.374	0.137	0.079	0.079	0.102	0.452	0.384	0.363	0.123	0.357	0.344	0.121	0.401	0.128	0.079	0.079	0.102	0.392	0.344	0.364	0.140	0.360	0.367	0.128	0.345	0.130	0.079	0.080	0.079	0.080	0.080	0.080	0.080	0.079	0.080	0.080	0.080	0.080	0.080
7:00:00	0.080	0.084	0.079	0.080	0.079	0.079	0.079	0.079	0.080	0.080	0.079	0.080	0.080	0.101	0.466	0.454	0.486	0.137	0.524	0.482	0.130	0.400	0.131	0.079	0.080	0.101	0.432	0.425	0.438	0.120	0.416	0.367	0.122	0.455	0.128	0.079	0.080	0.103	0.447	0.407	0.406	0.109	0.395	0.369	0.115	0.409	0.136	0.079	0.079	0.103	0.447	0.416	0.382	0.117	0.389	0.353	0.120	0.384	0.137	0.079	0.080	0.102	0.468	0.397	0.385	0.123	0.370	0.356	0.121	0.429	0.128	0.079	0.079	0.102	0.404	0.364	0.379	0.142	0.380	0.384	0.128	0.354	0.130	0.080	0.080	0.079	0.080	0.080	0.080	0.080	0.080	0.080	0.080	0.080	0.080	0.080
7:10:00	0.080	0.084	0.079	0.080	0.079	0.079	0.079	0.080	0.080	0.080	0.079	0.080	0.080	0.101	0.487	0.443	0.466	0.137	0.511	0.469	0.130	0.402	0.130	0.079	0.080	0.101	0.440	0.439	0.446	0.121	0.416	0.373	0.122	0.431	0.128	0.079	0.080	0.103	0.453	0.422	0.413	0.109	0.398	0.373	0.116	0.406	0.137	0.079	0.079	0.103	0.461	0.414	0.394	0.117	0.397	0.360	0.121	0.382	0.138	0.079	0.080	0.102	0.470	0.382	0.398	0.124	0.372	0.364	0.121	0.408	0.129	0.079	0.079	0.102	0.414	0.373	0.369	0.143	0.391	0.395	0.129	0.356	0.134	0.079	0.080	0.079	0.080	0.080	0.080	0.080	0.080	0.080	0.080	0.080	0.080	0.080
7:20:00	0.080	0.084	0.079	0.080	0.079	0.079	0.079	0.080	0.080	0.080	0.079	0.080	0.080	0.101	0.501	0.447	0.493	0.138	0.544	0.491	0.130	0.405	0.131	0.079	0.080	0.101	0.459	0.447	0.462	0.121	0.429	0.392	0.122	0.446	0.128	0.079	0.080	0.103	0.464	0.427	0.428	0.110	0.413	0.389	0.116	0.438	0.138	0.079	0.079	0.103	0.472	0.429	0.404	0.117	0.414	0.379	0.121	0.408	0.138	0.079	0.079	0.102	0.496	0.421	0.416	0.124	0.385	0.379	0.121	0.417	0.129	0.079	0.079	0.102	0.434	0.409	0.393	0.144	0.402	0.402	0.129	0.376	0.130	0.079	0.079	0.079	0.080	0.079	0.080	0.080	0.079	0.080	0.081	0.080	0.079	0.080
7:30:00	0.080	0.084	0.079	0.080	0.079	0.079	0.079	0.080	0.080	0.080	0.079	0.080	0.080	0.101	0.504	0.469	0.484	0.138	0.534	0.521	0.130	0.418	0.133	0.079	0.080	0.101	0.471	0.459	0.472	0.121	0.452	0.408	0.122	0.486	0.128	0.079	0.080	0.103	0.470	0.440	0.453	0.110	0.426	0.405	0.116	0.443	0.140	0.079	0.079	0.103	0.477	0.451	0.425	0.117	0.423	0.394	0.121	0.414	0.139	0.079	0.080	0.102	0.508	0.418	0.441	0.124	0.393	0.388	0.121	0.443	0.130	0.079	0.079	0.102	0.449	0.413	0.411	0.145	0.405	0.420	0.129	0.385	0.133	0.079	0.080	0.079	0.080	0.080	0.080	0.080	0.080	0.080	0.081	0.080	0.080	0.080
7:40:00	0.080	0.084	0.079	0.079	0.079	0.079	0.079	0.080	0.080	0.080	0.079	0.080	0.080	0.100	0.522	0.482	0.496	0.139	0.530	0.519	0.131	0.432	0.133	0.079	0.080	0.101	0.483	0.471	0.482	0.122	0.457	0.410	0.122	0.459	0.128	0.079	0.080	0.103	0.484	0.452	0.442	0.111	0.436	0.408	0.116	0.444	0.141	0.079	0.079	0.103	0.483	0.452	0.437	0.118	0.441	0.394	0.121	0.419	0.140	0.079	0.080	0.102	0.507	0.425	0.433	0.125	0.399	0.394	0.122	0.433	0.129	0.079	0.079	0.102	0.455	0.416	0.410	0.146	0.418	0.424	0.129	0.390	0.139	0.079	0.080	0.079	0.080	0.080	0.080	0.080	0.080	0.080	0.081	0.080	0.080	0.080
7:50:00	0.080	0.084	0.080	0.080	0.079	0.079	0.080	0.080	0.080	0.080	0.080	0.080	0.080	0.101	0.534	0.514	0.529	0.140	0.546	0.542	0.131	0.454	0.134	0.080	0.080	0.101	0.486	0.484	0.493	0.122	0.477	0.430	0.123	0.503	0.129	0.079	0.080	0.103	0.495	0.460	0.448	0.111	0.447	0.429	0.117	0.454	0.142	0.079	0.080	0.103	0.489	0.463	0.445	0.118	0.448	0.411	0.122	0.428	0.141	0.079	0.080	0.102	0.511	0.447	0.440	0.125	0.418	0.410	0.122	0.464	0.129	0.079	0.079	0.102	0.462	0.454	0.422	0.146	0.427	0.441	0.130	0.402	0.142	0.080	0.080	0.080	0.080	0.080	0.080	0.080	0.080	0.080	0.081	0.080	0.080	0.080
8:00:00	0.080	0.084	0.079	0.080	0.079	0.079	0.079	0.080	0.080	0.080	0.079	0.080	0.080	0.101	0.536	0.525	0.518	0.142	0.593	0.559	0.131	0.450	0.135	0.080	0.080	0.101	0.485	0.497	0.498	0.122	0.486	0.445	0.123	0.495	0.129	0.079	0.080	0.103	0.502	0.475	0.452	0.111	0.450	0.437	0.117	0.451	0.142	0.079	0.079	0.103	0.502	0.497	0.454	0.118	0.454	0.428	0.122	0.433	0.142	0.079	0.080	0.102	0.518	0.458	0.448	0.125	0.424	0.427	0.122	0.460	0.130	0.079	0.079	0.103	0.476	0.443	0.423	0.147	0.440	0.459	0.130	0.406	0.140	0.080	0.080	0.080	0.080	0.080	0.080	0.080	0.080	0.080	0.081	0.080	0.080	0.080
8:10:00	0.080	0.085	0.080	0.080	0.079	0.080	0.080	0.080	0.080	0.080	0.080	0.080	0.081	0.101	0.553	0.544	0.530	0.143	0.563	0.562	0.131	0.467	0.137	0.080	0.080	0.101	0.500	0.519	0.516	0.123	0.498	0.454	0.123	0.496	0.131	0.080	0.080	0.103	0.519	0.487	0.465	0.112	0.464	0.444	0.117	0.468	0.142	0.080	0.080	0.103	0.510	0.491	0.470	0.118	0.467	0.433	0.122	0.450	0.143	0.080	0.080	0.102	0.548	0.484	0.462	0.125	0.428	0.438	0.123	0.464	0.130	0.079	0.079	0.103	0.493	0.443	0.433	0.146	0.460	0.479	0.130	0.425	0.142	0.080	0.080	0.080	0.080	0.080	0.080	0.080	0.080	0.080	0.081	0.080	0.080	0.080
8:20:00	0.080	0.085	0.080	0.080	0.079	0.079	0.080	0.080	0.080	0.080	0.080	0.080	0.080	0.101	0.564	0.576	0.544	0.144	0.587	0.610	0.132	0.477	0.136	0.080	0.080	0.101	0.509	0.521	0.528	0.123	0.520	0.472	0.123	0.506	0.132	0.079	0.080	0.103	0.530	0.499	0.475	0.112	0.482	0.464	0.117	0.491	0.142	0.079	0.079	0.104	0.523	0.499	0.478	0.118	0.476	0.449	0.122	0.488	0.144	0.079	0.080	0.102	0.553	0.502	0.484	0.126	0.445	0.454	0.123	0.503	0.131	0.079	0.079	0.103	0.507	0.484	0.458	0.147	0.493	0.493	0.131	0.441	0.142	0.080	0.080	0.079	0.080	0.080	0.080	0.080	0.080	0.080	0.081	0.080	0.080	0.080
8:30:00	0.080	0.085	0.080	0.080	0.079	0.080	0.080	0.080	0.080	0.080	0.079	0.080	0.081	0.101	0.575	0.559	0.539	0.144	0.589	0.572	0.132	0.483	0.137	0.080	0.080	0.101	0.518	0.530	0.528	0.123	0.522	0.479	0.124	0.502	0.133	0.080	0.080	0.103	0.539	0.501	0.484	0.112	0.492	0.475	0.117	0.482	0.142	0.079	0.080	0.103	0.535	0.503	0.484	0.118	0.480	0.457	0.123	0.470	0.145	0.079	0.080	0.102	0.553	0.494	0.482	0.126	0.444	0.456	0.123	0.480	0.132	0.079	0.079	0.103	0.514	0.482	0.469	0.147	0.497	0.496	0.131	0.444	0.144	0.080	0.080	0.080	0.080	0.080	0.080	0.080	0.080	0.080	0.081	0.080	0.080	0.080
8:40:00	0.080	0.084	0.079	0.079	0.079	0.079	0.079	0.079	0.079	0.080	0.079	0.080	0.080	0.100	0.593	0.574	0.574	0.145	0.591	0.593	0.133	0.496	0.140	0.079	0.079	0.101	0.537	0.538	0.558	0.123	0.542	0.506	0.124	0.523	0.133	0.079	0.079	0.103	0.545	0.523	0.501	0.112	0.505	0.495	0.117	0.494	0.142	0.079	0.079	0.103	0.548	0.519	0.500	0.118	0.497	0.478	0.123	0.480	0.146	0.079	0.079	0.102	0.575	0.539	0.494	0.126	0.462	0.478	0.123	0.494	0.132	0.079	0.079	0.102	0.528	0.513	0.475	0.145	0.502	0.515	0.131	0.461	0.144	0.080	0.080	0.079	0.080	0.080	0.080	0.080	0.080	0.080	0.080	0.080	0.080	0.080
8:50:00	0.080	0.084	0.079	0.079	0.079	0.079	0.079	0.079	0.080	0.080	0.079	0.080	0.080	0.100	0.606	0.585	0.563	0.145	0.595	0.605	0.133	0.510	0.141	0.079	0.080	0.101	0.552	0.547	0.566	0.123	0.558	0.523	0.124	0.540	0.133	0.079	0.080	0.102	0.554	0.535	0.510	0.112	0.514	0.512	0.118	0.512	0.142	0.079	0.079	0.102	0.558	0.535	0.512	0.118	0.507	0.496	0.123	0.499	0.147	0.079	0.080	0.102	0.593	0.525	0.531	0.126	0.490	0.490	0.124	0.528	0.132	0.079	0.079	0.102	0.542	0.527	0.504	0.144	0.512	0.534	0.132	0.477	0.145	0.080	0.080	0.080	0.080	0.080	0.080	0.080	0.080	0.080	0.081	0.080	0.080	0.080
9:00:00	0.080	0.085	0.080	0.080	0.079	0.080	0.080	0.080	0.080	0.080	0.080	0.080	0.081	0.101	0.615	0.598	0.568	0.146	0.597	0.608	0.134	0.511	0.146	0.080	0.080	0.101	0.553	0.554	0.556	0.123	0.550	0.523	0.124	0.534	0.135	0.080	0.080	0.103	0.566	0.537	0.517	0.112	0.515	0.513	0.118	0.510	0.143	0.080	0.080	0.103	0.564	0.532	0.514	0.118	0.506	0.493	0.124	0.495	0.149	0.080	0.080	0.102	0.588	0.525	0.517	0.126	0.481	0.487	0.124	0.510	0.133	0.079	0.079	0.102	0.554	0.518	0.500	0.144	0.516	0.524	0.132	0.473	0.147	0.080	0.079	0.080	0.080	0.080	0.080	0.080	0.080	0.080	0.081	0.080	0.080	0.080
9:10:00	0.080	0.085	0.080	0.080	0.079	0.080	0.080	0.080	0.080	0.080	0.080	0.080	0.081	0.101	0.628	0.607	0.580	0.146	0.630	0.635	0.134	0.540	0.145	0.080	0.080	0.101	0.562	0.565	0.588	0.123	0.566	0.552	0.125	0.544	0.136	0.080	0.080	0.103	0.579	0.545	0.532	0.112	0.533	0.534	0.118	0.531	0.144	0.079	0.080	0.103	0.573	0.563	0.528	0.118	0.518	0.508	0.124	0.505	0.150	0.079	0.080	0.102	0.601	0.557	0.532	0.126	0.510	0.500	0.124	0.546	0.134	0.079	0.079	0.102	0.568	0.547	0.517	0.146	0.535	0.551	0.132	0.494	0.148	0.080	0.079	0.079	0.080	0.080	0.080	0.080	0.080	0.080	0.081	0.080	0.080	0.080
9:20:00	0.080	0.084	0.080	0.080	0.079	0.079	0.079	0.080	0.080	0.080	0.080	0.081	0.080	0.101	0.639	0.612	0.588	0.147	0.635	0.661	0.135	0.535	0.147	0.080	0.080	0.101	0.569	0.579	0.590	0.123	0.575	0.557	0.125	0.546	0.137	0.080	0.080	0.103	0.588	0.551	0.539	0.112	0.545	0.542	0.119	0.540	0.145	0.079	0.080	0.103	0.584	0.563	0.536	0.118	0.524	0.526	0.124	0.510	0.151	0.079	0.080	0.102	0.604	0.541	0.534	0.126	0.523	0.511	0.124	0.554	0.136	0.079	0.079	0.102	0.577	0.538	0.524	0.147	0.545	0.556	0.133	0.522	0.148	0.080	0.079	0.080	0.080	0.080	0.080	0.080	0.080	0.080	0.081	0.080	0.080	0.080
9:30:00	0.080	0.084	0.080	0.080	0.079	0.080	0.080	0.080	0.080	0.080	0.080	0.080	0.081	0.101	0.654	0.628	0.604	0.147	0.632	0.639	0.135	0.539	0.152	0.080	0.080	0.101	0.575	0.590	0.584	0.123	0.572	0.551	0.125	0.558	0.138	0.080	0.080	0.103	0.601	0.565	0.548	0.113	0.555	0.539	0.119	0.542	0.147	0.079	0.080	0.103	0.595	0.564	0.547	0.118	0.540	0.530	0.124	0.526	0.153	0.079	0.080	0.102	0.609	0.552	0.539	0.127	0.511	0.518	0.125	0.540	0.137	0.079	0.079	0.102	0.589	0.540	0.526	0.150	0.554	0.549	0.133	0.515	0.149	0.080	0.079	0.080	0.080	0.080	0.080	0.080	0.080	0.080	0.081	0.080	0.080	0.080
9:40:00	0.080	0.084	0.080	0.080	0.080	0.080	0.080	0.080	0.080	0.080	0.080	0.081	0.081	0.101	0.669	0.630	0.632	0.148	0.640	0.682	0.135	0.554	0.151	0.080	0.080	0.101	0.585	0.606	0.593	0.123	0.581	0.571	0.126	0.566	0.139	0.080	0.080	0.103	0.609	0.578	0.560	0.113	0.565	0.547	0.119	0.563	0.148	0.079	0.080	0.103	0.598	0.574	0.556	0.119	0.553	0.545	0.125	0.536	0.154	0.079	0.080	0.102	0.615	0.568	0.563	0.128	0.545	0.539	0.125	0.577	0.138	0.079	0.080	0.102	0.598	0.561	0.553	0.153	0.574	0.576	0.134	0.533	0.150	0.080	0.080	0.080	0.080	0.080	0.080	0.080	0.080	0.080	0.081	0.080	0.080	0.080
9:50:00	0.080	0.084	0.080	0.080	0.079	0.079	0.080	0.080	0.080	0.080	0.080	0.080	0.080	0.100	0.675	0.635	0.616	0.148	0.640	0.677	0.136	0.564	0.147	0.080	0.080	0.101	0.593	0.612	0.610	0.123	0.586	0.586	0.126	0.567	0.141	0.080	0.080	0.103	0.612	0.589	0.566	0.113	0.578	0.551	0.119	0.570	0.149	0.079	0.080	0.103	0.601	0.576	0.565	0.119	0.558	0.552	0.125	0.539	0.156	0.079	0.080	0.102	0.623	0.571	0.564	0.128	0.546	0.547	0.126	0.557	0.139	0.079	0.079	0.102	0.608	0.562	0.552	0.154	0.574	0.586	0.133	0.528	0.150	0.080	0.079	0.080	0.080	0.080	0.080	0.080	0.080	0.080	0.081	0.080	0.080	0.080
10:00:00	0.080	0.085	0.080	0.080	0.080	0.080	0.080	0.080	0.080	0.080	0.080	0.081	0.081	0.101	0.683	0.657	0.629	0.150	0.667	0.689	0.136	0.581	0.155	0.080	0.080	0.101	0.610	0.619	0.621	0.124	0.602	0.583	0.126	0.580	0.143	0.080	0.080	0.103	0.623	0.602	0.579	0.113	0.583	0.564	0.120	0.566	0.151	0.079	0.080	0.103	0.610	0.589	0.577	0.119	0.571	0.564	0.126	0.551	0.158	0.079	0.080	0.102	0.637	0.590	0.576	0.129	0.553	0.560	0.126	0.562	0.140	0.079	0.079	0.103	0.622	0.577	0.561	0.153	0.587	0.589	0.135	0.537	0.153	0.080	0.080	0.080	0.080	0.080	0.080	0.080	0.080	0.080	0.081	0.080	0.080	0.080
10:10:00	0.080	0.085	0.080	0.080	0.079	0.080	0.080	0.080	0.080	0.080	0.080	0.081	0.081	0.100	0.694	0.672	0.644	0.150	0.707	0.703	0.136	0.595	0.153	0.080	0.080	0.101	0.618	0.629	0.631	0.124	0.615	0.595	0.126	0.590	0.144	0.080	0.080	0.103	0.635	0.611	0.595	0.113	0.588	0.573	0.120	0.576	0.152	0.079	0.080	0.103	0.617	0.604	0.589	0.120	0.580	0.579	0.126	0.558	0.162	0.079	0.080	0.102	0.649	0.605	0.596	0.129	0.583	0.571	0.126	0.599	0.141	0.079	0.079	0.103	0.631	0.599	0.581	0.149	0.602	0.598	0.136	0.552	0.155	0.080	0.079	0.080	0.080	0.080	0.080	0.080	0.080	0.080	0.081	0.080	0.080	0.080
10:20:00	0.080	0.085	0.080	0.080	0.079	0.080	0.080	0.080	0.080	0.080	0.080	0.080	0.081	0.101	0.705	0.670	0.647	0.151	0.701	0.687	0.137	0.600	0.151	0.080	0.080	0.101	0.625	0.639	0.633	0.124	0.612	0.599	0.127	0.598	0.145	0.079	0.080	0.103	0.644	0.619	0.600	0.113	0.595	0.580	0.120	0.585	0.154	0.079	0.080	0.103	0.632	0.606	0.600	0.120	0.587	0.581	0.126	0.568	0.163	0.079	0.080	0.102	0.653	0.610	0.591	0.129	0.563	0.571	0.126	0.580	0.144	0.079	0.079	0.103	0.641	0.588	0.580	0.144	0.601	0.592	0.135	0.553	0.158	0.080	0.079	0.080	0.080	0.080	0.080	0.080	0.080	0.080	0.081	0.080	0.080	0.080
10:30:00	0.079	0.084	0.079	0.080	0.079	0.079	0.079	0.080	0.080	0.080	0.079	0.080	0.080	0.100	0.718	0.673	0.651	0.151	0.678	0.673	0.137	0.600	0.150	0.080	0.080	0.101	0.638	0.647	0.641	0.124	0.611	0.589	0.127	0.602	0.146	0.079	0.080	0.103	0.652	0.628	0.603	0.113	0.603	0.586	0.120	0.590	0.154	0.079	0.079	0.103	0.643	0.601	0.610	0.120	0.604	0.587	0.127	0.574	0.166	0.079	0.080	0.102	0.659	0.612	0.590	0.128	0.567	0.569	0.127	0.571	0.146	0.079	0.079	0.102	0.647	0.572	0.576	0.141	0.601	0.596	0.135	0.556	0.160	0.080	0.079	0.079	0.080	0.080	0.080	0.080	0.080	0.080	0.080	0.080	0.080	0.080
10:40:00	0.080	0.085	0.080	0.080	0.079	0.080	0.080	0.080	0.080	0.080	0.080	0.080	0.081	0.100	0.728	0.689	0.661	0.153	0.691	0.714	0.138	0.612	0.153	0.080	0.080	0.101	0.648	0.651	0.657	0.124	0.625	0.602	0.127	0.612	0.148	0.079	0.080	0.102	0.661	0.638	0.610	0.112	0.615	0.598	0.121	0.603	0.157	0.079	0.080	0.102	0.650	0.617	0.621	0.120	0.613	0.600	0.127	0.586	0.167	0.079	0.080	0.102	0.672	0.623	0.599	0.128	0.581	0.579	0.127	0.588	0.148	0.079	0.080	0.102	0.661	0.594	0.593	0.138	0.613	0.608	0.136	0.572	0.163	0.080	0.080	0.080	0.080	0.080	0.080	0.080	0.080	0.080	0.080	0.080	0.080	0.080
10:50:00	0.080	0.085	0.080	0.080	0.080	0.080	0.080	0.080	0.080	0.080	0.080	0.080	0.081	0.101	0.737	0.705	0.669	0.154	0.708	0.760	0.138	0.619	0.154	0.079	0.080	0.101	0.658	0.653	0.667	0.125	0.633	0.607	0.127	0.622	0.151	0.079	0.080	0.103	0.670	0.652	0.616	0.113	0.621	0.607	0.121	0.626	0.159	0.079	0.080	0.103	0.659	0.635	0.628	0.120	0.618	0.610	0.128	0.590	0.172	0.079	0.080	0.102	0.686	0.643	0.605	0.128	0.598	0.590	0.127	0.626	0.149	0.079	0.080	0.102	0.669	0.618	0.611	0.137	0.628	0.628	0.137	0.579	0.166	0.080	0.080	0.080	0.080	0.080	0.080	0.080	0.080	0.080	0.080	0.080	0.080	0.080
11:00:00	0.080	0.085	0.080	0.080	0.080	0.080	0.080	0.080	0.080	0.080	0.080	0.080	0.081	0.100	0.748	0.709	0.671	0.154	0.700	0.719	0.139	0.638	0.158	0.079	0.080	0.101	0.664	0.667	0.667	0.125	0.640	0.605	0.128	0.629	0.152	0.079	0.080	0.103	0.679	0.660	0.624	0.113	0.627	0.615	0.122	0.623	0.160	0.079	0.080	0.103	0.671	0.637	0.639	0.120	0.627	0.617	0.128	0.597	0.171	0.079	0.080	0.102	0.689	0.645	0.614	0.129	0.594	0.605	0.128	0.606	0.149	0.079	0.079	0.102	0.675	0.608	0.599	0.138	0.634	0.621	0.137	0.588	0.169	0.080	0.079	0.080	0.080	0.080	0.080	0.080	0.080	0.080	0.080	0.080	0.080	0.080
11:10:00	0.080	0.084	0.080	0.080	0.079	0.080	0.080	0.080	0.080	0.080	0.080	0.080	0.081	0.100	0.757	0.723	0.696	0.155	0.710	0.734	0.139	0.653	0.159	0.079	0.080	0.101	0.674	0.678	0.670	0.125	0.657	0.625	0.128	0.641	0.155	0.079	0.080	0.102	0.690	0.670	0.636	0.113	0.641	0.627	0.122	0.632	0.165	0.079	0.080	0.103	0.679	0.656	0.651	0.120	0.637	0.622	0.128	0.612	0.172	0.079	0.080	0.102	0.701	0.650	0.626	0.129	0.618	0.622	0.128	0.614	0.150	0.079	0.079	0.102	0.688	0.628	0.622	0.139	0.652	0.626	0.138	0.604	0.169	0.080	0.079	0.080	0.080	0.080	0.080	0.080	0.080	0.080	0.080	0.080	0.080	0.080
11:20:00	0.080	0.084	0.080	0.080	0.080	0.080	0.080	0.080	0.080	0.080	0.080	0.080	0.081	0.100	0.763	0.726	0.737	0.158	0.722	0.763	0.140	0.659	0.165	0.079	0.080	0.101	0.678	0.689	0.684	0.125	0.658	0.631	0.128	0.648	0.157	0.079	0.080	0.103	0.700	0.674	0.646	0.113	0.646	0.638	0.122	0.636	0.166	0.079	0.080	0.103	0.690	0.672	0.656	0.120	0.646	0.629	0.129	0.619	0.177	0.079	0.080	0.102	0.705	0.681	0.643	0.129	0.631	0.626	0.129	0.628	0.151	0.079	0.080	0.102	0.694	0.641	0.639	0.141	0.665	0.633	0.138	0.610	0.173	0.080	0.080	0.080	0.081	0.080	0.080	0.080	0.080	0.080	0.080	0.080	0.080	0.080
11:30:00	0.080	0.084	0.080	0.080	0.080	0.080	0.080	0.080	0.080	0.080	0.080	0.080	0.081	0.101	0.772	0.737	0.716	0.159	0.730	0.757	0.140	0.669	0.168	0.079	0.080	0.101	0.686	0.700	0.698	0.125	0.662	0.633	0.129	0.655	0.161	0.079	0.080	0.103	0.710	0.678	0.655	0.113	0.652	0.641	0.122	0.645	0.165	0.079	0.080	0.103	0.697	0.675	0.668	0.120	0.654	0.642	0.129	0.628	0.180	0.079	0.080	0.102	0.711	0.671	0.647	0.130	0.625	0.632	0.129	0.627	0.153	0.079	0.080	0.102	0.700	0.641	0.636	0.143	0.666	0.638	0.138	0.619	0.173	0.080	0.080	0.080	0.080	0.080	0.080	0.080	0.080	0.080	0.080	0.080	0.080	0.080
11:40:00	0.080	0.085	0.080	0.080	0.080	0.080	0.080	0.080	0.080	0.080	0.080	0.080	0.081	0.100	0.786	0.737	0.712	0.160	0.756	0.777	0.141	0.681	0.174	0.079	0.080	0.101	0.699	0.707	0.707	0.126	0.677	0.639	0.129	0.665	0.164	0.079	0.080	0.103	0.722	0.689	0.665	0.113	0.667	0.652	0.123	0.667	0.168	0.079	0.080	0.103	0.708	0.691	0.678	0.120	0.665	0.657	0.129	0.642	0.185	0.079	0.080	0.102	0.723	0.697	0.663	0.130	0.648	0.644	0.129	0.642	0.154	0.079	0.079	0.102	0.711	0.658	0.653	0.146	0.686	0.653	0.137	0.633	0.174	0.080	0.080	0.080	0.080	0.080	0.080	0.080	0.080	0.080	0.080	0.080	0.080	0.080
11:50:00	0.080	0.085	0.080	0.080	0.080	0.080	0.080	0.080	0.080	0.081	0.080	0.080	0.080	0.101	0.797	0.741	0.717	0.161	0.753	0.758	0.142	0.683	0.180	0.079	0.080	0.101	0.709	0.714	0.710	0.126	0.684	0.649	0.130	0.673	0.170	0.079	0.080	0.103	0.735	0.696	0.675	0.114	0.670	0.657	0.123	0.667	0.169	0.079	0.080	0.103	0.716	0.685	0.682	0.120	0.671	0.665	0.130	0.648	0.189	0.079	0.080	0.102	0.728	0.704	0.667	0.131	0.650	0.651	0.130	0.644	0.156	0.079	0.080	0.102	0.718	0.662	0.656	0.148	0.689	0.657	0.137	0.640	0.177	0.080	0.080	0.080	0.081	0.080	0.080	0.080	0.080	0.081	0.080	0.080	0.080	0.080
12:00:00	0.080	0.085	0.080	0.080	0.080	0.080	0.080	0.080	0.080	0.081	0.080	0.080	0.080	0.100	0.809	0.754	0.734	0.162	0.754	0.769	0.142	0.701	0.181	0.079	0.080	0.101	0.721	0.727	0.721	0.127	0.699	0.665	0.130	0.683	0.171	0.079	0.080	0.103	0.746	0.708	0.684	0.114	0.681	0.666	0.123	0.682	0.173	0.079	0.080	0.103	0.726	0.701	0.692	0.121	0.680	0.674	0.130	0.658	0.195	0.079	0.080	0.102	0.742	0.707	0.685	0.131	0.663	0.664	0.130	0.657	0.158	0.079	0.079	0.103	0.734	0.690	0.672	0.149	0.703	0.670	0.139	0.653	0.179	0.080	0.080	0.080	0.080	0.080	0.080	0.080	0.080	0.080	0.080	0.080	0.080	0.080
12:10:00	0.080	0.085	0.080	0.080	0.080	0.080	0.080	0.080	0.080	0.080	0.080	0.080	0.080	0.101	0.815	0.753	0.735	0.164	0.766	0.784	0.143	0.708	0.187	0.079	0.080	0.101	0.726	0.735	0.727	0.127	0.698	0.666	0.130	0.688	0.174	0.079	0.080	0.103	0.756	0.712	0.689	0.114	0.684	0.673	0.124	0.677	0.172	0.079	0.080	0.103	0.733	0.698	0.697	0.121	0.687	0.678	0.130	0.659	0.200	0.079	0.080	0.102	0.746	0.725	0.697	0.131	0.656	0.673	0.131	0.654	0.162	0.079	0.079	0.102	0.743	0.680	0.675	0.151	0.705	0.673	0.140	0.660	0.182	0.080	0.080	0.080	0.081	0.080	0.080	0.080	0.080	0.081	0.080	0.080	0.080	0.080
12:20:00	0.080	0.085	0.080	0.080	0.079	0.079	0.080	0.080	0.080	0.080	0.080	0.080	0.080	0.100	0.825	0.777	0.753	0.166	0.774	0.821	0.143	0.722	0.186	0.079	0.080	0.101	0.739	0.746	0.742	0.127	0.706	0.672	0.130	0.704	0.177	0.079	0.080	0.103	0.769	0.724	0.698	0.114	0.694	0.683	0.124	0.693	0.177	0.079	0.080	0.103	0.742	0.698	0.708	0.121	0.695	0.686	0.131	0.673	0.206	0.079	0.080	0.102	0.759	0.728	0.704	0.131	0.666	0.687	0.131	0.671	0.165	0.079	0.079	0.102	0.753	0.686	0.678	0.152	0.720	0.681	0.140	0.681	0.184	0.080	0.079	0.080	0.080	0.080	0.080	0.080	0.080	0.080	0.080	0.080	0.080	0.080
12:30:00	0.080	0.085	0.080	0.080	0.079	0.080	0.080	0.080	0.080	0.080	0.079	0.080	0.080	0.100	0.834	0.794	0.765	0.167	0.785	0.822	0.144	0.729	0.192	0.079	0.080	0.100	0.749	0.752	0.750	0.127	0.712	0.679	0.131	0.714	0.178	0.079	0.080	0.102	0.776	0.734	0.704	0.114	0.702	0.694	0.124	0.701	0.179	0.079	0.080	0.102	0.744	0.718	0.716	0.120	0.706	0.697	0.131	0.684	0.209	0.079	0.080	0.102	0.768	0.752	0.718	0.132	0.694	0.699	0.131	0.691	0.169	0.079	0.079	0.102	0.766	0.696	0.693	0.155	0.727	0.692	0.140	0.693	0.189	0.080	0.079	0.080	0.080	0.080	0.080	0.080	0.080	0.080	0.080	0.080	0.080	0.080
12:40:00	0.080	0.085	0.080	0.080	0.080	0.080	0.080	0.080	0.080	0.081	0.079	0.080	0.081	0.101	0.838	0.784	0.765	0.169	0.772	0.792	0.145	0.726	0.194	0.079	0.080	0.101	0.751	0.757	0.756	0.128	0.710	0.680	0.131	0.716	0.192	0.079	0.080	0.102	0.780	0.740	0.710	0.115	0.705	0.699	0.125	0.702	0.180	0.079	0.080	0.102	0.749	0.713	0.719	0.121	0.708	0.708	0.132	0.685	0.218	0.079	0.080	0.102	0.767	0.732	0.712	0.132	0.676	0.706	0.132	0.688	0.171	0.079	0.080	0.102	0.771	0.696	0.692	0.158	0.725	0.693	0.141	0.692	0.202	0.080	0.080	0.080	0.081	0.080	0.080	0.080	0.080	0.080	0.080	0.080	0.080	0.080
12:50:00	0.080	0.085	0.080	0.080	0.080	0.080	0.080	0.080	0.080	0.081	0.079	0.080	0.080	0.100	0.850	0.809	0.778	0.170	0.793	0.816	0.146	0.741	0.199	0.079	0.080	0.101	0.762	0.769	0.766	0.128	0.719	0.695	0.132	0.726	0.193	0.079	0.080	0.103	0.787	0.749	0.720	0.116	0.718	0.709	0.125	0.717	0.191	0.079	0.080	0.103	0.757	0.737	0.731	0.122	0.718	0.717	0.132	0.700	0.223	0.079	0.080	0.102	0.780	0.750	0.722	0.132	0.689	0.714	0.132	0.702	0.174	0.079	0.079	0.102	0.781	0.709	0.701	0.163	0.739	0.704	0.142	0.701	0.213	0.080	0.079	0.080	0.080	0.080	0.080	0.080	0.080	0.080	0.080	0.080	0.080	0.080
13:00:00	0.080	0.084	0.080	0.080	0.079	0.080	0.080	0.080	0.080	0.080	0.079	0.080	0.080	0.100	0.855	0.794	0.779	0.172	0.814	0.812	0.147	0.747	0.202	0.079	0.080	0.101	0.765	0.770	0.764	0.128	0.718	0.696	0.132	0.725	0.204	0.079	0.080	0.102	0.791	0.752	0.727	0.116	0.728	0.719	0.125	0.716	0.196	0.079	0.080	0.102	0.765	0.740	0.739	0.122	0.725	0.723	0.132	0.704	0.233	0.079	0.080	0.102	0.784	0.756	0.723	0.131	0.707	0.717	0.133	0.706	0.178	0.079	0.079	0.102	0.786	0.713	0.709	0.164	0.743	0.710	0.142	0.705	0.224	0.080	0.079	0.080	0.080	0.080	0.080	0.080	0.080	0.080	0.079	0.080	0.080	0.080
13:10:00	0.080	0.084	0.080	0.080	0.080	0.080	0.080	0.080	0.080	0.081	0.079	0.080	0.081	0.100	0.864	0.795	0.785	0.174	0.792	0.816	0.147	0.756	0.204	0.079	0.080	0.101	0.774	0.779	0.764	0.129	0.727	0.698	0.133	0.737	0.207	0.079	0.080	0.103	0.798	0.762	0.733	0.117	0.739	0.730	0.126	0.732	0.201	0.079	0.080	0.103	0.775	0.740	0.750	0.123	0.733	0.735	0.133	0.716	0.244	0.079	0.080	0.102	0.787	0.745	0.733	0.133	0.695	0.729	0.133	0.714	0.179	0.079	0.080	0.102	0.799	0.713	0.711	0.165	0.740	0.722	0.143	0.713	0.234	0.080	0.080	0.080	0.081	0.080	0.080	0.080	0.080	0.081	0.079	0.080	0.080	0.080
13:20:00	0.080	0.085	0.080	0.080	0.080	0.080	0.080	0.080	0.080	0.081	0.079	0.080	0.081	0.100	0.871	0.811	0.800	0.177	0.821	0.820	0.149	0.766	0.212	0.079	0.080	0.101	0.783	0.788	0.777	0.129	0.742	0.709	0.133	0.747	0.207	0.079	0.080	0.103	0.807	0.770	0.742	0.117	0.750	0.737	0.126	0.743	0.210	0.079	0.080	0.103	0.783	0.771	0.756	0.124	0.744	0.742	0.133	0.723	0.255	0.079	0.080	0.102	0.801	0.754	0.748	0.134	0.719	0.736	0.134	0.725	0.186	0.079	0.080	0.102	0.814	0.743	0.726	0.166	0.758	0.738	0.144	0.729	0.247	0.080	0.080	0.080	0.081	0.080	0.080	0.080	0.080	0.081	0.080	0.080	0.080	0.080
13:30:00	0.080	0.085	0.080	0.080	0.080	0.080	0.080	0.080	0.079	0.080	0.079	0.080	0.080	0.100	0.874	0.810	0.798	0.177	0.812	0.835	0.150	0.774	0.219	0.079	0.080	0.101	0.784	0.795	0.775	0.130	0.751	0.712	0.134	0.747	0.221	0.079	0.080	0.103	0.811	0.774	0.748	0.118	0.751	0.741	0.126	0.744	0.212	0.079	0.080	0.103	0.791	0.757	0.758	0.124	0.746	0.746	0.134	0.727	0.266	0.079	0.080	0.102	0.799	0.753	0.748	0.134	0.722	0.744	0.134	0.729	0.192	0.079	0.080	0.102	0.817	0.734	0.728	0.166	0.760	0.743	0.145	0.747	0.253	0.080	0.080	0.080	0.081	0.080	0.080	0.080	0.080	0.080	0.079	0.080	0.080	0.080
13:40:00	0.080	0.085	0.080	0.080	0.080	0.080	0.080	0.080	0.079	0.081	0.079	0.080	0.081	0.100	0.885	0.826	0.804	0.180	0.824	0.836	0.150	0.782	0.228	0.079	0.080	0.101	0.794	0.801	0.783	0.130	0.764	0.728	0.134	0.754	0.228	0.079	0.080	0.103	0.819	0.783	0.758	0.119	0.760	0.748	0.127	0.758	0.224	0.079	0.080	0.103	0.799	0.765	0.768	0.125	0.752	0.749	0.134	0.737	0.276	0.079	0.080	0.102	0.807	0.769	0.755	0.136	0.727	0.756	0.135	0.734	0.196	0.079	0.080	0.102	0.827	0.744	0.742	0.166	0.769	0.752	0.145	0.747	0.259	0.080	0.080	0.080	0.081	0.080	0.080	0.080	0.080	0.081	0.079	0.080	0.080	0.080
13:50:00	0.080	0.085	0.080	0.080	0.080	0.080	0.080	0.080	0.079	0.080	0.079	0.080	0.080	0.100	0.894	0.835	0.819	0.183	0.855	0.850	0.152	0.801	0.236	0.079	0.080	0.101	0.806	0.810	0.793	0.131	0.776	0.734	0.135	0.764	0.237	0.079	0.080	0.103	0.828	0.794	0.768	0.119	0.770	0.752	0.127	0.763	0.227	0.079	0.080	0.103	0.807	0.786	0.776	0.124	0.759	0.759	0.134	0.746	0.289	0.079	0.080	0.102	0.816	0.810	0.783	0.138	0.756	0.764	0.135	0.748	0.198	0.079	0.079	0.102	0.834	0.760	0.762	0.168	0.781	0.759	0.145	0.764	0.264	0.079	0.080	0.080	0.081	0.080	0.080	0.080	0.080	0.080	0.079	0.080	0.080	0.080
14:00:00	0.080	0.085	0.080	0.080	0.080	0.080	0.080	0.080	0.079	0.080	0.079	0.080	0.080	0.100	0.897	0.834	0.814	0.185	0.825	0.833	0.152	0.801	0.246	0.079	0.080	0.100	0.811	0.814	0.797	0.131	0.780	0.732	0.135	0.768	0.244	0.080	0.080	0.103	0.831	0.805	0.764	0.118	0.769	0.760	0.127	0.762	0.240	0.079	0.080	0.103	0.813	0.777	0.779	0.124	0.764	0.769	0.135	0.745	0.301	0.079	0.080	0.102	0.816	0.788	0.775	0.138	0.740	0.769	0.136	0.758	0.213	0.079	0.079	0.102	0.839	0.754	0.751	0.168	0.779	0.763	0.146	0.762	0.273	0.079	0.080	0.080	0.080	0.080	0.080	0.080	0.080	0.080	0.079	0.080	0.080	0.080
14:10:00	0.080	0.085	0.080	0.080	0.080	0.080	0.080	0.080	0.079	0.080	0.079	0.080	0.081	0.100	0.905	0.842	0.825	0.188	0.837	0.843	0.153	0.808	0.270	0.079	0.080	0.100	0.818	0.824	0.808	0.131	0.788	0.750	0.136	0.778	0.254	0.080	0.080	0.102	0.839	0.812	0.773	0.118	0.780	0.768	0.128	0.774	0.244	0.079	0.080	0.102	0.821	0.795	0.787	0.124	0.774	0.772	0.135	0.756	0.314	0.079	0.080	0.102	0.826	0.798	0.779	0.140	0.746	0.778	0.137	0.771	0.213	0.079	0.080	0.102	0.852	0.768	0.759	0.169	0.791	0.772	0.147	0.768	0.283	0.079	0.080	0.080	0.080	0.080	0.080	0.080	0.080	0.080	0.080	0.080	0.080	0.080
14:20:00	0.080	0.085	0.080	0.080	0.080	0.080	0.080	0.080	0.079	0.081	0.079	0.080	0.081	0.100	0.910	0.842	0.837	0.189	0.840	0.856	0.154	0.816	0.269	0.079	0.080	0.101	0.822	0.832	0.812	0.132	0.785	0.755	0.136	0.775	0.259	0.080	0.080	0.102	0.845	0.817	0.776	0.119	0.782	0.771	0.128	0.777	0.250	0.079	0.080	0.102	0.830	0.799	0.793	0.124	0.782	0.780	0.136	0.757	0.329	0.079	0.080	0.102	0.834	0.802	0.787	0.141	0.765	0.788	0.138	0.769	0.223	0.079	0.080	0.102	0.860	0.775	0.773	0.171	0.798	0.771	0.150	0.770	0.283	0.079	0.080	0.080	0.081	0.080	0.080	0.080	0.080	0.081	0.079	0.080	0.080	0.080
14:30:00	0.080	0.085	0.080	0.080	0.080	0.080	0.080	0.080	0.080	0.081	0.080	0.080	0.081	0.100	0.918	0.850	0.842	0.188	0.833	0.856	0.154	0.820	0.277	0.079	0.080	0.100	0.830	0.835	0.820	0.132	0.788	0.754	0.137	0.785	0.269	0.080	0.080	0.103	0.850	0.823	0.787	0.119	0.786	0.781	0.128	0.785	0.254	0.079	0.080	0.103	0.835	0.791	0.802	0.126	0.790	0.784	0.136	0.769	0.344	0.079	0.080	0.102	0.839	0.802	0.790	0.142	0.758	0.794	0.138	0.776	0.240	0.079	0.080	0.102	0.871	0.778	0.774	0.172	0.801	0.788	0.152	0.781	0.290	0.079	0.080	0.080	0.080	0.080	0.080	0.080	0.080	0.080	0.080	0.080	0.080	0.080
14:40:00	0.080	0.084	0.080	0.080	0.080	0.080	0.080	0.080	0.079	0.081	0.079	0.080	0.081	0.100	0.925	0.854	0.852	0.186	0.848	0.870	0.155	0.836	0.290	0.079	0.080	0.101	0.839	0.841	0.831	0.133	0.796	0.762	0.137	0.796	0.275	0.079	0.080	0.102	0.857	0.830	0.794	0.120	0.794	0.786	0.129	0.794	0.257	0.079	0.080	0.102	0.841	0.803	0.813	0.126	0.793	0.786	0.137	0.778	0.361	0.079	0.080	0.102	0.844	0.816	0.800	0.145	0.769	0.799	0.139	0.784	0.258	0.079	0.080	0.102	0.877	0.801	0.788	0.173	0.813	0.796	0.156	0.794	0.291	0.080	0.080	0.080	0.081	0.080	0.080	0.080	0.080	0.081	0.080	0.080	0.080	0.080
14:50:00	0.080	0.084	0.080	0.080	0.080	0.080	0.079	0.080	0.079	0.081	0.079	0.080	0.081	0.100	0.928	0.860	0.845	0.182	0.835	0.856	0.156	0.837	0.297	0.079	0.080	0.100	0.840	0.841	0.830	0.134	0.799	0.765	0.138	0.802	0.284	0.079	0.080	0.102	0.860	0.832	0.798	0.121	0.797	0.797	0.129	0.798	0.261	0.079	0.080	0.103	0.847	0.797	0.818	0.127	0.794	0.792	0.137	0.779	0.380	0.079	0.080	0.102	0.844	0.813	0.799	0.147	0.761	0.804	0.140	0.785	0.257	0.079	0.080	0.102	0.879	0.793	0.786	0.174	0.811	0.798	0.159	0.798	0.306	0.079	0.080	0.080	0.081	0.080	0.080	0.080	0.080	0.080	0.080	0.080	0.080	0.080
15:00:00	0.080	0.085	0.080	0.080	0.080	0.080	0.080	0.081	0.080	0.081	0.080	0.080	0.081	0.100	0.934	0.880	0.853	0.177	0.843	0.881	0.157	0.850	0.311	0.079	0.080	0.101	0.852	0.850	0.839	0.135	0.816	0.773	0.139	0.810	0.288	0.079	0.081	0.103	0.869	0.840	0.803	0.122	0.809	0.811	0.130	0.810	0.272	0.079	0.080	0.103	0.854	0.814	0.826	0.128	0.800	0.798	0.138	0.789	0.399	0.079	0.081	0.102	0.854	0.825	0.806	0.150	0.781	0.809	0.141	0.798	0.275	0.079	0.080	0.102	0.890	0.804	0.792	0.176	0.823	0.813	0.162	0.806	0.319	0.080	0.080	0.080	0.081	0.081	0.081	0.081	0.080	0.081	0.080	0.081	0.081	0.080
15:10:00	0.080	0.085	0.080	0.080	0.080	0.080	0.080	0.080	0.080	0.081	0.079	0.080	0.081	0.100	0.939	0.874	0.858	0.171	0.843	0.879	0.158	0.852	0.321	0.079	0.080	0.101	0.855	0.857	0.837	0.136	0.820	0.772	0.139	0.807	0.292	0.079	0.080	0.103	0.877	0.846	0.807	0.123	0.816	0.816	0.130	0.809	0.280	0.079	0.080	0.103	0.857	0.816	0.827	0.128	0.804	0.802	0.138	0.786	0.421	0.079	0.081	0.102	0.858	0.823	0.812	0.153	0.780	0.812	0.141	0.796	0.282	0.079	0.080	0.102	0.894	0.808	0.795	0.177	0.822	0.811	0.165	0.810	0.331	0.080	0.080	0.080	0.081	0.080	0.081	0.080	0.080	0.081	0.080	0.081	0.081	0.080
15:20:00	0.080	0.085	0.080	0.080	0.080	0.080	0.079	0.080	0.080	0.081	0.079	0.080	0.081	0.100	0.948	0.887	0.865	0.167	0.861	0.886	0.159	0.864	0.328	0.079	0.080	0.101	0.863	0.869	0.844	0.136	0.834	0.779	0.140	0.815	0.293	0.079	0.080	0.103	0.888	0.852	0.814	0.124	0.820	0.816	0.131	0.819	0.290	0.079	0.080	0.103	0.864	0.824	0.833	0.128	0.811	0.808	0.139	0.793	0.440	0.079	0.080	0.102	0.866	0.836	0.819	0.155	0.790	0.818	0.142	0.808	0.287	0.079	0.080	0.102	0.905	0.816	0.805	0.178	0.838	0.818	0.170	0.822	0.344	0.080	0.080	0.080	0.081	0.080	0.080	0.080	0.080	0.081	0.080	0.080	0.081	0.080
15:30:01	0.080	0.086	0.080	0.080	0.080	0.080	0.079	0.080	0.080	0.081	0.079	0.080	0.081	0.100	0.954	0.889	0.875	0.162	0.886	0.902	0.159	0.873	0.327	0.079	0.080	0.101	0.867	0.875	0.850	0.137	0.836	0.783	0.140	0.820	0.299	0.079	0.080	0.103	0.892	0.858	0.821	0.125	0.825	0.818	0.132	0.823	0.294	0.079	0.080	0.103	0.871	0.828	0.840	0.129	0.818	0.815	0.140	0.796	0.465	0.079	0.080	0.102	0.869	0.840	0.827	0.156	0.807	0.822	0.143	0.810	0.295	0.079	0.080	0.102	0.914	0.827	0.823	0.180	0.844	0.825	0.172	0.836	0.350	0.080	0.080	0.080	0.081	0.080	0.080	0.080	0.080	0.081	0.080	0.080	0.081	0.080
15:40:00	0.079	0.085	0.080	0.080	0.080	0.080	0.079	0.080	0.079	0.081	0.079	0.080	0.081	0.100	0.958	0.894	0.880	0.159	0.859	0.885	0.160	0.880	0.337	0.079	0.080	0.100	0.872	0.880	0.857	0.137	0.828	0.789	0.141	0.823	0.309	0.079	0.080	0.103	0.896	0.860	0.828	0.126	0.827	0.822	0.132	0.825	0.292	0.079	0.080	0.103	0.878	0.819	0.845	0.129	0.819	0.818	0.140	0.800	0.485	0.079	0.080	0.102	0.868	0.840	0.827	0.158	0.796	0.826	0.144	0.812	0.298	0.079	0.079	0.102	0.917	0.822	0.820	0.181	0.849	0.831	0.176	0.838	0.347	0.079	0.079	0.080	0.081	0.080	0.080	0.080	0.080	0.081	0.079	0.080	0.080	0.080
15:50:01	0.079	0.085	0.080	0.080	0.080	0.080	0.079	0.080	0.079	0.081	0.079	0.080	0.081	0.100	0.962	0.905	0.888	0.158	0.870	0.903	0.161	0.889	0.343	0.079	0.080	0.100	0.877	0.886	0.862	0.138	0.836	0.795	0.141	0.832	0.316	0.079	0.080	0.102	0.900	0.868	0.833	0.127	0.833	0.828	0.132	0.835	0.297	0.079	0.080	0.102	0.883	0.835	0.853	0.130	0.821	0.824	0.141	0.809	0.506	0.079	0.080	0.101	0.879	0.855	0.835	0.158	0.811	0.831	0.145	0.816	0.305	0.079	0.080	0.102	0.922	0.831	0.833	0.182	0.859	0.842	0.178	0.843	0.359	0.080	0.079	0.080	0.081	0.080	0.080	0.080	0.080	0.081	0.080	0.080	0.080	0.080
16:00:01	0.080	0.085	0.080	0.080	0.080	0.080	0.079	0.080	0.080	0.080	0.079	0.080	0.081	0.100	0.964	0.901	0.889	0.159	0.870	0.884	0.161	0.892	0.351	0.079	0.080	0.101	0.878	0.884	0.861	0.139	0.832	0.792	0.142	0.835	0.322	0.079	0.080	0.102	0.904	0.869	0.834	0.128	0.832	0.836	0.132	0.837	0.306	0.079	0.080	0.102	0.886	0.831	0.854	0.130	0.823	0.830	0.141	0.811	0.524	0.079	0.080	0.101	0.881	0.856	0.838	0.159	0.800	0.837	0.145	0.815	0.308	0.079	0.080	0.102	0.926	0.831	0.831	0.183	0.857	0.839	0.177	0.844	0.366	0.080	0.080	0.080	0.081	0.080	0.081	0.080	0.081	0.081	0.080	0.081	0.080	0.080
16:10:01	0.080	0.082	0.080	0.080	0.080	0.080	0.080	0.081	0.080	0.081	0.079	0.080	0.081	0.100	0.971	0.908	0.892	0.160	0.869	0.900	0.162	0.895	0.356	0.079	0.080	0.101	0.883	0.888	0.870	0.140	0.846	0.802	0.143	0.845	0.330	0.079	0.081	0.102	0.910	0.878	0.836	0.128	0.834	0.838	0.133	0.843	0.316	0.079	0.080	0.102	0.892	0.837	0.861	0.132	0.825	0.835	0.142	0.817	0.547	0.079	0.080	0.102	0.885	0.855	0.843	0.159	0.806	0.841	0.146	0.825	0.317	0.079	0.080	0.102	0.933	0.840	0.839	0.184	0.864	0.849	0.178	0.853	0.375	0.080	0.080	0.080	0.081	0.080	0.081	0.081	0.081	0.081	0.080	0.081	0.080	0.080
16:20:01	0.080	0.082	0.080	0.080	0.080	0.080	0.079	0.080	0.080	0.081	0.079	0.080	0.081	0.100	0.977	0.910	0.902	0.160	0.892	0.909	0.164	0.904	0.360	0.079	0.080	0.100	0.893	0.892	0.876	0.140	0.850	0.806	0.144	0.850	0.335	0.079	0.080	0.102	0.916	0.882	0.840	0.129	0.841	0.837	0.133	0.852	0.317	0.079	0.080	0.102	0.899	0.847	0.866	0.132	0.829	0.839	0.142	0.822	0.567	0.079	0.080	0.102	0.890	0.860	0.850	0.157	0.817	0.843	0.147	0.831	0.323	0.079	0.079	0.102	0.941	0.851	0.845	0.185	0.878	0.854	0.172	0.862	0.380	0.080	0.079	0.080	0.080	0.080	0.080	0.080	0.080	0.080	0.080	0.080	0.079	0.080
16:30:01	0.080	0.082	0.080	0.080	0.080	0.080	0.080	0.080	0.080	0.081	0.079	0.080	0.081	0.100	0.979	0.904	0.898	0.161	0.871	0.884	0.164	0.898	0.364	0.079	0.080	0.101	0.896	0.897	0.874	0.141	0.853	0.807	0.144	0.847	0.343	0.079	0.081	0.102	0.918	0.884	0.841	0.130	0.838	0.836	0.134	0.853	0.324	0.079	0.080	0.102	0.900	0.837	0.866	0.132	0.828	0.842	0.143	0.821	0.583	0.079	0.080	0.102	0.889	0.856	0.850	0.158	0.809	0.857	0.148	0.829	0.332	0.079	0.080	0.102	0.941	0.846	0.843	0.187	0.879	0.852	0.170	0.864	0.380	0.080	0.080	0.080	0.081	0.080	0.080	0.080	0.080	0.081	0.079	0.081	0.079	0.080
16:40:01	0.080	0.082	0.080	0.080	0.080	0.080	0.079	0.080	0.080	0.081	0.079	0.080	0.081	0.100	0.986	0.915	0.909	0.161	0.875	0.897	0.167	0.907	0.373	0.079	0.080	0.100	0.903	0.904	0.880	0.142	0.861	0.811	0.145	0.860	0.349	0.079	0.080	0.102	0.924	0.888	0.846	0.132	0.847	0.839	0.134	0.859	0.336	0.079	0.080	0.102	0.906	0.846	0.874	0.133	0.836	0.843	0.144	0.829	0.605	0.079	0.080	0.102	0.893	0.866	0.855	0.154	0.820	0.862	0.148	0.837	0.338	0.079	0.080	0.102	0.950	0.856	0.851	0.189	0.880	0.862	0.165	0.870	0.386	0.079	0.080	0.080	0.081	0.080	0.080	0.080	0.080	0.081	0.079	0.080	0.079	0.080
16:50:01	0.080	0.082	0.080	0.081	0.080	0.080	0.080	0.081	0.080	0.081	0.079	0.080	0.081	0.100	0.989	0.917	0.908	0.161	0.878	0.898	0.169	0.914	0.375	0.079	0.080	0.101	0.903	0.909	0.887	0.142	0.857	0.816	0.146	0.858	0.355	0.079	0.080	0.102	0.927	0.892	0.849	0.132	0.851	0.848	0.135	0.853	0.338	0.079	0.080	0.103	0.910	0.851	0.875	0.135	0.844	0.845	0.144	0.833	0.626	0.079	0.081	0.102	0.895	0.876	0.857	0.153	0.821	0.864	0.150	0.839	0.353	0.079	0.080	0.102	0.955	0.859	0.856	0.190	0.881	0.864	0.166	0.879	0.398	0.079	0.080	0.080	0.081	0.080	0.081	0.081	0.081	0.081	0.079	0.081	0.080	0.080
17:00:01	0.080	0.082	0.080	0.080	0.080	0.080	0.080	0.080	0.080	0.081	0.079	0.080	0.081	0.100	0.992	0.929	0.912	0.162	0.887	0.908	0.171	0.914	0.387	0.079	0.080	0.100	0.906	0.911	0.895	0.143	0.868	0.823	0.147	0.857	0.363	0.079	0.080	0.103	0.932	0.896	0.858	0.132	0.855	0.859	0.136	0.854	0.345	0.079	0.080	0.103	0.915	0.861	0.880	0.135	0.849	0.843	0.145	0.839	0.647	0.079	0.081	0.102	0.899	0.877	0.858	0.150	0.829	0.866	0.151	0.848	0.364	0.079	0.080	0.102	0.962	0.864	0.865	0.191	0.884	0.870	0.164	0.884	0.406	0.079	0.080	0.080	0.081	0.080	0.081	0.081	0.081	0.081	0.080	0.081	0.080	0.080
17:10:01	0.080	0.083	0.080	0.079	0.080	0.080	0.080	0.081	0.080	0.081	0.079	0.080	0.081	0.100	0.997	0.936	0.918	0.162	0.894	0.922	0.174	0.919	0.395	0.079	0.080	0.101	0.912	0.916	0.896	0.144	0.872	0.828	0.147	0.860	0.369	0.079	0.080	0.103	0.938	0.902	0.864	0.134	0.860	0.874	0.136	0.860	0.348	0.079	0.080	0.103	0.919	0.865	0.885	0.136	0.852	0.847	0.146	0.842	0.668	0.079	0.081	0.102	0.906	0.886	0.863	0.147	0.846	0.862	0.151	0.854	0.370	0.079	0.080	0.102	0.970	0.873	0.872	0.193	0.893	0.878	0.162	0.894	0.412	0.080	0.080	0.080	0.081	0.080	0.081	0.081	0.081	0.081	0.079	0.081	0.080	0.080
17:20:01	0.080	0.083	0.080	0.079	0.080	0.080	0.079	0.080	0.080	0.081	0.079	0.080	0.081	0.100	0.999	0.938	0.925	0.163	0.888	0.907	0.178	0.926	0.403	0.079	0.080	0.100	0.915	0.916	0.902	0.145	0.869	0.832	0.148	0.862	0.375	0.079	0.080	0.103	0.942	0.903	0.868	0.134	0.863	0.875	0.137	0.863	0.353	0.079	0.080	0.103	0.921	0.859	0.889	0.137	0.851	0.851	0.147	0.845	0.690	0.079	0.080	0.102	0.913	0.884	0.865	0.145	0.838	0.860	0.152	0.857	0.375	0.079	0.080	0.102	0.974	0.876	0.871	0.194	0.891	0.878	0.162	0.897	0.421	0.079	0.080	0.080	0.081	0.080	0.080	0.080	0.080	0.081	0.079	0.081	0.080	0.080
17:30:01	0.080	0.083	0.080	0.079	0.080	0.080	0.079	0.079	0.080	0.081	0.079	0.080	0.081	0.100	1.004	0.945	0.930	0.163	0.895	0.918	0.181	0.933	0.408	0.079	0.080	0.100	0.918	0.920	0.907	0.146	0.873	0.833	0.149	0.868	0.383	0.079	0.080	0.103	0.944	0.909	0.868	0.134	0.865	0.876	0.138	0.868	0.358	0.079	0.080	0.103	0.924	0.867	0.894	0.138	0.855	0.855	0.148	0.851	0.715	0.079	0.080	0.102	0.918	0.890	0.871	0.144	0.849	0.861	0.154	0.863	0.380	0.079	0.080	0.102	0.977	0.887	0.877	0.195	0.895	0.884	0.163	0.901	0.430	0.079	0.080	0.080	0.081	0.080	0.081	0.080	0.080	0.081	0.079	0.081	0.080	0.080
17:40:01	0.080	0.083	0.080	0.079	0.080	0.080	0.079	0.079	0.080	0.081	0.079	0.080	0.081	0.100	1.005	0.940	0.931	0.162	0.888	0.914	0.184	0.935	0.408	0.079	0.080	0.100	0.920	0.922	0.906	0.146	0.867	0.832	0.149	0.870	0.390	0.079	0.080	0.102	0.945	0.913	0.869	0.133	0.868	0.868	0.138	0.873	0.366	0.079	0.080	0.102	0.926	0.860	0.894	0.139	0.857	0.859	0.148	0.854	0.738	0.079	0.080	0.101	0.922	0.889	0.874	0.142	0.838	0.864	0.154	0.863	0.385	0.079	0.080	0.102	0.981	0.882	0.875	0.195	0.896	0.882	0.165	0.900	0.434	0.079	0.080	0.080	0.081	0.080	0.080	0.080	0.080	0.081	0.079	0.080	0.080	0.080
17:50:01	0.080	0.083	0.080	0.079	0.080	0.080	0.079	0.079	0.080	0.081	0.079	0.080	0.081	0.100	1.010	0.949	0.936	0.163	0.895	0.918	0.188	0.943	0.416	0.079	0.080	0.100	0.925	0.923	0.909	0.147	0.872	0.837	0.150	0.873	0.398	0.079	0.080	0.102	0.948	0.917	0.871	0.133	0.870	0.861	0.139	0.881	0.370	0.079	0.080	0.102	0.928	0.865	0.896	0.139	0.859	0.862	0.149	0.856	0.763	0.079	0.080	0.101	0.930	0.895	0.878	0.141	0.842	0.864	0.156	0.870	0.384	0.079	0.080	0.101	0.985	0.892	0.879	0.193	0.905	0.887	0.167	0.907	0.438	0.079	0.080	0.080	0.081	0.080	0.081	0.080	0.081	0.081	0.079	0.081	0.080	0.080
18:00:01	0.080	0.083	0.081	0.079	0.080	0.080	0.080	0.080	0.080	0.081	0.079	0.080	0.081	0.100	1.010	0.949	0.937	0.162	0.902	0.914	0.191	0.945	0.422	0.079	0.080	0.101	0.926	0.923	0.909	0.148	0.870	0.836	0.151	0.875	0.406	0.079	0.080	0.102	0.948	0.919	0.872	0.132	0.869	0.866	0.139	0.880	0.376	0.079	0.080	0.102	0.930	0.865	0.895	0.140	0.861	0.861	0.150	0.857	0.790	0.079	0.081	0.102	0.931	0.894	0.879	0.142	0.848	0.866	0.157	0.869	0.388	0.079	0.080	0.102	0.990	0.898	0.882	0.192	0.904	0.887	0.167	0.910	0.444	0.080	0.080	0.080	0.081	0.080	0.081	0.080	0.081	0.081	0.079	0.081	0.080	0.080
18:10:01	0.080	0.083	0.080	0.079	0.080	0.080	0.080	0.080	0.080	0.081	0.079	0.080	0.081	0.100	1.017	0.953	0.938	0.162	0.904	0.935	0.195	0.946	0.427	0.079	0.080	0.100	0.930	0.925	0.911	0.148	0.877	0.839	0.152	0.880	0.411	0.079	0.080	0.102	0.949	0.920	0.874	0.132	0.869	0.867	0.140	0.884	0.380	0.079	0.080	0.103	0.931	0.867	0.898	0.141	0.860	0.859	0.151	0.862	0.821	0.079	0.081	0.102	0.932	0.893	0.876	0.142	0.844	0.871	0.159	0.869	0.395	0.079	0.080	0.102	0.997	0.902	0.887	0.189	0.905	0.894	0.167	0.912	0.453	0.079	0.080	0.080	0.081	0.080	0.080	0.080	0.080	0.081	0.079	0.080	0.080	0.080
18:20:01	0.080	0.082	0.080	0.079	0.080	0.080	0.080	0.080	0.080	0.081	0.079	0.080	0.081	0.100	1.022	0.959	0.939	0.161	0.918	0.937	0.199	0.952	0.426	0.079	0.080	0.100	0.936	0.927	0.915	0.149	0.883	0.842	0.153	0.884	0.418	0.079	0.080	0.102	0.953	0.922	0.878	0.134	0.868	0.865	0.140	0.887	0.385	0.079	0.080	0.102	0.938	0.877	0.903	0.142	0.861	0.860	0.153	0.862	0.849	0.079	0.081	0.102	0.935	0.897	0.880	0.142	0.850	0.868	0.160	0.871	0.404	0.079	0.080	0.102	1.002	0.908	0.890	0.186	0.914	0.894	0.167	0.916	0.456	0.080	0.080	0.080	0.081	0.080	0.080	0.080	0.080	0.081	0.079	0.081	0.080	0.080
18:30:01	0.080	0.082	0.080	0.079	0.080	0.080	0.080	0.080	0.080	0.081	0.079	0.080	0.081	0.100	1.025	0.952	0.939	0.161	0.894	0.901	0.202	0.954	0.432	0.079	0.080	0.100	0.938	0.926	0.913	0.149	0.886	0.843	0.154	0.879	0.420	0.079	0.080	0.102	0.952	0.922	0.878	0.134	0.865	0.865	0.141	0.883	0.388	0.079	0.080	0.103	0.943	0.867	0.905	0.142	0.863	0.859	0.153	0.860	0.962	0.079	0.081	0.102	0.934	0.893	0.879	0.143	0.849	0.869	0.161	0.871	0.414	0.079	0.080	0.102	1.002	0.908	0.890	0.185	0.912	0.895	0.168	0.917	0.465	0.080	0.080	0.080	0.081	0.080	0.081	0.080	0.080	0.081	0.079	0.080	0.080	0.080
18:40:01	0.080	0.083	0.081	0.079	0.080	0.080	0.080	0.080	0.080	0.081	0.079	0.080	0.081	0.100	1.026	0.960	0.946	0.161	0.901	0.918	0.206	0.960	0.435	0.079	0.080	0.101	0.946	0.931	0.919	0.150	0.888	0.846	0.155	0.883	0.424	0.079	0.081	0.102	0.956	0.926	0.882	0.135	0.873	0.863	0.142	0.889	0.396	0.079	0.080	0.102	0.947	0.884	0.908	0.144	0.867	0.860	0.155	0.864	1.097	0.079	0.081	0.102	0.939	0.900	0.881	0.144	0.859	0.872	0.163	0.878	0.416	0.079	0.080	0.102	1.006	0.912	0.897	0.182	0.917	0.900	0.169	0.920	0.473	0.080	0.080	0.080	0.081	0.080	0.081	0.080	0.081	0.081	0.079	0.080	0.080	0.080
18:50:01	0.080	0.083	0.081	0.080	0.080	0.080	0.080	0.080	0.080	0.081	0.080	0.081	0.081	0.100	1.026	0.961	0.950	0.163	0.909	0.939	0.210	0.957	0.445	0.079	0.080	0.101	0.948	0.933	0.920	0.151	0.885	0.846	0.156	0.884	0.433	0.079	0.081	0.102	0.959	0.929	0.883	0.136	0.873	0.865	0.142	0.889	0.400	0.079	0.080	0.103	0.949	0.882	0.908	0.144	0.867	0.862	0.158	0.866	1.187	0.080	0.081	0.102	0.940	0.903	0.885	0.144	0.867	0.877	0.167	0.877	0.415	0.079	0.080	0.102	1.009	0.919	0.898	0.183	0.917	0.897	0.172	0.923	0.476	0.080	0.080	0.080	0.081	0.080	0.081	0.080	0.081	0.081	0.080	0.081	0.080	0.080
19:00:01	0.080	0.083	0.081	0.080	0.080	0.080	0.080	0.080	0.080	0.081	0.080	0.081	0.080	0.100	1.030	0.961	0.949	0.165	0.905	0.908	0.215	0.963	0.451	0.079	0.080	0.101	0.947	0.932	0.922	0.152	0.884	0.847	0.157	0.890	0.437	0.079	0.081	0.103	0.962	0.928	0.883	0.137	0.873	0.864	0.143	0.894	0.406	0.079	0.080	0.103	0.951	0.873	0.909	0.144	0.871	0.861	0.160	0.862	1.220	0.079	0.081	0.102	0.937	0.900	0.887	0.145	0.858	0.876	0.169	0.880	0.419	0.079	0.080	0.102	1.013	0.917	0.903	0.182	0.917	0.899	0.174	0.926	0.476	0.080	0.080	0.080	0.081	0.080	0.081	0.080	0.081	0.081	0.079	0.080	0.080	0.080
19:10:01	0.080	0.084	0.081	0.079	0.080	0.080	0.080	0.080	0.080	0.081	0.079	0.081	0.080	0.100	1.036	0.967	0.954	0.170	0.915	0.907	0.220	0.966	0.457	0.079	0.080	0.101	0.947	0.934	0.928	0.153	0.886	0.849	0.159	0.894	0.442	0.079	0.081	0.103	0.964	0.929	0.886	0.138	0.872	0.863	0.144	0.899	0.408	0.079	0.080	0.103	0.956	0.882	0.912	0.145	0.873	0.862	0.163	0.868	1.329	0.080	0.081	0.102	0.940	0.903	0.888	0.146	0.858	0.873	0.176	0.885	0.427	0.079	0.080	0.102	1.019	0.926	0.904	0.189	0.920	0.901	0.176	0.931	0.478	0.080	0.080	0.080	0.081	0.080	0.081	0.080	0.081	0.081	0.079	0.080	0.080	0.080
19:20:01	0.080	0.083	0.080	0.079	0.080	0.080	0.079	0.079	0.080	0.081	0.079	0.080	0.080	0.100	1.035	0.966	0.951	0.176	0.897	0.912	0.223	0.965	0.461	0.079	0.080	0.100	0.945	0.931	0.923	0.154	0.881	0.852	0.159	0.893	0.448	0.079	0.080	0.102	0.967	0.928	0.884	0.140	0.868	0.873	0.143	0.898	0.405	0.079	0.080	0.102	0.959	0.870	0.909	0.146	0.876	0.864	0.165	0.869	1.278	0.079	0.080	0.101	0.938	0.903	0.883	0.147	0.853	0.874	0.180	0.886	0.428	0.079	0.079	0.102	1.023	0.920	0.902	0.194	0.920	0.901	0.177	0.932	0.480	0.079	0.079	0.080	0.081	0.080	0.080	0.080	0.080	0.080	0.079	0.080	0.080	0.080
19:30:01	0.080	0.083	0.080	0.079	0.080	0.080	0.080	0.080	0.080	0.080	0.079	0.081	0.080	0.100	1.034	0.970	0.959	0.180	0.905	0.908	0.228	0.971	0.470	0.079	0.080	0.100	0.946	0.934	0.926	0.154	0.884	0.858	0.162	0.894	0.454	0.079	0.080	0.102	0.968	0.926	0.889	0.140	0.869	0.874	0.145	0.901	0.414	0.079	0.080	0.102	0.963	0.874	0.913	0.146	0.876	0.862	0.165	0.874	1.274	0.080	0.081	0.101	0.944	0.905	0.880	0.147	0.863	0.875	0.185	0.890	0.432	0.079	0.079	0.102	1.028	0.930	0.907	0.197	0.920	0.906	0.183	0.938	0.485	0.080	0.080	0.080	0.081	0.080	0.081	0.080	0.080	0.080	0.079	0.080	0.080	0.080
19:40:01	0.080	0.084	0.081	0.080	0.080	0.080	0.080	0.080	0.080	0.080	0.080	0.080	0.080	0.100	1.035	0.970	0.962	0.183	0.921	0.905	0.231	0.973	0.477	0.079	0.080	0.100	0.948	0.937	0.928	0.155	0.884	0.860	0.163	0.892	0.460	0.079	0.080	0.102	0.970	0.928	0.891	0.141	0.868	0.872	0.146	0.899	0.417	0.079	0.080	0.102	0.967	0.877	0.911	0.147	0.878	0.863	0.167	0.873	1.298	0.079	0.081	0.101	0.950	0.902	0.882	0.148	0.861	0.878	0.189	0.891	0.438	0.079	0.079	0.101	1.031	0.937	0.910	0.197	0.920	0.905	0.184	0.942	0.493	0.080	0.080	0.080	0.081	0.080	0.081	0.080	0.080	0.080	0.079	0.080	0.080	0.080
19:50:01	0.080	0.083	0.081	0.080	0.080	0.080	0.080	0.080	0.080	0.080	0.080	0.080	0.081	0.100	1.041	0.974	0.962	0.184	0.903	0.907	0.235	0.977	0.483	0.079	0.080	0.100	0.951	0.938	0.928	0.157	0.886	0.861	0.165	0.893	0.465	0.079	0.080	0.102	0.971	0.928	0.890	0.141	0.869	0.867	0.147	0.902	0.420	0.079	0.080	0.102	0.968	0.872	0.913	0.148	0.876	0.866	0.168	0.874	1.281	0.080	0.081	0.102	0.953	0.900	0.883	0.150	0.862	0.883	0.188	0.886	0.447	0.079	0.079	0.102	1.034	0.932	0.912	0.200	0.920	0.907	0.188	0.943	0.498	0.080	0.080	0.080	0.081	0.080	0.081	0.080	0.080	0.080	0.079	0.081	0.080	0.080
20:00:01	0.080	0.083	0.080	0.079	0.080	0.080	0.080	0.080	0.080	0.080	0.080	0.080	0.080	0.100	1.043	0.977	0.962	0.188	0.904	0.925	0.237	0.983	0.487	0.079	0.080	0.100	0.955	0.938	0.930	0.158	0.884	0.861	0.167	0.897	0.470	0.079	0.080	0.102	0.972	0.929	0.891	0.141	0.871	0.867	0.147	0.904	0.419	0.079	0.080	0.102	0.966	0.877	0.913	0.148	0.873	0.866	0.173	0.877	1.277	0.079	0.081	0.101	0.956	0.904	0.880	0.150	0.864	0.884	0.190	0.888	0.451	0.079	0.079	0.101	1.035	0.943	0.913	0.203	0.920	0.908	0.190	0.950	0.500	0.079	0.079	0.080	0.080	0.079	0.080	0.080	0.080	0.080	0.079	0.080	0.080	0.079
20:10:01	0.080	0.083	0.081	0.080	0.080	0.080	0.080	0.080	0.080	0.080	0.080	0.080	0.080	0.100	1.044	0.976	0.961	0.184	0.900	0.910	0.238	0.976	0.493	0.079	0.080	0.100	0.957	0.939	0.924	0.159	0.885	0.858	0.169	0.896	0.476	0.079	0.080	0.102	0.970	0.926	0.891	0.142	0.870	0.866	0.148	0.903	0.422	0.079	0.080	0.102	0.965	0.875	0.913	0.150	0.871	0.870	0.174	0.875	1.253	0.080	0.080	0.102	0.955	0.900	0.880	0.152	0.862	0.882	0.194	0.886	0.458	0.079	0.079	0.102	1.034	0.939	0.914	0.207	0.919	0.905	0.196	0.953	0.511	0.080	0.080	0.080	0.081	0.080	0.081	0.080	0.080	0.080	0.079	0.081	0.080	0.080
20:20:01	0.080	0.082	0.081	0.080	0.080	0.080	0.080	0.080	0.080	0.080	0.080	0.080	0.080	0.100	1.046	0.980	0.969	0.188	0.908	0.910	0.240	0.979	0.498	0.079	0.080	0.100	0.961	0.940	0.928	0.161	0.885	0.860	0.171	0.899	0.481	0.079	0.080	0.102	0.969	0.928	0.892	0.144	0.867	0.870	0.150	0.906	0.425	0.079	0.080	0.102	0.963	0.883	0.913	0.151	0.872	0.877	0.174	0.877	1.241	0.080	0.080	0.102	0.956	0.904	0.880	0.153	0.868	0.885	0.195	0.891	0.460	0.079	0.079	0.102	1.037	0.950	0.918	0.211	0.923	0.912	0.198	0.960	0.517	0.080	0.080	0.080	0.081	0.080	0.081	0.080	0.080	0.080	0.079	0.081	0.080	0.080
20:30:01	0.080	0.083	0.081	0.080	0.080	0.080	0.080	0.080	0.080	0.080	0.080	0.080	0.080	0.100	1.046	0.982	0.970	0.189	0.907	0.901	0.242	0.980	0.501	0.079	0.080	0.100	0.961	0.940	0.928	0.162	0.890	0.859	0.172	0.898	0.487	0.079	0.080	0.102	0.969	0.927	0.892	0.144	0.861	0.877	0.150	0.907	0.429	0.079	0.080	0.102	0.964	0.878	0.912	0.152	0.868	0.875	0.175	0.876	1.232	0.080	0.080	0.102	0.955	0.902	0.878	0.154	0.871	0.887	0.192	0.890	0.459	0.079	0.079	0.102	1.038	0.949	0.920	0.216	0.922	0.908	0.200	0.959	0.521	0.080	0.080	0.080	0.081	0.080	0.081	0.080	0.080	0.080	0.079	0.081	0.080	0.080
20:40:01	0.080	0.083	0.081	0.080	0.080	0.081	0.080	0.080	0.079	0.080	0.080	0.080	0.080	0.100	1.050	0.991	0.962	0.191	0.909	0.926	0.241	0.985	0.507	0.079	0.080	0.100	0.965	0.942	0.932	0.163	0.889	0.859	0.176	0.900	0.492	0.079	0.080	0.102	0.971	0.930	0.892	0.146	0.861	0.876	0.152	0.912	0.434	0.079	0.080	0.103	0.966	0.886	0.913	0.154	0.866	0.876	0.177	0.881	1.227	0.079	0.080	0.102	0.956	0.904	0.877	0.155	0.866	0.885	0.192	0.893	0.464	0.079	0.080	0.102	1.042	0.957	0.925	0.222	0.926	0.908	0.202	0.960	0.524	0.080	0.080	0.080	0.081	0.080	0.081	0.080	0.080	0.080	0.079	0.081	0.080	0.080
20:50:01	0.080	0.083	0.079	0.080	0.080	0.081	0.080	0.080	0.079	0.080	0.080	0.080	0.080	0.100	1.050	0.993	0.964	0.194	0.905	0.935	0.241	0.984	0.513	0.079	0.080	0.101	0.966	0.938	0.932	0.165	0.894	0.860	0.178	0.898	0.497	0.079	0.080	0.102	0.975	0.928	0.892	0.147	0.858	0.880	0.152	0.913	0.438	0.079	0.080	0.103	0.967	0.890	0.911	0.155	0.864	0.884	0.180	0.881	1.228	0.079	0.080	0.102	0.958	0.903	0.875	0.156	0.858	0.887	0.199	0.892	0.468	0.079	0.079	0.102	1.041	0.958	0.926	0.222	0.925	0.905	0.199	0.959	0.528	0.080	0.080	0.080	0.081	0.080	0.081	0.080	0.080	0.080	0.079	0.081	0.080	0.080
21:00:01	0.080	0.084	0.079	0.080	0.080	0.081	0.080	0.080	0.079	0.080	0.080	0.080	0.081	0.100	1.051	0.995	0.966	0.199	0.910	0.917	0.242	0.985	0.515	0.079	0.080	0.100	0.965	0.936	0.935	0.166	0.887	0.863	0.180	0.900	0.504	0.079	0.080	0.103	0.973	0.927	0.892	0.149	0.860	0.875	0.154	0.913	0.442	0.079	0.080	0.103	0.968	0.889	0.912	0.156	0.863	0.883	0.181	0.879	1.219	0.079	0.080	0.102	0.957	0.902	0.873	0.156	0.860	0.887	0.206	0.895	0.477	0.079	0.079	0.102	1.043	0.951	0.926	0.236	0.926	0.910	0.205	0.962	0.536	0.080	0.080	0.080	0.081	0.080	0.081	0.080	0.080	0.080	0.079	0.081	0.080	0.080
21:10:01	0.080	0.083	0.079	0.080	0.080	0.080	0.080	0.080	0.079	0.080	0.080	0.080	0.080	0.100	1.051	0.987	0.963	0.202	0.908	0.905	0.241	0.983	0.520	0.079	0.080	0.100	0.961	0.935	0.929	0.167	0.888	0.862	0.179	0.899	0.506	0.079	0.080	0.102	0.971	0.927	0.887	0.150	0.856	0.875	0.153	0.912	0.443	0.079	0.080	0.103	0.968	0.882	0.911	0.157	0.862	0.879	0.179	0.877	1.214	0.079	0.080	0.102	0.955	0.896	0.873	0.155	0.861	0.887	0.206	0.895	0.483	0.079	0.079	0.102	1.044	0.942	0.923	0.248	0.920	0.911	0.205	0.962	0.540	0.080	0.080	0.080	0.081	0.079	0.081	0.080	0.080	0.080	0.079	0.080	0.080	0.080
21:20:01	0.080	0.083	0.079	0.079	0.080	0.080	0.080	0.080	0.079	0.080	0.080	0.080	0.080	0.100	1.054	0.990	0.966	0.209	0.907	0.904	0.243	0.985	0.523	0.079	0.080	0.100	0.965	0.937	0.929	0.168	0.879	0.862	0.182	0.901	0.510	0.079	0.080	0.102	0.973	0.927	0.886	0.150	0.856	0.865	0.156	0.912	0.448	0.079	0.080	0.102	0.967	0.883	0.908	0.159	0.863	0.873	0.180	0.880	1.214	0.079	0.080	0.101	0.955	0.900	0.871	0.155	0.861	0.882	0.209	0.896	0.489	0.079	0.079	0.102	1.044	0.948	0.925	0.262	0.922	0.914	0.207	0.964	0.544	0.080	0.080	0.080	0.081	0.079	0.080	0.080	0.080	0.080	0.079	0.080	0.080	0.080
21:30:01	0.080	0.084	0.079	0.080	0.080	0.080	0.080	0.080	0.079	0.080	0.080	0.080	0.080	0.100	1.054	0.986	0.974	0.219	0.904	0.899	0.246	0.987	0.527	0.079	0.080	0.100	0.966	0.938	0.929	0.170	0.878	0.866	0.184	0.901	0.516	0.079	0.080	0.102	0.970	0.927	0.887	0.150	0.850	0.867	0.157	0.908	0.452	0.079	0.080	0.102	0.966	0.885	0.907	0.160	0.863	0.870	0.183	0.878	1.213	0.079	0.080	0.101	0.952	0.897	0.869	0.157	0.858	0.881	0.210	0.894	0.495	0.080	0.080	0.101	1.044	0.952	0.924	0.268	0.918	0.916	0.209	0.964	0.548	0.080	0.080	0.080	0.081	0.080	0.080	0.080	0.080	0.080	0.080	0.081	0.080	0.080
21:40:01	0.080	0.084	0.079	0.080	0.081	0.081	0.080	0.080	0.079	0.080	0.080	0.080	0.081	0.100	1.053	0.985	0.969	0.233	0.904	0.901	0.249	0.986	0.534	0.079	0.080	0.100	0.968	0.938	0.929	0.172	0.871	0.869	0.185	0.900	0.522	0.079	0.080	0.102	0.972	0.926	0.886	0.151	0.848	0.861	0.159	0.908	0.455	0.079	0.080	0.102	0.966	0.878	0.906	0.161	0.864	0.865	0.185	0.880	1.211	0.079	0.080	0.101	0.953	0.895	0.868	0.158	0.854	0.878	0.208	0.891	0.501	0.080	0.080	0.102	1.044	0.953	0.920	0.271	0.917	0.915	0.211	0.965	0.554	0.080	0.080	0.080	0.081	0.080	0.080	0.080	0.080	0.080	0.079	0.081	0.080	0.080
21:50:01	0.080	0.083	0.080	0.080	0.080	0.081	0.080	0.080	0.079	0.080	0.080	0.081	0.081	0.100	1.052	0.987	0.967	0.247	0.919	0.911	0.254	0.987	0.539	0.079	0.081	0.100	0.972	0.939	0.928	0.173	0.872	0.868	0.190	0.901	0.525	0.079	0.080	0.102	0.973	0.930	0.886	0.152	0.845	0.861	0.160	0.909	0.459	0.079	0.080	0.102	0.966	0.883	0.905	0.162	0.864	0.865	0.192	0.881	1.213	0.079	0.080	0.102	0.955	0.896	0.865	0.157	0.858	0.876	0.214	0.892	0.504	0.079	0.079	0.102	1.048	0.962	0.920	0.277	0.914	0.916	0.213	0.966	0.560	0.079	0.080	0.080	0.081	0.079	0.080	0.080	0.080	0.080	0.079	0.081	0.080	0.080
22:00:01	0.080	0.083	0.080	0.080	0.079	0.081	0.080	0.080	0.079	0.080	0.080	0.081	0.081	0.100	1.051	0.987	0.963	0.261	0.909	0.898	0.257	0.984	0.545	0.079	0.081	0.100	0.970	0.939	0.926	0.175	0.872	0.863	0.191	0.897	0.529	0.079	0.080	0.102	0.972	0.928	0.883	0.152	0.842	0.864	0.161	0.908	0.464	0.079	0.080	0.102	0.965	0.877	0.903	0.163	0.861	0.866	0.199	0.880	1.214	0.079	0.080	0.101	0.954	0.893	0.860	0.160	0.859	0.871	0.219	0.895	0.507	0.080	0.080	0.102	1.052	0.965	0.918	0.290	0.911	0.913	0.217	0.966	0.566	0.080	0.080	0.080	0.081	0.080	0.080	0.080	0.080	0.080	0.079	0.081	0.080	0.080
22:10:01	0.080	0.083	0.079	0.080	0.079	0.080	0.080	0.080	0.079	0.080	0.080	0.081	0.081	0.100	1.051	0.992	0.963	0.276	0.905	0.916	0.265	0.988	0.553	0.079	0.080	0.100	0.970	0.935	0.929	0.176	0.870	0.861	0.193	0.902	0.536	0.079	0.080	0.102	0.972	0.926	0.883	0.152	0.845	0.865	0.163	0.910	0.469	0.079	0.080	0.102	0.966	0.873	0.903	0.165	0.861	0.862	0.202	0.878	1.214	0.079	0.080	0.101	0.956	0.891	0.857	0.158	0.858	0.868	0.221	0.896	0.514	0.079	0.079	0.102	1.056	0.963	0.920	0.297	0.914	0.916	0.222	0.966	0.573	0.079	0.080	0.080	0.081	0.079	0.080	0.080	0.080	0.080	0.079	0.081	0.080	0.080
22:20:01	0.080	0.083	0.080	0.080	0.079	0.081	0.080	0.080	0.079	0.080	0.080	0.081	0.081	0.100	1.051	0.989	0.967	0.287	0.917	0.926	0.269	0.994	0.558	0.079	0.081	0.100	0.968	0.934	0.929	0.177	0.867	0.859	0.195	0.901	0.541	0.079	0.080	0.102	0.974	0.923	0.882	0.153	0.838	0.864	0.166	0.911	0.476	0.079	0.081	0.102	0.969	0.879	0.902	0.166	0.861	0.860	0.204	0.875	1.214	0.079	0.080	0.102	0.956	0.891	0.858	0.159	0.856	0.871	0.222	0.896	0.521	0.080	0.080	0.102	1.056	0.969	0.923	0.303	0.918	0.916	0.230	0.969	0.580	0.080	0.080	0.080	0.081	0.080	0.080	0.080	0.080	0.080	0.079	0.081	0.080	0.080
22:30:01	0.080	0.084	0.080	0.080	0.080	0.081	0.080	0.080	0.080	0.080	0.080	0.081	0.081	0.100	1.048	0.977	0.957	0.299	0.897	0.914	0.272	0.992	0.563	0.079	0.081	0.100	0.960	0.932	0.922	0.178	0.867	0.858	0.193	0.897	0.544	0.080	0.080	0.102	0.973	0.920	0.881	0.154	0.834	0.855	0.165	0.907	0.481	0.080	0.081	0.102	0.969	0.868	0.896	0.167	0.857	0.858	0.203	0.872	1.213	0.079	0.080	0.101	0.953	0.882	0.853	0.162	0.850	0.873	0.223	0.894	0.525	0.080	0.080	0.102	1.052	0.952	0.917	0.309	0.913	0.911	0.236	0.969	0.582	0.080	0.080	0.080	0.081	0.080	0.080	0.080	0.080	0.081	0.080	0.080	0.080	0.080
22:40:01	0.080	0.084	0.080	0.080	0.079	0.080	0.080	0.080	0.079	0.080	0.080	0.081	0.081	0.100	1.051	0.981	0.957	0.304	0.897	0.902	0.275	0.989	0.570	0.079	0.080	0.100	0.962	0.931	0.922	0.182	0.870	0.863	0.198	0.900	0.551	0.079	0.080	0.102	0.974	0.922	0.881	0.155	0.844	0.848	0.169	0.908	0.486	0.079	0.080	0.102	0.970	0.864	0.897	0.168	0.858	0.853	0.206	0.875	1.217	0.079	0.080	0.102	0.955	0.882	0.853	0.165	0.850	0.874	0.226	0.897	0.528	0.079	0.079	0.102	1.052	0.953	0.914	0.314	0.911	0.910	0.241	0.973	0.585	0.080	0.080	0.080	0.081	0.079	0.080	0.080	0.080	0.080	0.079	0.080	0.080	0.080
22:50:01	0.080	0.084	0.080	0.080	0.079	0.080	0.080	0.080	0.079	0.080	0.080	0.081	0.081	0.100	1.049	0.978	0.963	0.309	0.898	0.896	0.276	0.988	0.576	0.079	0.080	0.100	0.961	0.932	0.922	0.181	0.871	0.865	0.200	0.893	0.555	0.080	0.080	0.102	0.974	0.926	0.881	0.156	0.840	0.851	0.170	0.905	0.490	0.079	0.080	0.103	0.969	0.866	0.894	0.170	0.855	0.857	0.209	0.870	1.213	0.079	0.080	0.102	0.955	0.878	0.850	0.167	0.849	0.870	0.229	0.890	0.533	0.079	0.079	0.102	1.049	0.956	0.912	0.315	0.904	0.911	0.244	0.972	0.592	0.080	0.080	0.080	0.081	0.079	0.080	0.080	0.080	0.080	0.079	0.080	0.080	0.080
23:00:01	0.080	0.083	0.079	0.080	0.079	0.080	0.080	0.080	0.079	0.080	0.080	0.081	0.081	0.100	1.049	0.977	0.967	0.313	0.904	0.902	0.277	0.991	0.578	0.079	0.080	0.100	0.962	0.931	0.922	0.183	0.862	0.858	0.203	0.895	0.561	0.080	0.080	0.102	0.975	0.922	0.881	0.157	0.838	0.845	0.172	0.906	0.494	0.079	0.080	0.102	0.966	0.861	0.896	0.171	0.857	0.853	0.211	0.870	1.213	0.079	0.080	0.101	0.957	0.875	0.850	0.172	0.847	0.869	0.234	0.892	0.538	0.079	0.079	0.102	1.048	0.958	0.911	0.319	0.906	0.911	0.244	0.972	0.599	0.080	0.080	0.080	0.081	0.079	0.080	0.080	0.080	0.080	0.079	0.080	0.080	0.080
23:10:01	0.080	0.083	0.080	0.080	0.079	0.080	0.080	0.080	0.079	0.080	0.080	0.081	0.081	0.100	1.049	0.976	0.968	0.313	0.916	0.906	0.278	0.994	0.583	0.079	0.080	0.100	0.966	0.929	0.919	0.185	0.861	0.853	0.207	0.896	0.567	0.080	0.080	0.102	0.975	0.921	0.878	0.157	0.838	0.845	0.174	0.903	0.500	0.079	0.080	0.102	0.966	0.864	0.896	0.171	0.856	0.856	0.215	0.869	1.219	0.079	0.080	0.101	0.956	0.873	0.853	0.178	0.855	0.872	0.240	0.892	0.542	0.079	0.079	0.101	1.050	0.965	0.914	0.329	0.912	0.918	0.247	0.975	0.604	0.080	0.080	0.080	0.081	0.079	0.080	0.080	0.080	0.080	0.079	0.080	0.080	0.080
23:20:01	0.080	0.084	0.080	0.080	0.079	0.080	0.080	0.080	0.080	0.080	0.080	0.081	0.081	0.100	1.046	0.967	0.962	0.317	0.892	0.895	0.280	0.989	0.588	0.079	0.080	0.100	0.963	0.926	0.911	0.188	0.861	0.850	0.207	0.894	0.573	0.080	0.080	0.102	0.973	0.920	0.870	0.159	0.830	0.842	0.174	0.899	0.502	0.080	0.080	0.102	0.965	0.856	0.892	0.173	0.855	0.849	0.213	0.871	1.215	0.079	0.080	0.101	0.952	0.869	0.846	0.181	0.850	0.866	0.238	0.889	0.550	0.079	0.080	0.101	1.050	0.960	0.910	0.334	0.903	0.914	0.249	0.977	0.609	0.080	0.080	0.080	0.081	0.080	0.080	0.080	0.080	0.080	0.079	0.080	0.080	0.080
23:30:01	0.080	0.084	0.080	0.080	0.080	0.080	0.080	0.080	0.080	0.080	0.080	0.081	0.081	0.100	1.047	0.969	0.967	0.319	0.895	0.893	0.281	0.992	0.593	0.079	0.081	0.100	0.965	0.925	0.911	0.189	0.859	0.853	0.212	0.897	0.576	0.080	0.080	0.102	0.972	0.917	0.870	0.160	0.837	0.839	0.176	0.900	0.507	0.080	0.080	0.102	0.963	0.858	0.892	0.175	0.857	0.846	0.217	0.874	1.217	0.079	0.081	0.102	0.954	0.869	0.845	0.186	0.850	0.868	0.240	0.889	0.555	0.079	0.080	0.102	1.054	0.963	0.911	0.336	0.904	0.915	0.252	0.976	0.617	0.080	0.080	0.080	0.081	0.080	0.080	0.080	0.080	0.080	0.079	0.080	0.080	0.080
23:40:01	0.080	0.083	0.080	0.080	0.080	0.080	0.080	0.080	0.080	0.080	0.080	0.081	0.081	0.100	1.045	0.968	0.972	0.319	0.892	0.891	0.281	0.990	0.597	0.079	0.080	0.100	0.965	0.926	0.910	0.189	0.861	0.853	0.216	0.893	0.583	0.079	0.080	0.102	0.972	0.913	0.867	0.161	0.828	0.844	0.176	0.897	0.509	0.079	0.080	0.102	0.963	0.862	0.886	0.176	0.852	0.847	0.223	0.867	1.223	0.079	0.080	0.101	0.953	0.867	0.843	0.186	0.851	0.878	0.246	0.887	0.558	0.079	0.079	0.101	1.057	0.966	0.912	0.340	0.904	0.916	0.259	0.971	0.622	0.080	0.080	0.080	0.081	0.079	0.080	0.080	0.080	0.080	0.079	0.080	0.080	0.080
23:50:01	0.080	0.083	0.079	0.080	0.079	0.080	0.080	0.080	0.079	0.080	0.080	0.081	0.081	0.100	1.044	0.967	0.961	0.323	0.892	0.890	0.286	0.988	0.600	0.079	0.081	0.100	0.966	0.924	0.911	0.192	0.852	0.847	0.219	0.891	0.587	0.079	0.080	0.102	0.973	0.912	0.867	0.162	0.833	0.837	0.179	0.901	0.516	0.079	0.080	0.102	0.962	0.853	0.890	0.176	0.855	0.841	0.224	0.868	1.222	0.079	0.080	0.101	0.951	0.867	0.841	0.190	0.847	0.869	0.244	0.886	0.564	0.079	0.080	0.102	1.058	0.963	0.907	0.343	0.907	0.912	0.267	0.971	0.629	0.080	0.080	0.080	0.081	0.079	0.080	0.080	0.080	0.080	0.079	0.080	0.080	0.080
24:00:01	0.080	0.083	0.080	0.080	0.080	0.080	0.080	0.080	0.079	0.080	0.080	0.081	0.081	0.100	1.045	0.967	0.963	0.325	0.903	0.894	0.289	0.989	0.605	0.079	0.081	0.100	0.964	0.924	0.912	0.194	0.853	0.852	0.224	0.893	0.594	0.079	0.080	0.102	0.973	0.908	0.867	0.163	0.827	0.837	0.182	0.901	0.520	0.079	0.080	0.102	0.963	0.853	0.888	0.178	0.854	0.841	0.226	0.869	1.224	0.079	0.080	0.101	0.952	0.864	0.839	0.197	0.846	0.865	0.248	0.887	0.569	0.079	0.080	0.102	1.056	0.967	0.908	0.345	0.915	0.916	0.267	0.969	0.631	0.080	0.080	0.080	0.081	0.079	0.080	0.080	0.080	0.081	0.079	0.080	0.080	0.080

