Field Group

Plate Comment:	
Procedure Summary
  Plate Type:              Corning 96 well for LogPhase600
  Plate Number:            1
  Discontinuous Kinetics:  Runtime 01:00:00 (D:HH:MM), Interval 00:10:00 (HH:MM:SS), 145 Reads (max)
  Read:                    600 nm
  Incubator:               On
    Temperature setpoint:  37 °C
    Temperature gradient:  On
  Shaking:                 Off		
			
			

600

Time	A1	A2	A3	A4	A5	A6	A7	A8	A9	A10	A11	A12	B1	B2	B3	B4	B5	B6	B7	B8	B9	B10	B11	B12	C1	C2	C3	C4	C5	C6	C7	C8	C9	C10	C11	C12	D1	D2	D3	D4	D5	D6	D7	D8	D9	D10	D11	D12	E1	E2	E3	E4	E5	E6	E7	E8	E9	E10	E11	E12	F1	F2	F3	F4	F5	F6	F7	F8	F9	F10	F11	F12	G1	G2	G3	G4	G5	G6	G7	G8	G9	G10	G11	G12	H1	H2	H3	H4	H5	H6	H7	H8	H9	H10	H11	H12
0:00:00	0.079	0.078	0.079	0.080	0.079	0.079	0.079	0.079	0.080	0.080	0.079	0.079	0.079	0.100	0.158	0.196	0.157	0.117	0.193	0.227	0.107	0.200	0.105	0.079	0.079	0.100	0.183	0.252	0.217	0.125	0.173	0.266	0.102	0.149	0.105	0.079	0.079	0.102	0.237	0.268	0.191	0.127	0.142	0.411	0.101	0.340	0.105	0.079	0.079	0.103	0.265	0.292	0.231	0.171	0.183	0.126	0.101	0.117	0.107	0.078	0.079	0.102	0.156	0.322	0.272	0.105	0.382	0.240	0.102	0.165	0.106	0.078	0.080	0.103	0.216	0.367	0.272	0.111	0.131	0.188	0.102	0.134	0.102	0.078	0.079	0.080	0.079	0.079	0.079	0.079	0.079	0.079	0.079	0.079	0.079	0.078
0:10:00	0.079	0.078	0.079	0.080	0.079	0.079	0.079	0.079	0.081	0.080	0.078	0.079	0.079	0.100	0.166	0.187	0.157	0.114	0.182	0.219	0.107	0.204	0.105	0.079	0.079	0.100	0.171	0.231	0.209	0.126	0.162	0.233	0.102	0.140	0.104	0.079	0.079	0.102	0.222	0.266	0.182	0.124	0.147	0.378	0.101	0.353	0.106	0.078	0.079	0.104	0.266	0.279	0.265	0.178	0.189	0.131	0.101	0.117	0.107	0.078	0.079	0.102	0.176	0.310	0.261	0.105	0.362	0.253	0.101	0.153	0.106	0.078	0.079	0.104	0.186	0.350	0.261	0.110	0.140	0.203	0.102	0.125	0.104	0.078	0.079	0.080	0.079	0.079	0.078	0.078	0.078	0.078	0.078	0.078	0.078	0.078
0:20:00	0.078	0.078	0.079	0.080	0.079	0.079	0.079	0.079	0.080	0.079	0.079	0.079	0.078	0.100	0.167	0.186	0.165	0.116	0.186	0.211	0.106	0.203	0.105	0.079	0.079	0.100	0.169	0.223	0.217	0.125	0.168	0.216	0.102	0.145	0.105	0.078	0.079	0.101	0.211	0.258	0.180	0.119	0.150	0.362	0.101	0.373	0.106	0.078	0.079	0.104	0.241	0.263	0.266	0.180	0.201	0.133	0.101	0.115	0.109	0.078	0.079	0.102	0.169	0.302	0.258	0.105	0.344	0.262	0.101	0.152	0.107	0.078	0.079	0.103	0.189	0.341	0.275	0.109	0.133	0.201	0.103	0.126	0.105	0.078	0.079	0.079	0.079	0.079	0.078	0.078	0.078	0.078	0.078	0.078	0.078	0.078
0:30:00	0.078	0.077	0.079	0.080	0.079	0.079	0.079	0.079	0.080	0.079	0.081	0.078	0.079	0.100	0.172	0.192	0.158	0.118	0.191	0.209	0.107	0.199	0.104	0.079	0.078	0.100	0.168	0.217	0.223	0.130	0.171	0.214	0.102	0.146	0.106	0.078	0.078	0.101	0.216	0.250	0.182	0.119	0.153	0.353	0.101	0.379	0.106	0.078	0.079	0.103	0.240	0.252	0.254	0.179	0.208	0.136	0.101	0.116	0.108	0.078	0.079	0.102	0.166	0.293	0.251	0.105	0.338	0.272	0.101	0.154	0.107	0.078	0.079	0.103	0.200	0.321	0.289	0.108	0.136	0.204	0.103	0.126	0.105	0.078	0.079	0.079	0.079	0.079	0.078	0.078	0.078	0.078	0.078	0.078	0.078	0.078
0:40:00	0.078	0.077	0.079	0.080	0.079	0.079	0.079	0.079	0.080	0.079	0.081	0.078	0.079	0.100	0.174	0.194	0.155	0.119	0.193	0.208	0.107	0.198	0.104	0.079	0.079	0.100	0.177	0.213	0.224	0.132	0.174	0.208	0.102	0.145	0.107	0.078	0.078	0.101	0.217	0.247	0.182	0.121	0.152	0.346	0.101	0.382	0.106	0.078	0.079	0.103	0.249	0.245	0.257	0.176	0.208	0.139	0.101	0.115	0.108	0.078	0.079	0.102	0.169	0.285	0.247	0.106	0.335	0.274	0.101	0.155	0.108	0.078	0.079	0.103	0.207	0.308	0.295	0.108	0.138	0.206	0.103	0.129	0.104	0.078	0.079	0.079	0.079	0.079	0.078	0.078	0.078	0.078	0.079	0.078	0.078	0.078
0:50:00	0.078	0.077	0.079	0.080	0.079	0.079	0.079	0.079	0.080	0.079	0.082	0.079	0.079	0.100	0.172	0.196	0.155	0.121	0.193	0.206	0.108	0.197	0.104	0.079	0.079	0.100	0.180	0.212	0.224	0.134	0.173	0.207	0.102	0.143	0.108	0.079	0.078	0.101	0.219	0.247	0.183	0.120	0.152	0.340	0.101	0.382	0.106	0.078	0.079	0.103	0.257	0.241	0.257	0.174	0.208	0.142	0.101	0.115	0.108	0.078	0.079	0.102	0.171	0.279	0.245	0.106	0.331	0.277	0.101	0.156	0.110	0.078	0.079	0.103	0.209	0.299	0.296	0.108	0.140	0.208	0.104	0.129	0.104	0.078	0.079	0.079	0.079	0.079	0.078	0.078	0.078	0.078	0.079	0.078	0.078	0.078
1:00:00	0.078	0.078	0.079	0.080	0.079	0.079	0.079	0.079	0.080	0.079	0.080	0.079	0.079	0.100	0.176	0.197	0.156	0.121	0.191	0.203	0.108	0.196	0.104	0.079	0.079	0.100	0.185	0.210	0.222	0.135	0.172	0.204	0.102	0.144	0.108	0.079	0.079	0.102	0.223	0.247	0.183	0.118	0.151	0.337	0.101	0.382	0.106	0.078	0.079	0.104	0.268	0.239	0.259	0.173	0.208	0.144	0.101	0.118	0.108	0.078	0.079	0.102	0.176	0.273	0.248	0.108	0.329	0.276	0.102	0.157	0.111	0.078	0.079	0.103	0.211	0.291	0.292	0.108	0.139	0.208	0.104	0.129	0.104	0.078	0.079	0.079	0.079	0.079	0.078	0.078	0.079	0.078	0.079	0.079	0.078	0.078
1:10:00	0.078	0.077	0.079	0.080	0.079	0.079	0.079	0.079	0.080	0.079	0.084	0.078	0.079	0.100	0.179	0.201	0.159	0.122	0.193	0.206	0.108	0.194	0.105	0.079	0.078	0.100	0.187	0.212	0.224	0.135	0.172	0.208	0.102	0.143	0.109	0.078	0.078	0.101	0.226	0.248	0.185	0.119	0.151	0.333	0.101	0.382	0.106	0.078	0.078	0.104	0.266	0.237	0.258	0.172	0.211	0.145	0.101	0.118	0.109	0.078	0.079	0.102	0.182	0.269	0.246	0.108	0.328	0.276	0.101	0.158	0.112	0.078	0.079	0.103	0.213	0.285	0.292	0.109	0.139	0.209	0.104	0.130	0.104	0.078	0.079	0.079	0.079	0.079	0.078	0.078	0.078	0.078	0.079	0.078	0.078	0.078
1:20:01	0.078	0.078	0.079	0.080	0.079	0.079	0.079	0.079	0.080	0.079	0.082	0.079	0.079	0.100	0.179	0.203	0.162	0.122	0.193	0.206	0.108	0.194	0.106	0.079	0.079	0.100	0.191	0.214	0.225	0.135	0.172	0.206	0.102	0.143	0.109	0.079	0.078	0.101	0.228	0.252	0.186	0.119	0.151	0.333	0.101	0.381	0.106	0.078	0.079	0.104	0.275	0.238	0.260	0.171	0.211	0.147	0.101	0.119	0.110	0.078	0.079	0.102	0.187	0.264	0.247	0.109	0.328	0.276	0.102	0.158	0.112	0.078	0.079	0.103	0.215	0.279	0.289	0.110	0.139	0.211	0.105	0.129	0.105	0.078	0.079	0.079	0.079	0.079	0.078	0.078	0.078	0.078	0.079	0.078	0.078	0.078
1:30:01	0.078	0.078	0.079	0.080	0.078	0.079	0.079	0.079	0.080	0.079	0.086	0.078	0.078	0.100	0.179	0.208	0.166	0.122	0.194	0.208	0.107	0.192	0.106	0.079	0.078	0.100	0.193	0.216	0.227	0.135	0.174	0.210	0.102	0.142	0.110	0.078	0.078	0.101	0.230	0.253	0.188	0.120	0.150	0.329	0.101	0.380	0.106	0.078	0.078	0.103	0.273	0.237	0.258	0.170	0.212	0.147	0.100	0.118	0.111	0.078	0.079	0.102	0.190	0.261	0.246	0.109	0.326	0.276	0.101	0.159	0.113	0.078	0.079	0.103	0.217	0.275	0.288	0.111	0.139	0.211	0.105	0.128	0.105	0.078	0.079	0.079	0.078	0.079	0.078	0.078	0.078	0.078	0.078	0.078	0.078	0.078
1:40:01	0.078	0.078	0.079	0.080	0.079	0.079	0.079	0.079	0.080	0.079	0.084	0.079	0.079	0.100	0.181	0.210	0.170	0.122	0.195	0.208	0.108	0.193	0.108	0.079	0.079	0.100	0.197	0.218	0.228	0.135	0.176	0.207	0.102	0.142	0.111	0.079	0.079	0.101	0.233	0.256	0.189	0.120	0.151	0.328	0.101	0.379	0.107	0.078	0.079	0.103	0.280	0.239	0.259	0.168	0.213	0.148	0.100	0.119	0.112	0.078	0.079	0.102	0.194	0.257	0.248	0.110	0.325	0.276	0.101	0.158	0.113	0.078	0.079	0.103	0.219	0.270	0.286	0.111	0.139	0.212	0.106	0.127	0.106	0.078	0.079	0.079	0.079	0.079	0.078	0.078	0.079	0.079	0.079	0.079	0.079	0.079
1:50:01	0.079	0.078	0.079	0.080	0.079	0.079	0.079	0.079	0.080	0.080	0.084	0.079	0.079	0.100	0.182	0.214	0.173	0.122	0.196	0.208	0.108	0.193	0.109	0.079	0.079	0.100	0.198	0.220	0.228	0.135	0.178	0.209	0.102	0.143	0.111	0.079	0.079	0.101	0.236	0.259	0.191	0.120	0.151	0.326	0.101	0.379	0.108	0.079	0.079	0.103	0.286	0.240	0.259	0.167	0.216	0.148	0.101	0.119	0.113	0.078	0.079	0.102	0.197	0.253	0.248	0.110	0.323	0.277	0.102	0.158	0.114	0.078	0.079	0.103	0.221	0.267	0.284	0.111	0.139	0.212	0.106	0.127	0.106	0.078	0.079	0.080	0.079	0.079	0.079	0.079	0.079	0.079	0.079	0.079	0.079	0.079
2:00:01	0.079	0.078	0.079	0.080	0.079	0.079	0.079	0.079	0.081	0.080	0.083	0.079	0.079	0.099	0.185	0.218	0.177	0.123	0.197	0.210	0.109	0.193	0.110	0.079	0.079	0.099	0.201	0.222	0.229	0.136	0.181	0.220	0.102	0.143	0.113	0.079	0.079	0.101	0.239	0.261	0.192	0.120	0.152	0.322	0.101	0.381	0.108	0.079	0.079	0.103	0.287	0.241	0.258	0.165	0.218	0.149	0.101	0.119	0.114	0.078	0.079	0.102	0.201	0.251	0.248	0.110	0.321	0.276	0.102	0.159	0.115	0.078	0.079	0.103	0.224	0.264	0.282	0.111	0.139	0.213	0.106	0.127	0.107	0.078	0.079	0.080	0.079	0.079	0.078	0.078	0.079	0.078	0.079	0.079	0.079	0.078
2:10:01	0.078	0.078	0.079	0.080	0.079	0.079	0.079	0.079	0.081	0.079	0.084	0.079	0.079	0.100	0.189	0.220	0.180	0.123	0.200	0.212	0.109	0.193	0.111	0.079	0.079	0.099	0.204	0.223	0.231	0.136	0.184	0.213	0.102	0.143	0.113	0.079	0.078	0.101	0.242	0.262	0.195	0.120	0.152	0.318	0.101	0.381	0.108	0.078	0.078	0.103	0.287	0.240	0.257	0.164	0.221	0.149	0.100	0.119	0.115	0.078	0.079	0.102	0.204	0.250	0.247	0.110	0.319	0.276	0.101	0.160	0.116	0.078	0.079	0.103	0.226	0.261	0.282	0.112	0.139	0.214	0.106	0.127	0.107	0.078	0.079	0.079	0.079	0.079	0.078	0.078	0.078	0.078	0.078	0.078	0.078	0.078
2:20:01	0.079	0.078	0.079	0.080	0.079	0.079	0.079	0.079	0.080	0.079	0.086	0.079	0.079	0.100	0.191	0.226	0.183	0.123	0.203	0.214	0.110	0.193	0.112	0.079	0.079	0.100	0.207	0.225	0.232	0.137	0.186	0.218	0.103	0.143	0.114	0.079	0.079	0.101	0.247	0.266	0.197	0.120	0.152	0.316	0.101	0.380	0.109	0.079	0.079	0.103	0.290	0.244	0.256	0.163	0.223	0.150	0.100	0.119	0.116	0.078	0.079	0.102	0.207	0.249	0.248	0.111	0.319	0.277	0.102	0.160	0.117	0.078	0.079	0.103	0.231	0.259	0.282	0.112	0.139	0.215	0.107	0.127	0.108	0.078	0.079	0.079	0.079	0.079	0.078	0.078	0.079	0.078	0.079	0.079	0.078	0.078
2:30:01	0.078	0.078	0.079	0.080	0.079	0.079	0.079	0.079	0.080	0.079	0.091	0.079	0.079	0.100	0.196	0.231	0.186	0.123	0.207	0.219	0.110	0.193	0.113	0.079	0.079	0.100	0.212	0.228	0.234	0.138	0.189	0.226	0.103	0.144	0.115	0.079	0.078	0.101	0.250	0.269	0.199	0.120	0.152	0.313	0.101	0.378	0.110	0.078	0.079	0.103	0.289	0.243	0.255	0.163	0.226	0.150	0.100	0.118	0.117	0.078	0.079	0.102	0.210	0.249	0.246	0.111	0.317	0.276	0.101	0.162	0.118	0.078	0.079	0.103	0.236	0.257	0.282	0.113	0.139	0.216	0.107	0.127	0.109	0.078	0.079	0.079	0.079	0.079	0.078	0.078	0.079	0.078	0.079	0.078	0.078	0.078
2:40:01	0.079	0.078	0.079	0.080	0.079	0.079	0.079	0.079	0.081	0.079	0.087	0.079	0.079	0.100	0.200	0.233	0.189	0.124	0.209	0.221	0.111	0.194	0.114	0.079	0.079	0.100	0.217	0.231	0.236	0.138	0.192	0.231	0.103	0.144	0.116	0.079	0.079	0.101	0.254	0.272	0.201	0.121	0.152	0.316	0.101	0.378	0.111	0.079	0.079	0.103	0.296	0.246	0.257	0.162	0.229	0.151	0.101	0.119	0.118	0.078	0.079	0.102	0.214	0.248	0.249	0.111	0.318	0.279	0.102	0.163	0.119	0.078	0.079	0.103	0.239	0.256	0.282	0.113	0.139	0.219	0.107	0.127	0.110	0.078	0.079	0.079	0.079	0.079	0.078	0.078	0.079	0.079	0.079	0.079	0.079	0.079
2:50:01	0.079	0.078	0.079	0.080	0.079	0.079	0.079	0.079	0.080	0.079	0.087	0.079	0.079	0.100	0.204	0.235	0.192	0.124	0.212	0.224	0.111	0.195	0.116	0.079	0.079	0.100	0.222	0.231	0.238	0.138	0.194	0.249	0.103	0.145	0.117	0.079	0.079	0.101	0.258	0.274	0.204	0.122	0.152	0.316	0.101	0.377	0.113	0.079	0.079	0.103	0.300	0.254	0.257	0.161	0.233	0.153	0.101	0.120	0.120	0.078	0.079	0.102	0.216	0.248	0.251	0.112	0.318	0.280	0.102	0.164	0.120	0.078	0.079	0.103	0.243	0.255	0.283	0.114	0.139	0.221	0.108	0.128	0.111	0.079	0.079	0.080	0.079	0.079	0.079	0.079	0.079	0.079	0.079	0.079	0.079	0.079
3:00:01	0.078	0.077	0.079	0.080	0.079	0.079	0.079	0.079	0.080	0.079	0.091	0.079	0.079	0.100	0.208	0.238	0.195	0.124	0.216	0.229	0.111	0.195	0.116	0.079	0.079	0.099	0.226	0.234	0.240	0.139	0.198	0.260	0.103	0.145	0.118	0.079	0.078	0.101	0.262	0.275	0.209	0.122	0.153	0.313	0.101	0.377	0.114	0.078	0.079	0.103	0.297	0.252	0.256	0.161	0.236	0.153	0.100	0.119	0.120	0.078	0.079	0.102	0.218	0.249	0.250	0.112	0.317	0.279	0.102	0.165	0.120	0.078	0.079	0.103	0.245	0.253	0.283	0.114	0.139	0.222	0.108	0.129	0.112	0.078	0.079	0.079	0.079	0.079	0.078	0.078	0.078	0.078	0.079	0.078	0.078	0.078
3:10:01	0.078	0.077	0.079	0.080	0.079	0.079	0.079	0.079	0.080	0.079	0.092	0.079	0.079	0.100	0.211	0.242	0.199	0.125	0.219	0.232	0.111	0.195	0.117	0.079	0.079	0.100	0.232	0.236	0.243	0.139	0.201	0.262	0.103	0.146	0.119	0.079	0.078	0.101	0.267	0.278	0.213	0.122	0.153	0.315	0.101	0.376	0.115	0.079	0.079	0.103	0.305	0.260	0.257	0.161	0.239	0.154	0.101	0.120	0.121	0.078	0.079	0.102	0.223	0.249	0.252	0.112	0.318	0.281	0.102	0.166	0.120	0.078	0.079	0.103	0.250	0.253	0.284	0.114	0.139	0.224	0.108	0.130	0.113	0.078	0.079	0.079	0.079	0.079	0.078	0.078	0.079	0.078	0.079	0.079	0.078	0.078
3:20:01	0.078	0.078	0.079	0.080	0.079	0.079	0.079	0.079	0.080	0.079	0.088	0.079	0.079	0.100	0.216	0.245	0.202	0.125	0.222	0.234	0.111	0.197	0.117	0.079	0.079	0.100	0.237	0.238	0.245	0.139	0.205	0.273	0.103	0.147	0.120	0.079	0.078	0.101	0.271	0.280	0.217	0.123	0.153	0.317	0.101	0.376	0.115	0.078	0.079	0.103	0.318	0.265	0.259	0.161	0.243	0.155	0.100	0.121	0.122	0.078	0.079	0.102	0.229	0.251	0.255	0.112	0.319	0.284	0.102	0.166	0.121	0.078	0.079	0.103	0.254	0.253	0.285	0.115	0.139	0.227	0.108	0.131	0.114	0.078	0.079	0.079	0.079	0.079	0.078	0.078	0.078	0.078	0.079	0.079	0.079	0.079
3:30:01	0.078	0.078	0.079	0.080	0.079	0.079	0.079	0.079	0.080	0.079	0.088	0.079	0.079	0.100	0.222	0.248	0.207	0.125	0.226	0.238	0.112	0.198	0.118	0.079	0.079	0.100	0.241	0.239	0.247	0.139	0.208	0.279	0.103	0.148	0.120	0.079	0.079	0.101	0.272	0.281	0.221	0.123	0.154	0.318	0.101	0.375	0.116	0.079	0.079	0.103	0.325	0.268	0.260	0.161	0.247	0.157	0.100	0.122	0.122	0.079	0.079	0.102	0.231	0.252	0.256	0.113	0.319	0.286	0.102	0.168	0.122	0.079	0.079	0.103	0.258	0.252	0.285	0.115	0.139	0.229	0.109	0.132	0.114	0.079	0.079	0.079	0.079	0.079	0.078	0.079	0.079	0.079	0.079	0.079	0.079	0.079
3:40:01	0.079	0.078	0.079	0.080	0.079	0.079	0.079	0.079	0.080	0.080	0.092	0.079	0.079	0.100	0.228	0.254	0.211	0.126	0.229	0.240	0.112	0.198	0.118	0.079	0.079	0.100	0.246	0.245	0.250	0.139	0.212	0.296	0.104	0.149	0.120	0.079	0.079	0.101	0.278	0.289	0.225	0.123	0.155	0.315	0.101	0.375	0.117	0.079	0.079	0.102	0.335	0.271	0.261	0.161	0.254	0.158	0.101	0.122	0.123	0.078	0.079	0.102	0.237	0.253	0.257	0.113	0.319	0.286	0.102	0.170	0.123	0.079	0.079	0.102	0.260	0.252	0.286	0.115	0.140	0.231	0.109	0.133	0.115	0.079	0.079	0.079	0.079	0.079	0.079	0.079	0.079	0.079	0.079	0.079	0.079	0.079
3:50:01	0.079	0.078	0.079	0.080	0.079	0.079	0.079	0.079	0.080	0.080	0.092	0.079	0.079	0.100	0.231	0.260	0.218	0.126	0.232	0.243	0.112	0.199	0.119	0.079	0.079	0.100	0.251	0.250	0.250	0.140	0.217	0.314	0.104	0.150	0.121	0.079	0.079	0.101	0.282	0.295	0.229	0.124	0.155	0.315	0.101	0.376	0.117	0.079	0.079	0.102	0.346	0.279	0.262	0.161	0.261	0.160	0.101	0.123	0.124	0.078	0.079	0.102	0.243	0.256	0.258	0.113	0.319	0.286	0.102	0.171	0.123	0.078	0.079	0.103	0.265	0.252	0.289	0.115	0.141	0.233	0.109	0.135	0.116	0.078	0.079	0.080	0.079	0.079	0.078	0.078	0.079	0.079	0.079	0.079	0.079	0.079
4:00:01	0.079	0.078	0.079	0.080	0.079	0.079	0.079	0.079	0.081	0.080	0.086	0.079	0.079	0.100	0.230	0.265	0.218	0.126	0.233	0.245	0.112	0.201	0.119	0.079	0.079	0.099	0.252	0.254	0.252	0.139	0.222	0.328	0.103	0.151	0.121	0.079	0.079	0.101	0.286	0.299	0.231	0.124	0.156	0.314	0.101	0.379	0.117	0.079	0.079	0.103	0.353	0.286	0.261	0.161	0.261	0.161	0.100	0.124	0.125	0.078	0.079	0.102	0.251	0.257	0.261	0.113	0.319	0.288	0.102	0.173	0.124	0.078	0.079	0.103	0.268	0.254	0.295	0.115	0.141	0.236	0.109	0.135	0.116	0.078	0.079	0.079	0.079	0.079	0.078	0.078	0.078	0.078	0.078	0.078	0.078	0.078
4:10:01	0.079	0.078	0.079	0.080	0.079	0.079	0.079	0.079	0.081	0.080	0.089	0.079	0.079	0.100	0.237	0.274	0.224	0.126	0.239	0.248	0.113	0.202	0.120	0.079	0.079	0.100	0.257	0.262	0.262	0.140	0.227	0.346	0.104	0.152	0.122	0.079	0.079	0.101	0.294	0.308	0.237	0.125	0.157	0.315	0.101	0.379	0.117	0.079	0.079	0.103	0.364	0.297	0.262	0.161	0.265	0.163	0.101	0.125	0.126	0.079	0.079	0.102	0.262	0.260	0.261	0.114	0.321	0.290	0.102	0.175	0.125	0.078	0.079	0.103	0.274	0.266	0.303	0.116	0.143	0.240	0.110	0.137	0.117	0.079	0.079	0.080	0.079	0.079	0.079	0.079	0.079	0.079	0.079	0.079	0.079	0.079
4:20:01	0.079	0.078	0.079	0.080	0.079	0.079	0.079	0.079	0.081	0.080	0.088	0.079	0.079	0.099	0.243	0.279	0.229	0.126	0.244	0.250	0.113	0.203	0.120	0.079	0.079	0.099	0.264	0.269	0.263	0.140	0.232	0.385	0.104	0.154	0.122	0.079	0.079	0.101	0.308	0.318	0.242	0.125	0.157	0.315	0.101	0.380	0.118	0.079	0.079	0.103	0.373	0.302	0.265	0.161	0.275	0.165	0.100	0.127	0.129	0.078	0.079	0.102	0.270	0.264	0.266	0.114	0.323	0.294	0.102	0.176	0.126	0.078	0.079	0.103	0.281	0.270	0.310	0.116	0.144	0.242	0.110	0.137	0.117	0.078	0.079	0.080	0.079	0.079	0.078	0.079	0.079	0.079	0.079	0.079	0.079	0.079
4:30:01	0.079	0.078	0.079	0.081	0.079	0.079	0.079	0.079	0.081	0.080	0.095	0.079	0.079	0.100	0.251	0.286	0.237	0.127	0.245	0.252	0.113	0.204	0.120	0.079	0.079	0.100	0.276	0.275	0.271	0.141	0.239	0.416	0.104	0.155	0.121	0.079	0.079	0.101	0.316	0.328	0.255	0.126	0.158	0.316	0.101	0.379	0.118	0.079	0.079	0.103	0.378	0.310	0.271	0.162	0.294	0.166	0.100	0.128	0.130	0.078	0.079	0.102	0.279	0.265	0.275	0.114	0.324	0.302	0.102	0.178	0.126	0.078	0.079	0.103	0.291	0.274	0.315	0.116	0.145	0.249	0.110	0.138	0.118	0.079	0.079	0.080	0.079	0.079	0.078	0.078	0.079	0.079	0.079	0.079	0.079	0.079
4:40:01	0.079	0.078	0.079	0.080	0.079	0.079	0.079	0.079	0.081	0.080	0.088	0.079	0.079	0.100	0.258	0.293	0.245	0.127	0.255	0.255	0.113	0.206	0.122	0.079	0.079	0.100	0.288	0.286	0.275	0.141	0.244	0.438	0.105	0.156	0.122	0.079	0.079	0.101	0.332	0.340	0.272	0.126	0.158	0.321	0.102	0.380	0.119	0.079	0.079	0.103	0.399	0.318	0.279	0.162	0.314	0.169	0.101	0.129	0.132	0.079	0.079	0.102	0.289	0.267	0.281	0.114	0.327	0.308	0.102	0.180	0.127	0.079	0.080	0.103	0.303	0.278	0.321	0.116	0.146	0.257	0.111	0.141	0.118	0.079	0.079	0.080	0.079	0.079	0.079	0.079	0.079	0.079	0.079	0.079	0.079	0.079
4:50:01	0.079	0.078	0.079	0.080	0.079	0.079	0.079	0.079	0.081	0.079	0.094	0.079	0.079	0.100	0.268	0.300	0.252	0.127	0.261	0.259	0.113	0.207	0.123	0.079	0.079	0.100	0.300	0.288	0.279	0.141	0.245	0.456	0.105	0.158	0.122	0.079	0.079	0.101	0.332	0.349	0.276	0.127	0.159	0.320	0.102	0.380	0.119	0.079	0.079	0.103	0.400	0.320	0.282	0.163	0.322	0.170	0.100	0.130	0.133	0.078	0.079	0.102	0.294	0.269	0.285	0.114	0.329	0.309	0.102	0.182	0.128	0.078	0.079	0.103	0.307	0.279	0.328	0.116	0.147	0.261	0.111	0.141	0.119	0.078	0.079	0.079	0.079	0.079	0.078	0.078	0.079	0.078	0.079	0.079	0.079	0.079
5:00:01	0.079	0.078	0.079	0.080	0.079	0.079	0.079	0.079	0.081	0.080	0.089	0.079	0.079	0.099	0.281	0.311	0.263	0.127	0.264	0.263	0.113	0.208	0.124	0.079	0.079	0.099	0.310	0.304	0.287	0.141	0.255	0.463	0.105	0.159	0.123	0.079	0.079	0.101	0.341	0.366	0.288	0.128	0.159	0.327	0.102	0.384	0.120	0.079	0.079	0.103	0.416	0.334	0.297	0.164	0.337	0.173	0.101	0.132	0.134	0.079	0.079	0.102	0.305	0.278	0.295	0.114	0.334	0.315	0.102	0.185	0.129	0.079	0.080	0.103	0.318	0.284	0.336	0.116	0.149	0.270	0.111	0.143	0.120	0.079	0.079	0.080	0.079	0.079	0.079	0.079	0.079	0.079	0.079	0.079	0.079	0.079
5:10:01	0.078	0.078	0.079	0.080	0.079	0.079	0.079	0.079	0.080	0.079	0.095	0.079	0.079	0.100	0.294	0.323	0.275	0.127	0.272	0.274	0.113	0.209	0.124	0.079	0.079	0.100	0.335	0.310	0.290	0.141	0.259	0.506	0.105	0.160	0.123	0.079	0.078	0.101	0.359	0.389	0.298	0.128	0.159	0.327	0.102	0.387	0.120	0.079	0.079	0.103	0.430	0.338	0.302	0.163	0.343	0.174	0.100	0.133	0.137	0.078	0.079	0.101	0.318	0.284	0.302	0.114	0.339	0.317	0.102	0.188	0.131	0.079	0.079	0.102	0.326	0.290	0.342	0.116	0.152	0.274	0.111	0.150	0.120	0.079	0.079	0.079	0.079	0.079	0.078	0.078	0.079	0.078	0.079	0.079	0.079	0.079
5:20:01	0.079	0.078	0.079	0.080	0.079	0.079	0.079	0.079	0.080	0.080	0.094	0.079	0.079	0.100	0.297	0.329	0.276	0.128	0.282	0.275	0.114	0.211	0.125	0.079	0.079	0.100	0.346	0.317	0.291	0.142	0.258	0.470	0.105	0.161	0.125	0.079	0.079	0.101	0.365	0.398	0.312	0.129	0.160	0.327	0.102	0.387	0.121	0.079	0.079	0.102	0.437	0.339	0.308	0.163	0.348	0.176	0.101	0.134	0.144	0.079	0.079	0.101	0.329	0.291	0.310	0.114	0.342	0.321	0.102	0.191	0.133	0.079	0.080	0.102	0.338	0.300	0.348	0.116	0.161	0.283	0.112	0.155	0.121	0.079	0.079	0.080	0.079	0.079	0.079	0.079	0.079	0.079	0.079	0.079	0.079	0.079
5:30:01	0.079	0.078	0.079	0.080	0.079	0.079	0.079	0.079	0.081	0.080	0.089	0.079	0.079	0.100	0.310	0.340	0.293	0.128	0.287	0.284	0.114	0.216	0.125	0.079	0.080	0.100	0.350	0.331	0.303	0.142	0.266	0.490	0.105	0.162	0.127	0.079	0.079	0.101	0.381	0.412	0.340	0.130	0.161	0.333	0.102	0.389	0.122	0.079	0.079	0.103	0.462	0.353	0.320	0.164	0.390	0.181	0.101	0.135	0.142	0.079	0.080	0.102	0.333	0.301	0.321	0.114	0.352	0.332	0.103	0.194	0.134	0.079	0.080	0.103	0.350	0.305	0.356	0.117	0.164	0.289	0.112	0.162	0.122	0.079	0.079	0.080	0.079	0.079	0.079	0.079	0.079	0.079	0.079	0.079	0.079	0.079
5:40:01	0.079	0.078	0.079	0.080	0.079	0.079	0.079	0.079	0.081	0.080	0.091	0.079	0.079	0.099	0.326	0.354	0.303	0.129	0.307	0.292	0.114	0.216	0.126	0.079	0.079	0.099	0.365	0.341	0.312	0.143	0.274	0.528	0.105	0.164	0.127	0.079	0.079	0.101	0.408	0.442	0.362	0.130	0.161	0.335	0.102	0.395	0.122	0.079	0.079	0.103	0.474	0.364	0.325	0.165	0.388	0.182	0.100	0.136	0.146	0.078	0.079	0.101	0.345	0.307	0.327	0.114	0.356	0.337	0.102	0.196	0.135	0.078	0.079	0.102	0.364	0.305	0.360	0.116	0.165	0.298	0.112	0.170	0.123	0.079	0.079	0.079	0.079	0.079	0.078	0.078	0.078	0.078	0.079	0.079	0.079	0.079
5:50:01	0.079	0.078	0.079	0.080	0.079	0.079	0.079	0.079	0.081	0.080	0.089	0.079	0.079	0.100	0.343	0.362	0.309	0.129	0.313	0.294	0.114	0.218	0.128	0.079	0.079	0.100	0.366	0.352	0.318	0.143	0.288	0.508	0.106	0.165	0.129	0.079	0.079	0.101	0.417	0.448	0.371	0.131	0.162	0.337	0.102	0.400	0.123	0.079	0.079	0.103	0.489	0.369	0.336	0.165	0.412	0.186	0.101	0.138	0.147	0.079	0.079	0.102	0.352	0.318	0.337	0.114	0.362	0.350	0.102	0.197	0.137	0.079	0.080	0.103	0.386	0.308	0.367	0.116	0.166	0.304	0.112	0.172	0.124	0.079	0.079	0.080	0.079	0.079	0.079	0.079	0.079	0.079	0.079	0.079	0.079	0.079
6:00:01	0.079	0.078	0.079	0.080	0.079	0.079	0.079	0.079	0.081	0.080	0.089	0.079	0.079	0.099	0.354	0.382	0.331	0.129	0.328	0.301	0.115	0.221	0.130	0.079	0.079	0.099	0.392	0.363	0.330	0.143	0.308	0.534	0.106	0.167	0.130	0.079	0.079	0.101	0.451	0.477	0.381	0.131	0.163	0.341	0.102	0.405	0.123	0.079	0.079	0.103	0.510	0.403	0.345	0.165	0.422	0.190	0.101	0.139	0.149	0.079	0.079	0.102	0.375	0.330	0.342	0.114	0.373	0.353	0.102	0.200	0.139	0.079	0.079	0.103	0.393	0.317	0.373	0.116	0.168	0.306	0.112	0.174	0.124	0.079	0.079	0.080	0.079	0.079	0.079	0.079	0.079	0.079	0.079	0.079	0.079	0.079
6:10:01	0.079	0.078	0.079	0.081	0.079	0.079	0.079	0.079	0.081	0.080	0.096	0.079	0.079	0.100	0.373	0.406	0.342	0.130	0.327	0.319	0.115	0.223	0.131	0.079	0.079	0.099	0.405	0.369	0.334	0.144	0.315	0.563	0.106	0.168	0.131	0.079	0.079	0.101	0.468	0.485	0.392	0.131	0.164	0.350	0.102	0.403	0.124	0.079	0.079	0.103	0.526	0.423	0.354	0.165	0.429	0.191	0.101	0.140	0.153	0.079	0.079	0.102	0.388	0.333	0.349	0.114	0.372	0.360	0.103	0.204	0.141	0.079	0.080	0.103	0.402	0.325	0.379	0.117	0.170	0.315	0.113	0.182	0.125	0.079	0.079	0.080	0.079	0.079	0.079	0.079	0.079	0.079	0.079	0.079	0.079	0.079
6:20:01	0.079	0.078	0.079	0.081	0.079	0.079	0.079	0.080	0.081	0.080	0.090	0.079	0.079	0.100	0.380	0.419	0.347	0.130	0.332	0.322	0.115	0.228	0.134	0.079	0.079	0.100	0.426	0.382	0.344	0.144	0.333	0.556	0.106	0.170	0.133	0.079	0.079	0.101	0.456	0.483	0.412	0.132	0.165	0.367	0.103	0.406	0.125	0.079	0.079	0.103	0.530	0.426	0.360	0.165	0.440	0.198	0.101	0.141	0.155	0.079	0.080	0.102	0.399	0.342	0.352	0.114	0.378	0.361	0.103	0.205	0.144	0.079	0.080	0.103	0.413	0.338	0.386	0.117	0.173	0.323	0.113	0.184	0.126	0.079	0.080	0.080	0.079	0.079	0.079	0.079	0.079	0.079	0.079	0.079	0.079	0.079
6:30:01	0.079	0.078	0.079	0.081	0.079	0.079	0.079	0.080	0.081	0.080	0.089	0.079	0.079	0.099	0.390	0.435	0.360	0.130	0.341	0.333	0.116	0.233	0.135	0.079	0.079	0.099	0.453	0.393	0.359	0.145	0.337	0.572	0.107	0.172	0.133	0.079	0.079	0.101	0.495	0.515	0.437	0.132	0.166	0.373	0.103	0.411	0.127	0.079	0.079	0.103	0.548	0.449	0.373	0.165	0.450	0.201	0.101	0.142	0.158	0.079	0.079	0.102	0.412	0.352	0.358	0.114	0.384	0.367	0.103	0.209	0.145	0.079	0.080	0.103	0.442	0.343	0.395	0.116	0.175	0.330	0.113	0.192	0.128	0.079	0.079	0.080	0.079	0.079	0.079	0.079	0.079	0.079	0.079	0.079	0.079	0.079
6:40:01	0.079	0.078	0.079	0.080	0.079	0.079	0.079	0.079	0.081	0.080	0.090	0.079	0.079	0.100	0.393	0.445	0.369	0.130	0.343	0.348	0.116	0.239	0.138	0.079	0.079	0.100	0.452	0.396	0.369	0.145	0.336	0.577	0.107	0.174	0.135	0.079	0.079	0.101	0.518	0.521	0.447	0.133	0.167	0.380	0.103	0.412	0.128	0.079	0.079	0.103	0.561	0.461	0.378	0.166	0.454	0.206	0.101	0.141	0.159	0.079	0.079	0.102	0.419	0.362	0.362	0.114	0.389	0.366	0.103	0.208	0.147	0.079	0.080	0.103	0.445	0.345	0.399	0.117	0.176	0.338	0.113	0.190	0.129	0.079	0.080	0.080	0.079	0.079	0.079	0.079	0.079	0.079	0.079	0.079	0.079	0.079
6:50:01	0.079	0.078	0.079	0.080	0.079	0.079	0.079	0.079	0.081	0.080	0.091	0.079	0.079	0.100	0.406	0.456	0.383	0.130	0.345	0.357	0.116	0.244	0.140	0.079	0.079	0.100	0.450	0.423	0.373	0.146	0.344	0.568	0.107	0.177	0.136	0.079	0.079	0.101	0.498	0.540	0.438	0.133	0.167	0.384	0.103	0.420	0.129	0.079	0.079	0.103	0.577	0.477	0.385	0.166	0.467	0.213	0.100	0.140	0.161	0.079	0.079	0.102	0.424	0.374	0.372	0.114	0.394	0.372	0.103	0.211	0.151	0.079	0.079	0.103	0.454	0.373	0.401	0.117	0.178	0.349	0.114	0.195	0.129	0.079	0.079	0.079	0.079	0.079	0.079	0.079	0.079	0.079	0.079	0.079	0.079	0.079
7:00:01	0.079	0.078	0.079	0.080	0.079	0.079	0.079	0.079	0.080	0.080	0.097	0.079	0.079	0.100	0.433	0.479	0.397	0.130	0.349	0.362	0.116	0.250	0.142	0.079	0.079	0.100	0.458	0.422	0.382	0.147	0.351	0.578	0.107	0.180	0.137	0.079	0.079	0.101	0.520	0.547	0.455	0.133	0.168	0.400	0.103	0.422	0.130	0.079	0.079	0.102	0.590	0.469	0.395	0.168	0.465	0.214	0.101	0.141	0.161	0.079	0.079	0.101	0.434	0.386	0.378	0.114	0.399	0.379	0.103	0.211	0.152	0.079	0.080	0.102	0.477	0.374	0.408	0.117	0.183	0.362	0.114	0.200	0.129	0.079	0.079	0.079	0.079	0.079	0.079	0.079	0.079	0.079	0.079	0.079	0.079	0.079
7:10:01	0.079	0.078	0.079	0.080	0.079	0.079	0.080	0.080	0.081	0.080	0.090	0.079	0.079	0.100	0.444	0.477	0.395	0.129	0.353	0.362	0.117	0.257	0.146	0.079	0.079	0.100	0.462	0.435	0.391	0.147	0.352	0.571	0.108	0.183	0.140	0.079	0.079	0.101	0.546	0.535	0.475	0.134	0.170	0.406	0.103	0.421	0.133	0.079	0.079	0.102	0.601	0.468	0.406	0.168	0.468	0.219	0.101	0.141	0.165	0.079	0.080	0.102	0.439	0.390	0.378	0.114	0.408	0.389	0.103	0.212	0.156	0.079	0.080	0.102	0.485	0.374	0.411	0.118	0.189	0.383	0.114	0.201	0.131	0.079	0.080	0.080	0.079	0.079	0.079	0.079	0.079	0.079	0.079	0.079	0.079	0.079
7:20:01	0.078	0.078	0.079	0.080	0.079	0.079	0.080	0.080	0.081	0.080	0.096	0.079	0.079	0.100	0.448	0.489	0.418	0.130	0.364	0.373	0.117	0.263	0.148	0.079	0.079	0.100	0.470	0.464	0.403	0.148	0.368	0.586	0.108	0.188	0.142	0.079	0.079	0.101	0.542	0.560	0.490	0.135	0.171	0.408	0.103	0.430	0.135	0.079	0.079	0.102	0.617	0.494	0.414	0.169	0.496	0.235	0.101	0.141	0.164	0.079	0.080	0.102	0.457	0.402	0.392	0.114	0.418	0.402	0.103	0.213	0.158	0.079	0.080	0.103	0.502	0.394	0.420	0.119	0.194	0.389	0.114	0.205	0.133	0.079	0.080	0.080	0.079	0.079	0.079	0.079	0.079	0.079	0.079	0.079	0.079	0.079
7:30:01	0.078	0.078	0.079	0.080	0.079	0.079	0.079	0.080	0.081	0.080	0.088	0.079	0.079	0.099	0.475	0.508	0.436	0.129	0.392	0.386	0.117	0.272	0.149	0.079	0.079	0.099	0.488	0.476	0.421	0.148	0.386	0.614	0.108	0.193	0.144	0.079	0.079	0.101	0.579	0.573	0.509	0.135	0.172	0.416	0.103	0.443	0.136	0.079	0.079	0.103	0.634	0.524	0.416	0.170	0.501	0.243	0.100	0.142	0.164	0.079	0.079	0.101	0.468	0.427	0.406	0.114	0.424	0.426	0.103	0.214	0.157	0.079	0.079	0.102	0.517	0.388	0.426	0.119	0.198	0.410	0.114	0.203	0.135	0.079	0.079	0.079	0.079	0.079	0.078	0.079	0.079	0.079	0.079	0.079	0.079	0.079
7:40:01	0.078	0.078	0.079	0.081	0.079	0.079	0.079	0.080	0.081	0.080	0.091	0.079	0.079	0.099	0.488	0.523	0.431	0.129	0.399	0.384	0.118	0.281	0.150	0.079	0.079	0.100	0.503	0.467	0.432	0.149	0.382	0.583	0.109	0.196	0.144	0.079	0.079	0.101	0.567	0.563	0.520	0.136	0.174	0.418	0.104	0.445	0.137	0.079	0.079	0.103	0.644	0.506	0.436	0.171	0.510	0.244	0.101	0.143	0.165	0.079	0.080	0.102	0.467	0.432	0.417	0.115	0.429	0.418	0.103	0.218	0.161	0.079	0.080	0.103	0.522	0.396	0.429	0.119	0.202	0.414	0.114	0.203	0.137	0.079	0.080	0.080	0.079	0.079	0.079	0.079	0.079	0.079	0.079	0.079	0.079	0.079
7:50:01	0.078	0.078	0.079	0.080	0.079	0.079	0.079	0.079	0.081	0.080	0.098	0.078	0.079	0.099	0.494	0.530	0.462	0.129	0.391	0.396	0.118	0.289	0.150	0.079	0.079	0.099	0.513	0.483	0.448	0.150	0.384	0.616	0.109	0.201	0.146	0.079	0.079	0.101	0.589	0.581	0.530	0.136	0.176	0.441	0.104	0.447	0.138	0.079	0.079	0.103	0.659	0.524	0.446	0.172	0.514	0.264	0.101	0.142	0.166	0.079	0.079	0.102	0.480	0.441	0.428	0.115	0.439	0.435	0.103	0.215	0.162	0.079	0.080	0.102	0.542	0.420	0.440	0.119	0.204	0.427	0.114	0.202	0.137	0.079	0.080	0.080	0.079	0.079	0.079	0.079	0.079	0.079	0.079	0.079	0.079	0.079
8:00:01	0.078	0.078	0.080	0.081	0.079	0.079	0.080	0.080	0.081	0.080	0.092	0.079	0.079	0.099	0.518	0.545	0.480	0.129	0.387	0.417	0.118	0.300	0.152	0.079	0.079	0.099	0.523	0.524	0.469	0.151	0.386	0.643	0.110	0.207	0.148	0.079	0.079	0.101	0.612	0.604	0.529	0.137	0.178	0.452	0.104	0.453	0.141	0.079	0.079	0.103	0.678	0.548	0.461	0.173	0.523	0.285	0.101	0.145	0.168	0.079	0.080	0.102	0.488	0.455	0.446	0.115	0.443	0.446	0.103	0.219	0.170	0.079	0.080	0.103	0.578	0.436	0.448	0.119	0.206	0.430	0.115	0.206	0.139	0.079	0.080	0.080	0.079	0.079	0.079	0.079	0.079	0.079	0.080	0.079	0.079	0.079
8:10:01	0.079	0.078	0.079	0.081	0.079	0.079	0.080	0.080	0.081	0.080	0.092	0.079	0.079	0.099	0.522	0.563	0.485	0.129	0.405	0.415	0.118	0.307	0.154	0.080	0.079	0.099	0.540	0.535	0.463	0.151	0.386	0.626	0.110	0.208	0.148	0.080	0.079	0.101	0.598	0.605	0.546	0.138	0.179	0.450	0.104	0.454	0.143	0.079	0.079	0.103	0.686	0.553	0.474	0.174	0.541	0.307	0.101	0.147	0.168	0.079	0.080	0.102	0.497	0.458	0.450	0.115	0.447	0.450	0.104	0.222	0.171	0.079	0.080	0.103	0.583	0.445	0.456	0.119	0.206	0.441	0.115	0.205	0.140	0.079	0.080	0.080	0.079	0.079	0.079	0.079	0.079	0.079	0.080	0.079	0.079	0.079
8:20:01	0.078	0.078	0.079	0.081	0.079	0.079	0.080	0.080	0.081	0.080	0.097	0.079	0.079	0.099	0.533	0.577	0.504	0.130	0.435	0.425	0.119	0.315	0.154	0.079	0.079	0.099	0.567	0.538	0.484	0.152	0.399	0.631	0.110	0.211	0.149	0.079	0.079	0.101	0.610	0.613	0.572	0.138	0.182	0.461	0.104	0.459	0.144	0.079	0.079	0.103	0.699	0.555	0.485	0.176	0.549	0.323	0.101	0.148	0.168	0.079	0.079	0.102	0.506	0.469	0.463	0.115	0.460	0.462	0.103	0.224	0.172	0.079	0.079	0.103	0.605	0.468	0.468	0.119	0.207	0.453	0.115	0.207	0.141	0.079	0.080	0.080	0.079	0.079	0.079	0.079	0.079	0.079	0.079	0.079	0.079	0.078
8:30:01	0.078	0.078	0.079	0.080	0.079	0.079	0.079	0.080	0.081	0.080	0.098	0.079	0.079	0.100	0.550	0.586	0.503	0.129	0.423	0.429	0.119	0.325	0.156	0.079	0.079	0.099	0.576	0.537	0.491	0.153	0.406	0.618	0.111	0.214	0.150	0.079	0.079	0.101	0.624	0.611	0.567	0.138	0.185	0.455	0.104	0.467	0.144	0.079	0.079	0.103	0.712	0.551	0.490	0.176	0.544	0.327	0.101	0.151	0.170	0.079	0.080	0.102	0.513	0.478	0.469	0.115	0.466	0.464	0.104	0.228	0.175	0.079	0.080	0.103	0.621	0.467	0.472	0.121	0.208	0.463	0.115	0.211	0.142	0.079	0.080	0.080	0.079	0.079	0.079	0.079	0.079	0.079	0.080	0.079	0.079	0.079
8:40:01	0.078	0.078	0.079	0.080	0.079	0.079	0.079	0.080	0.081	0.080	0.092	0.079	0.079	0.100	0.565	0.596	0.525	0.129	0.428	0.435	0.120	0.343	0.156	0.079	0.079	0.099	0.605	0.569	0.490	0.153	0.404	0.628	0.110	0.221	0.151	0.079	0.079	0.101	0.643	0.631	0.577	0.139	0.186	0.460	0.104	0.477	0.147	0.079	0.079	0.103	0.713	0.569	0.495	0.177	0.561	0.337	0.101	0.151	0.171	0.079	0.079	0.101	0.524	0.487	0.478	0.115	0.473	0.480	0.104	0.229	0.174	0.079	0.080	0.103	0.642	0.475	0.478	0.125	0.206	0.467	0.115	0.214	0.142	0.079	0.080	0.080	0.079	0.079	0.079	0.079	0.079	0.079	0.079	0.079	0.079	0.079
8:50:01	0.078	0.078	0.079	0.080	0.079	0.079	0.079	0.080	0.081	0.080	0.092	0.079	0.079	0.100	0.595	0.611	0.548	0.130	0.442	0.455	0.120	0.357	0.158	0.079	0.079	0.100	0.615	0.581	0.513	0.154	0.409	0.653	0.110	0.223	0.152	0.079	0.079	0.101	0.661	0.648	0.589	0.140	0.188	0.475	0.104	0.482	0.146	0.079	0.079	0.102	0.721	0.602	0.506	0.179	0.575	0.365	0.101	0.156	0.172	0.079	0.080	0.101	0.531	0.511	0.509	0.116	0.485	0.529	0.104	0.229	0.175	0.079	0.080	0.102	0.664	0.488	0.499	0.129	0.204	0.490	0.115	0.214	0.144	0.079	0.080	0.080	0.079	0.079	0.079	0.079	0.079	0.079	0.079	0.079	0.079	0.079
9:00:01	0.079	0.078	0.080	0.080	0.080	0.079	0.080	0.080	0.081	0.080	0.092	0.079	0.079	0.100	0.612	0.616	0.542	0.130	0.449	0.447	0.120	0.369	0.160	0.080	0.079	0.100	0.612	0.570	0.514	0.154	0.407	0.627	0.111	0.225	0.155	0.080	0.079	0.101	0.652	0.634	0.605	0.141	0.190	0.485	0.105	0.483	0.146	0.079	0.079	0.102	0.718	0.585	0.514	0.180	0.581	0.369	0.101	0.159	0.175	0.079	0.080	0.101	0.536	0.508	0.502	0.116	0.487	0.509	0.104	0.231	0.178	0.079	0.080	0.102	0.661	0.489	0.494	0.134	0.203	0.479	0.115	0.217	0.147	0.079	0.080	0.080	0.079	0.080	0.079	0.079	0.079	0.079	0.079	0.079	0.079	0.079
9:10:01	0.078	0.078	0.080	0.081	0.080	0.079	0.080	0.080	0.081	0.080	0.098	0.079	0.079	0.099	0.625	0.629	0.566	0.130	0.464	0.456	0.120	0.384	0.160	0.079	0.079	0.099	0.611	0.584	0.536	0.156	0.425	0.660	0.111	0.230	0.154	0.079	0.079	0.101	0.664	0.646	0.614	0.142	0.190	0.486	0.105	0.487	0.150	0.079	0.079	0.102	0.732	0.598	0.518	0.182	0.596	0.422	0.101	0.159	0.176	0.078	0.080	0.102	0.546	0.520	0.512	0.115	0.503	0.511	0.104	0.233	0.179	0.079	0.080	0.102	0.682	0.510	0.512	0.139	0.202	0.483	0.115	0.216	0.148	0.079	0.080	0.080	0.079	0.079	0.079	0.079	0.079	0.079	0.079	0.079	0.079	0.079
9:20:01	0.078	0.078	0.079	0.080	0.079	0.079	0.079	0.080	0.081	0.080	0.095	0.079	0.079	0.099	0.657	0.644	0.580	0.132	0.474	0.478	0.121	0.397	0.161	0.079	0.079	0.099	0.618	0.603	0.547	0.157	0.431	0.693	0.111	0.237	0.155	0.079	0.079	0.101	0.689	0.670	0.611	0.143	0.190	0.506	0.104	0.492	0.149	0.079	0.079	0.103	0.736	0.613	0.536	0.183	0.597	0.446	0.101	0.161	0.177	0.078	0.079	0.101	0.555	0.532	0.534	0.115	0.507	0.556	0.103	0.235	0.182	0.079	0.079	0.102	0.709	0.535	0.519	0.141	0.204	0.499	0.115	0.218	0.149	0.079	0.079	0.079	0.079	0.079	0.078	0.079	0.079	0.079	0.078	0.079	0.079	0.078
9:30:01	0.078	0.078	0.079	0.080	0.079	0.079	0.079	0.079	0.081	0.079	0.100	0.079	0.079	0.099	0.660	0.660	0.574	0.132	0.474	0.475	0.122	0.411	0.163	0.079	0.079	0.099	0.636	0.613	0.541	0.157	0.442	0.660	0.112	0.244	0.156	0.079	0.079	0.101	0.683	0.673	0.611	0.144	0.193	0.510	0.105	0.500	0.149	0.079	0.079	0.102	0.735	0.614	0.545	0.185	0.616	0.410	0.101	0.165	0.179	0.078	0.080	0.102	0.559	0.539	0.530	0.116	0.516	0.548	0.104	0.238	0.185	0.079	0.080	0.102	0.711	0.524	0.523	0.144	0.206	0.508	0.115	0.221	0.153	0.079	0.079	0.080	0.079	0.079	0.079	0.079	0.079	0.079	0.079	0.079	0.079	0.079
9:40:01	0.078	0.078	0.079	0.080	0.079	0.079	0.079	0.079	0.081	0.079	0.093	0.078	0.079	0.099	0.671	0.675	0.604	0.133	0.499	0.492	0.123	0.434	0.164	0.079	0.079	0.099	0.651	0.624	0.561	0.159	0.464	0.699	0.112	0.248	0.158	0.079	0.079	0.101	0.717	0.699	0.634	0.145	0.195	0.516	0.105	0.506	0.151	0.079	0.079	0.103	0.754	0.637	0.555	0.186	0.626	0.476	0.101	0.168	0.180	0.078	0.080	0.102	0.567	0.558	0.539	0.117	0.527	0.577	0.104	0.240	0.188	0.079	0.080	0.102	0.727	0.542	0.542	0.145	0.205	0.538	0.116	0.224	0.153	0.079	0.079	0.080	0.079	0.079	0.079	0.079	0.079	0.079	0.079	0.079	0.079	0.079
9:50:01	0.078	0.078	0.080	0.080	0.080	0.079	0.079	0.079	0.080	0.079	0.094	0.078	0.079	0.099	0.690	0.691	0.623	0.133	0.536	0.512	0.123	0.458	0.166	0.079	0.079	0.099	0.682	0.636	0.576	0.160	0.489	0.712	0.112	0.252	0.160	0.079	0.079	0.101	0.736	0.713	0.633	0.146	0.197	0.508	0.105	0.510	0.153	0.079	0.079	0.103	0.764	0.645	0.568	0.188	0.625	0.530	0.101	0.172	0.183	0.079	0.080	0.102	0.577	0.567	0.543	0.117	0.529	0.614	0.104	0.244	0.193	0.079	0.080	0.103	0.747	0.558	0.555	0.144	0.205	0.564	0.116	0.228	0.154	0.079	0.079	0.080	0.079	0.080	0.079	0.079	0.079	0.079	0.079	0.079	0.079	0.079
10:00:01	0.079	0.078	0.080	0.080	0.079	0.079	0.079	0.079	0.080	0.079	0.092	0.079	0.079	0.099	0.702	0.707	0.629	0.133	0.507	0.505	0.123	0.469	0.168	0.079	0.079	0.099	0.697	0.648	0.571	0.161	0.475	0.687	0.113	0.262	0.159	0.079	0.079	0.101	0.744	0.709	0.636	0.147	0.200	0.524	0.105	0.514	0.153	0.079	0.079	0.103	0.769	0.643	0.583	0.190	0.640	0.462	0.101	0.171	0.185	0.079	0.080	0.102	0.590	0.572	0.549	0.118	0.545	0.563	0.104	0.246	0.197	0.079	0.080	0.103	0.756	0.558	0.558	0.141	0.210	0.540	0.116	0.227	0.159	0.079	0.079	0.080	0.079	0.080	0.079	0.079	0.079	0.079	0.079	0.079	0.079	0.079
10:10:01	0.078	0.078	0.080	0.080	0.079	0.079	0.079	0.079	0.080	0.079	0.098	0.079	0.079	0.099	0.718	0.725	0.643	0.132	0.515	0.516	0.124	0.497	0.169	0.079	0.079	0.099	0.705	0.662	0.588	0.162	0.487	0.700	0.113	0.269	0.161	0.079	0.079	0.101	0.753	0.729	0.647	0.148	0.204	0.531	0.105	0.521	0.154	0.079	0.079	0.103	0.782	0.664	0.592	0.193	0.649	0.518	0.101	0.180	0.186	0.078	0.080	0.102	0.600	0.589	0.566	0.118	0.553	0.596	0.104	0.245	0.203	0.079	0.080	0.103	0.767	0.571	0.577	0.139	0.212	0.579	0.116	0.232	0.159	0.079	0.079	0.080	0.079	0.079	0.079	0.079	0.079	0.079	0.079	0.079	0.079	0.079
10:20:01	0.078	0.078	0.080	0.080	0.079	0.079	0.079	0.079	0.080	0.079	0.093	0.079	0.079	0.099	0.721	0.738	0.635	0.132	0.511	0.520	0.123	0.505	0.172	0.079	0.079	0.099	0.714	0.665	0.599	0.162	0.479	0.686	0.113	0.277	0.162	0.079	0.079	0.101	0.758	0.737	0.659	0.149	0.206	0.529	0.106	0.523	0.156	0.079	0.079	0.103	0.786	0.674	0.593	0.195	0.653	0.522	0.101	0.181	0.187	0.079	0.080	0.102	0.612	0.591	0.573	0.119	0.554	0.607	0.105	0.249	0.208	0.078	0.080	0.103	0.774	0.577	0.583	0.134	0.213	0.554	0.117	0.235	0.163	0.078	0.079	0.080	0.079	0.080	0.079	0.079	0.079	0.079	0.079	0.079	0.079	0.079
10:30:01	0.078	0.078	0.079	0.080	0.079	0.079	0.079	0.079	0.079	0.079	0.093	0.079	0.079	0.100	0.729	0.752	0.645	0.130	0.515	0.517	0.124	0.520	0.174	0.079	0.079	0.099	0.731	0.672	0.605	0.163	0.478	0.683	0.113	0.287	0.165	0.079	0.079	0.101	0.770	0.759	0.659	0.150	0.208	0.536	0.105	0.529	0.157	0.079	0.079	0.103	0.797	0.685	0.597	0.195	0.660	0.485	0.101	0.184	0.189	0.079	0.079	0.101	0.625	0.591	0.576	0.119	0.553	0.583	0.104	0.251	0.214	0.078	0.080	0.102	0.787	0.580	0.579	0.131	0.214	0.551	0.117	0.235	0.164	0.079	0.079	0.080	0.079	0.079	0.079	0.079	0.079	0.079	0.079	0.079	0.079	0.079
10:40:01	0.078	0.078	0.079	0.080	0.079	0.079	0.079	0.079	0.080	0.079	0.100	0.079	0.079	0.100	0.742	0.764	0.668	0.132	0.526	0.529	0.124	0.561	0.175	0.079	0.079	0.099	0.740	0.693	0.626	0.165	0.492	0.699	0.113	0.296	0.165	0.079	0.079	0.101	0.786	0.779	0.659	0.152	0.210	0.536	0.106	0.536	0.157	0.079	0.079	0.102	0.806	0.699	0.614	0.199	0.679	0.509	0.101	0.183	0.190	0.079	0.079	0.101	0.640	0.606	0.589	0.120	0.561	0.602	0.105	0.252	0.220	0.079	0.080	0.102	0.800	0.599	0.593	0.128	0.214	0.561	0.118	0.236	0.167	0.079	0.079	0.080	0.079	0.079	0.079	0.079	0.079	0.079	0.079	0.079	0.079	0.079
10:50:01	0.078	0.078	0.080	0.080	0.079	0.079	0.079	0.079	0.080	0.079	0.099	0.079	0.079	0.100	0.747	0.771	0.684	0.134	0.543	0.545	0.124	0.561	0.178	0.079	0.079	0.099	0.753	0.709	0.639	0.166	0.506	0.724	0.113	0.305	0.167	0.079	0.079	0.101	0.792	0.806	0.668	0.154	0.213	0.550	0.106	0.542	0.158	0.079	0.079	0.102	0.814	0.719	0.630	0.202	0.685	0.547	0.101	0.187	0.192	0.079	0.080	0.101	0.657	0.626	0.618	0.122	0.586	0.659	0.105	0.250	0.223	0.079	0.080	0.102	0.823	0.610	0.608	0.127	0.215	0.594	0.118	0.245	0.167	0.079	0.079	0.080	0.079	0.080	0.079	0.079	0.079	0.079	0.079	0.079	0.079	0.079
11:00:01	0.078	0.078	0.080	0.080	0.079	0.079	0.079	0.079	0.080	0.079	0.099	0.079	0.079	0.099	0.747	0.776	0.678	0.133	0.543	0.545	0.124	0.573	0.181	0.079	0.079	0.099	0.757	0.712	0.633	0.167	0.506	0.708	0.115	0.319	0.169	0.079	0.079	0.101	0.793	0.807	0.669	0.155	0.215	0.549	0.106	0.547	0.159	0.079	0.079	0.102	0.817	0.728	0.642	0.202	0.690	0.531	0.101	0.192	0.194	0.079	0.080	0.101	0.662	0.630	0.613	0.122	0.585	0.649	0.105	0.254	0.230	0.078	0.080	0.102	0.829	0.611	0.628	0.125	0.216	0.582	0.119	0.245	0.171	0.079	0.079	0.080	0.079	0.080	0.079	0.079	0.079	0.079	0.079	0.079	0.079	0.079
11:10:01	0.078	0.078	0.079	0.080	0.079	0.079	0.079	0.079	0.080	0.079	0.090	0.079	0.079	0.099	0.763	0.786	0.703	0.132	0.554	0.565	0.124	0.596	0.183	0.079	0.079	0.099	0.781	0.734	0.650	0.168	0.520	0.743	0.115	0.332	0.171	0.079	0.079	0.101	0.807	0.826	0.686	0.157	0.216	0.559	0.106	0.559	0.159	0.079	0.079	0.103	0.823	0.750	0.658	0.203	0.706	0.568	0.101	0.193	0.197	0.079	0.079	0.101	0.674	0.634	0.615	0.122	0.587	0.660	0.105	0.253	0.234	0.078	0.079	0.102	0.834	0.633	0.635	0.123	0.218	0.603	0.119	0.247	0.172	0.079	0.079	0.079	0.079	0.079	0.079	0.079	0.079	0.079	0.079	0.079	0.079	0.078
11:20:01	0.078	0.078	0.080	0.080	0.079	0.079	0.079	0.079	0.080	0.079	0.093	0.079	0.079	0.099	0.776	0.796	0.723	0.131	0.575	0.587	0.124	0.607	0.185	0.079	0.079	0.099	0.789	0.744	0.672	0.169	0.534	0.756	0.117	0.350	0.173	0.079	0.079	0.101	0.818	0.846	0.702	0.160	0.220	0.574	0.106	0.565	0.160	0.079	0.079	0.102	0.828	0.772	0.670	0.209	0.718	0.611	0.101	0.193	0.200	0.079	0.080	0.101	0.684	0.641	0.634	0.124	0.601	0.701	0.105	0.255	0.243	0.079	0.080	0.102	0.847	0.654	0.643	0.123	0.220	0.606	0.120	0.250	0.173	0.079	0.079	0.080	0.079	0.080	0.079	0.079	0.079	0.079	0.079	0.079	0.079	0.079
11:30:01	0.078	0.078	0.080	0.080	0.079	0.079	0.079	0.079	0.080	0.079	0.101	0.079	0.079	0.099	0.776	0.802	0.707	0.131	0.579	0.574	0.124	0.609	0.188	0.079	0.079	0.099	0.792	0.750	0.669	0.170	0.526	0.727	0.118	0.369	0.175	0.078	0.079	0.101	0.824	0.838	0.696	0.162	0.224	0.569	0.106	0.568	0.162	0.079	0.079	0.102	0.829	0.765	0.667	0.210	0.723	0.570	0.101	0.192	0.200	0.079	0.079	0.101	0.689	0.648	0.644	0.127	0.606	0.667	0.105	0.262	0.253	0.078	0.080	0.102	0.852	0.645	0.638	0.122	0.224	0.613	0.120	0.250	0.178	0.078	0.079	0.080	0.079	0.079	0.079	0.079	0.079	0.079	0.079	0.079	0.079	0.079
11:40:01	0.078	0.078	0.080	0.080	0.079	0.079	0.079	0.079	0.080	0.079	0.094	0.079	0.079	0.099	0.791	0.815	0.732	0.133	0.579	0.583	0.125	0.629	0.189	0.079	0.080	0.099	0.811	0.767	0.680	0.172	0.559	0.777	0.118	0.375	0.177	0.079	0.079	0.101	0.836	0.864	0.705	0.164	0.225	0.567	0.107	0.577	0.164	0.079	0.080	0.103	0.845	0.790	0.684	0.213	0.735	0.634	0.102	0.195	0.203	0.079	0.080	0.102	0.697	0.661	0.651	0.128	0.610	0.722	0.105	0.263	0.267	0.079	0.080	0.103	0.866	0.668	0.656	0.123	0.227	0.623	0.121	0.258	0.179	0.079	0.079	0.080	0.080	0.080	0.079	0.079	0.079	0.079	0.079	0.079	0.079	0.079
11:50:01	0.078	0.078	0.080	0.080	0.079	0.079	0.079	0.079	0.080	0.079	0.101	0.079	0.079	0.099	0.794	0.828	0.727	0.135	0.585	0.579	0.125	0.635	0.193	0.079	0.079	0.099	0.818	0.771	0.695	0.174	0.555	0.749	0.119	0.396	0.178	0.079	0.079	0.101	0.854	0.855	0.707	0.167	0.229	0.575	0.107	0.579	0.165	0.079	0.079	0.102	0.851	0.787	0.692	0.217	0.740	0.609	0.102	0.199	0.207	0.079	0.080	0.101	0.707	0.670	0.657	0.130	0.614	0.717	0.105	0.268	0.280	0.079	0.080	0.102	0.876	0.668	0.667	0.123	0.232	0.641	0.121	0.260	0.183	0.079	0.079	0.080	0.080	0.080	0.079	0.079	0.079	0.079	0.079	0.080	0.079	0.079
12:00:01	0.078	0.078	0.080	0.080	0.079	0.079	0.079	0.079	0.080	0.080	0.093	0.079	0.079	0.099	0.807	0.842	0.753	0.137	0.594	0.600	0.125	0.653	0.194	0.079	0.079	0.099	0.835	0.782	0.703	0.176	0.569	0.777	0.119	0.415	0.181	0.079	0.079	0.101	0.873	0.869	0.719	0.170	0.231	0.585	0.107	0.589	0.167	0.079	0.079	0.103	0.862	0.809	0.707	0.222	0.756	0.627	0.102	0.201	0.209	0.078	0.080	0.102	0.721	0.678	0.669	0.130	0.632	0.733	0.106	0.269	0.298	0.079	0.080	0.102	0.888	0.684	0.676	0.123	0.231	0.650	0.122	0.264	0.182	0.079	0.079	0.080	0.079	0.080	0.079	0.079	0.079	0.079	0.079	0.079	0.079	0.079
12:10:01	0.078	0.078	0.080	0.080	0.079	0.079	0.079	0.079	0.079	0.079	0.094	0.079	0.079	0.099	0.818	0.856	0.766	0.139	0.609	0.619	0.125	0.671	0.197	0.079	0.079	0.099	0.850	0.794	0.712	0.178	0.584	0.799	0.120	0.446	0.184	0.079	0.079	0.101	0.894	0.875	0.730	0.171	0.234	0.585	0.107	0.598	0.169	0.079	0.079	0.103	0.871	0.820	0.717	0.226	0.763	0.662	0.102	0.208	0.211	0.079	0.080	0.102	0.743	0.681	0.683	0.133	0.634	0.772	0.106	0.273	0.305	0.079	0.080	0.103	0.897	0.695	0.693	0.124	0.235	0.670	0.122	0.261	0.185	0.079	0.079	0.080	0.080	0.080	0.079	0.079	0.079	0.079	0.079	0.079	0.079	0.079
12:20:01	0.078	0.078	0.080	0.080	0.079	0.079	0.079	0.079	0.079	0.079	0.094	0.078	0.079	0.099	0.826	0.866	0.765	0.138	0.609	0.617	0.125	0.672	0.198	0.079	0.079	0.099	0.857	0.804	0.716	0.181	0.579	0.774	0.120	0.453	0.185	0.079	0.079	0.101	0.919	0.878	0.734	0.171	0.237	0.589	0.107	0.602	0.171	0.079	0.079	0.103	0.878	0.810	0.724	0.228	0.775	0.632	0.102	0.210	0.214	0.078	0.079	0.101	0.753	0.697	0.687	0.134	0.638	0.734	0.106	0.276	0.319	0.079	0.080	0.102	0.909	0.694	0.695	0.125	0.237	0.661	0.122	0.266	0.187	0.079	0.079	0.080	0.079	0.079	0.079	0.079	0.079	0.079	0.079	0.079	0.079	0.079
12:30:01	0.078	0.078	0.080	0.080	0.079	0.079	0.079	0.079	0.079	0.080	0.094	0.079	0.079	0.100	0.838	0.870	0.780	0.137	0.617	0.629	0.126	0.690	0.201	0.079	0.079	0.099	0.872	0.817	0.717	0.183	0.596	0.803	0.120	0.485	0.188	0.079	0.079	0.101	0.947	0.891	0.744	0.172	0.240	0.595	0.107	0.605	0.173	0.079	0.079	0.102	0.887	0.826	0.735	0.232	0.784	0.657	0.102	0.213	0.216	0.079	0.080	0.101	0.765	0.707	0.699	0.134	0.649	0.786	0.106	0.279	0.341	0.079	0.080	0.102	0.910	0.705	0.711	0.126	0.240	0.677	0.123	0.270	0.188	0.079	0.079	0.080	0.079	0.080	0.079	0.079	0.079	0.079	0.079	0.079	0.079	0.079
12:40:01	0.079	0.079	0.079	0.080	0.079	0.079	0.079	0.079	0.079	0.080	0.094	0.079	0.079	0.100	0.843	0.872	0.777	0.139	0.622	0.628	0.126	0.689	0.204	0.080	0.080	0.100	0.872	0.821	0.720	0.186	0.591	0.775	0.120	0.505	0.189	0.079	0.079	0.101	0.970	0.896	0.742	0.172	0.245	0.597	0.108	0.612	0.175	0.079	0.080	0.102	0.889	0.825	0.733	0.235	0.792	0.643	0.102	0.216	0.222	0.079	0.080	0.101	0.769	0.707	0.703	0.135	0.653	0.755	0.107	0.280	0.354	0.079	0.080	0.102	0.913	0.707	0.715	0.125	0.245	0.671	0.123	0.270	0.190	0.079	0.079	0.080	0.080	0.080	0.079	0.079	0.080	0.079	0.079	0.080	0.080	0.079
12:50:01	0.078	0.079	0.079	0.080	0.079	0.079	0.079	0.079	0.080	0.080	0.093	0.079	0.079	0.099	0.848	0.875	0.793	0.140	0.628	0.644	0.127	0.700	0.204	0.080	0.080	0.099	0.886	0.831	0.734	0.191	0.610	0.787	0.120	0.534	0.192	0.079	0.079	0.101	0.991	0.920	0.748	0.174	0.246	0.601	0.108	0.621	0.177	0.079	0.080	0.102	0.903	0.830	0.743	0.237	0.797	0.644	0.102	0.217	0.223	0.079	0.080	0.101	0.773	0.718	0.714	0.136	0.666	0.764	0.107	0.278	0.370	0.079	0.080	0.102	0.919	0.721	0.726	0.126	0.246	0.684	0.123	0.272	0.190	0.079	0.079	0.080	0.080	0.080	0.079	0.079	0.079	0.079	0.079	0.080	0.080	0.079
13:00:01	0.078	0.078	0.079	0.080	0.079	0.079	0.079	0.079	0.080	0.080	0.091	0.079	0.079	0.099	0.855	0.884	0.810	0.144	0.635	0.662	0.127	0.722	0.207	0.080	0.079	0.099	0.896	0.845	0.750	0.196	0.616	0.816	0.120	0.565	0.194	0.079	0.079	0.101	1.012	0.935	0.756	0.176	0.250	0.605	0.108	0.627	0.179	0.079	0.079	0.103	0.911	0.838	0.756	0.240	0.804	0.685	0.102	0.221	0.226	0.078	0.080	0.101	0.784	0.724	0.727	0.136	0.673	0.806	0.107	0.278	0.384	0.079	0.080	0.102	0.928	0.740	0.738	0.128	0.249	0.688	0.123	0.272	0.191	0.079	0.079	0.080	0.079	0.079	0.079	0.079	0.079	0.079	0.079	0.079	0.079	0.078
13:10:01	0.078	0.078	0.079	0.080	0.079	0.079	0.079	0.079	0.080	0.080	0.094	0.079	0.079	0.099	0.859	0.880	0.807	0.145	0.636	0.646	0.128	0.708	0.209	0.079	0.079	0.099	0.900	0.852	0.751	0.200	0.604	0.792	0.121	0.583	0.197	0.079	0.079	0.101	1.022	0.914	0.752	0.179	0.252	0.605	0.108	0.626	0.181	0.079	0.079	0.102	0.905	0.833	0.765	0.244	0.810	0.659	0.102	0.225	0.228	0.078	0.080	0.101	0.784	0.720	0.725	0.137	0.672	0.767	0.107	0.285	0.398	0.079	0.080	0.102	0.931	0.731	0.738	0.127	0.256	0.685	0.124	0.273	0.197	0.079	0.079	0.080	0.080	0.080	0.079	0.079	0.079	0.079	0.079	0.079	0.079	0.079
13:20:01	0.078	0.078	0.079	0.080	0.079	0.079	0.079	0.079	0.079	0.080	0.102	0.079	0.079	0.099	0.866	0.891	0.819	0.144	0.648	0.661	0.128	0.733	0.209	0.079	0.079	0.099	0.907	0.868	0.757	0.204	0.618	0.805	0.121	0.620	0.197	0.079	0.079	0.101	1.043	0.938	0.758	0.185	0.260	0.610	0.109	0.634	0.183	0.079	0.079	0.102	0.928	0.843	0.770	0.249	0.824	0.675	0.102	0.226	0.230	0.078	0.080	0.101	0.792	0.729	0.736	0.137	0.684	0.794	0.107	0.285	0.407	0.079	0.080	0.102	0.941	0.748	0.750	0.127	0.257	0.703	0.125	0.281	0.198	0.079	0.079	0.080	0.080	0.080	0.079	0.079	0.079	0.079	0.079	0.079	0.079	0.079
13:30:01	0.079	0.079	0.079	0.080	0.079	0.079	0.079	0.079	0.080	0.080	0.096	0.079	0.080	0.099	0.870	0.898	0.834	0.144	0.660	0.667	0.129	0.749	0.213	0.079	0.080	0.099	0.915	0.884	0.767	0.207	0.625	0.823	0.121	0.668	0.199	0.079	0.079	0.101	1.059	0.948	0.762	0.189	0.265	0.615	0.109	0.637	0.186	0.079	0.080	0.103	0.932	0.852	0.771	0.254	0.827	0.694	0.102	0.231	0.235	0.079	0.080	0.102	0.801	0.743	0.743	0.137	0.684	0.833	0.108	0.286	0.431	0.079	0.080	0.102	0.946	0.767	0.759	0.128	0.260	0.711	0.127	0.285	0.198	0.079	0.079	0.080	0.080	0.080	0.079	0.079	0.079	0.079	0.079	0.079	0.080	0.079
13:40:01	0.079	0.079	0.079	0.080	0.079	0.079	0.079	0.079	0.080	0.080	0.094	0.079	0.079	0.099	0.871	0.898	0.830	0.145	0.664	0.669	0.130	0.729	0.214	0.079	0.080	0.099	0.919	0.894	0.776	0.209	0.632	0.807	0.122	0.732	0.200	0.079	0.079	0.101	1.073	0.944	0.769	0.189	0.270	0.616	0.109	0.641	0.189	0.079	0.080	0.103	0.929	0.853	0.782	0.256	0.836	0.695	0.102	0.238	0.236	0.079	0.080	0.101	0.807	0.754	0.751	0.137	0.693	0.799	0.108	0.288	0.444	0.079	0.080	0.102	0.951	0.769	0.769	0.128	0.264	0.712	0.127	0.284	0.201	0.079	0.079	0.080	0.080	0.080	0.079	0.079	0.080	0.079	0.079	0.079	0.080	0.079
13:50:01	0.078	0.078	0.079	0.080	0.079	0.079	0.079	0.079	0.080	0.080	0.094	0.078	0.079	0.099	0.880	0.908	0.841	0.145	0.673	0.684	0.130	0.755	0.217	0.079	0.079	0.099	0.926	0.906	0.789	0.213	0.653	0.829	0.122	0.683	0.203	0.079	0.079	0.101	1.086	0.957	0.776	0.195	0.276	0.624	0.109	0.650	0.192	0.079	0.079	0.103	0.944	0.867	0.794	0.260	0.846	0.750	0.102	0.244	0.238	0.079	0.080	0.101	0.814	0.767	0.760	0.136	0.704	0.842	0.108	0.291	0.455	0.079	0.080	0.102	0.963	0.782	0.780	0.129	0.268	0.723	0.128	0.290	0.202	0.079	0.079	0.080	0.079	0.080	0.079	0.079	0.079	0.079	0.079	0.079	0.079	0.079
14:00:01	0.078	0.078	0.079	0.080	0.079	0.079	0.079	0.079	0.079	0.080	0.095	0.078	0.079	0.099	0.883	0.911	0.838	0.144	0.677	0.677	0.131	0.742	0.220	0.079	0.079	0.099	0.929	0.911	0.796	0.216	0.654	0.818	0.122	0.726	0.205	0.079	0.079	0.101	1.093	0.951	0.780	0.195	0.279	0.629	0.109	0.658	0.194	0.079	0.079	0.102	0.949	0.864	0.800	0.262	0.851	0.747	0.102	0.247	0.242	0.079	0.080	0.101	0.823	0.771	0.766	0.136	0.702	0.823	0.108	0.293	0.467	0.079	0.080	0.102	0.970	0.783	0.786	0.129	0.272	0.731	0.128	0.291	0.207	0.079	0.079	0.080	0.080	0.080	0.079	0.079	0.079	0.079	0.079	0.079	0.079	0.079
14:10:01	0.079	0.079	0.079	0.080	0.079	0.079	0.079	0.079	0.079	0.080	0.095	0.079	0.079	0.099	0.890	0.918	0.853	0.145	0.682	0.688	0.131	0.751	0.220	0.079	0.079	0.099	0.938	0.918	0.805	0.220	0.654	0.830	0.122	0.734	0.207	0.079	0.079	0.101	1.103	0.963	0.786	0.198	0.282	0.638	0.110	0.656	0.196	0.079	0.079	0.102	0.950	0.867	0.810	0.262	0.868	0.744	0.102	0.249	0.245	0.079	0.080	0.101	0.833	0.771	0.772	0.135	0.714	0.828	0.108	0.295	0.479	0.079	0.080	0.102	0.976	0.791	0.789	0.130	0.275	0.740	0.129	0.293	0.208	0.079	0.079	0.080	0.080	0.080	0.079	0.079	0.079	0.079	0.079	0.079	0.079	0.079
14:20:01	0.079	0.079	0.079	0.080	0.079	0.079	0.080	0.080	0.079	0.080	0.094	0.079	0.079	0.099	0.897	0.927	0.866	0.146	0.689	0.698	0.132	0.768	0.223	0.079	0.080	0.099	0.948	0.928	0.814	0.222	0.660	0.851	0.123	0.742	0.210	0.079	0.079	0.101	1.115	0.977	0.795	0.199	0.288	0.644	0.110	0.664	0.200	0.079	0.080	0.102	0.953	0.881	0.821	0.264	0.874	0.769	0.102	0.254	0.248	0.079	0.080	0.101	0.838	0.780	0.779	0.136	0.730	0.860	0.109	0.302	0.496	0.079	0.080	0.102	0.984	0.802	0.797	0.132	0.277	0.744	0.129	0.295	0.211	0.079	0.080	0.080	0.080	0.080	0.080	0.080	0.080	0.080	0.080	0.079	0.079	0.079
14:30:01	0.079	0.079	0.079	0.080	0.079	0.079	0.079	0.080	0.079	0.080	0.091	0.079	0.080	0.099	0.896	0.928	0.867	0.148	0.697	0.699	0.133	0.760	0.226	0.079	0.080	0.099	0.947	0.933	0.817	0.225	0.658	0.829	0.123	0.746	0.212	0.079	0.079	0.101	1.118	0.966	0.797	0.201	0.287	0.646	0.110	0.674	0.203	0.079	0.079	0.102	0.947	0.881	0.819	0.268	0.876	0.751	0.102	0.260	0.253	0.079	0.080	0.101	0.845	0.785	0.785	0.136	0.728	0.831	0.109	0.307	0.500	0.078	0.080	0.102	0.983	0.804	0.810	0.132	0.281	0.744	0.129	0.302	0.213	0.078	0.079	0.080	0.079	0.080	0.079	0.079	0.079	0.079	0.079	0.079	0.079	0.079
14:40:01	0.079	0.079	0.079	0.080	0.079	0.079	0.079	0.079	0.079	0.080	0.092	0.079	0.079	0.099	0.902	0.935	0.883	0.150	0.708	0.716	0.133	0.774	0.228	0.079	0.079	0.099	0.954	0.945	0.824	0.228	0.677	0.860	0.123	0.746	0.214	0.079	0.079	0.101	1.126	0.985	0.799	0.204	0.291	0.646	0.110	0.683	0.206	0.078	0.079	0.102	0.952	0.892	0.825	0.271	0.887	0.785	0.102	0.266	0.251	0.079	0.080	0.101	0.853	0.794	0.796	0.135	0.734	0.881	0.109	0.308	0.515	0.078	0.080	0.102	0.991	0.820	0.821	0.132	0.285	0.757	0.130	0.308	0.216	0.078	0.079	0.080	0.080	0.080	0.079	0.079	0.079	0.079	0.079	0.079	0.079	0.079
14:50:01	0.079	0.079	0.079	0.080	0.079	0.079	0.079	0.079	0.079	0.080	0.103	0.079	0.080	0.099	0.904	0.941	0.880	0.148	0.714	0.712	0.134	0.770	0.230	0.079	0.080	0.099	0.960	0.950	0.836	0.232	0.679	0.837	0.124	0.743	0.217	0.079	0.079	0.101	1.132	0.977	0.799	0.208	0.292	0.648	0.111	0.686	0.211	0.079	0.079	0.102	0.951	0.890	0.832	0.275	0.888	0.773	0.103	0.271	0.256	0.079	0.080	0.101	0.854	0.801	0.800	0.134	0.736	0.870	0.110	0.313	0.516	0.079	0.080	0.102	0.996	0.820	0.828	0.132	0.293	0.760	0.130	0.307	0.221	0.079	0.080	0.080	0.080	0.080	0.079	0.079	0.080	0.079	0.080	0.079	0.079	0.079
15:00:01	0.079	0.079	0.079	0.080	0.079	0.079	0.079	0.079	0.079	0.080	0.103	0.079	0.079	0.099	0.915	0.947	0.899	0.148	0.724	0.727	0.135	0.770	0.231	0.079	0.080	0.099	0.966	0.956	0.849	0.237	0.701	0.850	0.125	0.747	0.220	0.079	0.079	0.101	1.139	0.990	0.800	0.211	0.296	0.656	0.111	0.690	0.214	0.078	0.079	0.102	0.953	0.898	0.840	0.276	0.901	0.776	0.103	0.276	0.256	0.079	0.080	0.101	0.861	0.807	0.803	0.133	0.750	0.858	0.110	0.311	0.525	0.078	0.080	0.102	1.002	0.835	0.837	0.132	0.295	0.764	0.130	0.315	0.220	0.078	0.079	0.080	0.080	0.080	0.079	0.079	0.079	0.079	0.079	0.079	0.079	0.079
15:10:01	0.078	0.079	0.079	0.080	0.079	0.079	0.079	0.079	0.079	0.080	0.103	0.079	0.080	0.099	0.920	0.956	0.910	0.148	0.732	0.742	0.135	0.783	0.234	0.079	0.080	0.099	0.973	0.962	0.856	0.239	0.719	0.868	0.125	0.759	0.225	0.079	0.079	0.101	1.148	1.000	0.805	0.212	0.301	0.662	0.111	0.700	0.216	0.079	0.079	0.102	0.959	0.902	0.850	0.279	0.906	0.807	0.103	0.283	0.259	0.079	0.080	0.101	0.866	0.816	0.809	0.132	0.759	0.876	0.110	0.314	0.538	0.079	0.080	0.102	1.009	0.848	0.843	0.133	0.302	0.785	0.131	0.316	0.224	0.079	0.080	0.080	0.080	0.080	0.079	0.079	0.079	0.079	0.080	0.079	0.079	0.079
15:20:01	0.079	0.079	0.079	0.080	0.079	0.079	0.080	0.080	0.079	0.080	0.094	0.079	0.080	0.099	0.923	0.964	0.910	0.148	0.735	0.742	0.136	0.776	0.237	0.080	0.080	0.099	0.976	0.968	0.854	0.241	0.720	0.858	0.125	0.775	0.227	0.079	0.079	0.101	1.153	0.999	0.806	0.212	0.306	0.663	0.112	0.709	0.223	0.079	0.080	0.102	0.966	0.907	0.854	0.279	0.915	0.798	0.103	0.291	0.261	0.079	0.080	0.101	0.872	0.823	0.818	0.133	0.761	0.871	0.111	0.316	0.546	0.079	0.080	0.102	1.009	0.853	0.852	0.133	0.307	0.788	0.131	0.318	0.227	0.079	0.080	0.080	0.080	0.080	0.080	0.080	0.080	0.080	0.080	0.079	0.079	0.079
15:30:01	0.078	0.079	0.079	0.080	0.079	0.079	0.079	0.079	0.079	0.080	0.101	0.079	0.080	0.099	0.933	0.971	0.920	0.148	0.744	0.756	0.136	0.785	0.238	0.079	0.079	0.099	0.983	0.981	0.863	0.243	0.750	0.876	0.126	0.777	0.231	0.079	0.079	0.101	1.164	1.004	0.814	0.218	0.313	0.667	0.112	0.716	0.227	0.078	0.079	0.103	0.972	0.922	0.859	0.280	0.920	0.822	0.103	0.298	0.264	0.079	0.080	0.101	0.881	0.831	0.826	0.131	0.767	0.906	0.111	0.319	0.557	0.079	0.079	0.102	1.023	0.869	0.860	0.134	0.311	0.799	0.131	0.324	0.233	0.079	0.079	0.080	0.080	0.080	0.079	0.079	0.079	0.079	0.079	0.079	0.079	0.079
15:40:01	0.079	0.079	0.079	0.080	0.078	0.079	0.080	0.079	0.079	0.080	0.095	0.079	0.080	0.099	0.940	0.970	0.918	0.151	0.747	0.752	0.137	0.783	0.243	0.079	0.080	0.099	0.983	0.986	0.873	0.249	0.739	0.863	0.126	0.800	0.233	0.079	0.079	0.101	1.162	1.004	0.818	0.218	0.318	0.674	0.113	0.721	0.231	0.078	0.079	0.102	0.980	0.921	0.868	0.283	0.922	0.804	0.103	0.306	0.269	0.078	0.080	0.101	0.886	0.836	0.829	0.131	0.768	0.892	0.112	0.322	0.570	0.079	0.080	0.102	1.029	0.863	0.868	0.135	0.321	0.799	0.132	0.328	0.234	0.079	0.080	0.080	0.080	0.080	0.079	0.079	0.080	0.080	0.080	0.079	0.079	0.079
15:50:01	0.078	0.079	0.079	0.080	0.078	0.079	0.079	0.079	0.079	0.080	0.095	0.079	0.079	0.099	0.949	0.976	0.937	0.151	0.765	0.765	0.137	0.791	0.243	0.079	0.079	0.099	0.991	0.991	0.880	0.253	0.758	0.893	0.126	0.813	0.238	0.079	0.079	0.101	1.176	1.016	0.823	0.223	0.325	0.679	0.113	0.725	0.237	0.079	0.079	0.102	0.990	0.934	0.884	0.286	0.933	0.843	0.103	0.316	0.268	0.078	0.080	0.101	0.895	0.840	0.838	0.131	0.780	0.901	0.112	0.326	0.586	0.079	0.080	0.102	1.030	0.879	0.874	0.135	0.323	0.808	0.133	0.330	0.237	0.079	0.080	0.080	0.080	0.080	0.079	0.079	0.079	0.079	0.079	0.079	0.079	0.079
16:00:01	0.079	0.079	0.079	0.080	0.079	0.079	0.079	0.079	0.079	0.080	0.102	0.079	0.079	0.100	0.956	0.981	0.944	0.153	0.777	0.783	0.138	0.801	0.245	0.079	0.079	0.099	0.997	0.996	0.884	0.255	0.774	0.896	0.126	0.816	0.242	0.079	0.079	0.101	1.183	1.019	0.830	0.228	0.327	0.682	0.113	0.736	0.242	0.079	0.079	0.102	0.996	0.940	0.887	0.289	0.938	0.864	0.103	0.324	0.270	0.079	0.080	0.101	0.901	0.849	0.846	0.130	0.782	0.928	0.112	0.332	0.600	0.079	0.080	0.102	1.036	0.892	0.881	0.135	0.332	0.820	0.133	0.339	0.241	0.079	0.080	0.080	0.080	0.080	0.080	0.080	0.080	0.080	0.079	0.079	0.079	0.079
16:10:01	0.079	0.079	0.079	0.080	0.079	0.079	0.079	0.079	0.079	0.080	0.094	0.079	0.080	0.099	0.959	0.976	0.944	0.152	0.775	0.778	0.139	0.793	0.248	0.080	0.080	0.099	0.998	1.003	0.890	0.259	0.775	0.880	0.127	0.833	0.243	0.079	0.080	0.101	1.182	1.024	0.831	0.229	0.328	0.689	0.114	0.738	0.244	0.079	0.080	0.102	1.003	0.942	0.890	0.291	0.943	0.839	0.104	0.329	0.271	0.079	0.080	0.101	0.905	0.852	0.855	0.131	0.784	0.909	0.113	0.335	0.603	0.079	0.080	0.102	1.040	0.889	0.890	0.136	0.336	0.818	0.134	0.343	0.243	0.079	0.080	0.080	0.080	0.080	0.080	0.080	0.080	0.080	0.079	0.079	0.079	0.079
16:20:01	0.078	0.079	0.079	0.080	0.079	0.079	0.079	0.079	0.079	0.079	0.097	0.079	0.080	0.099	0.970	0.982	0.955	0.153	0.787	0.787	0.139	0.800	0.249	0.079	0.080	0.099	1.005	1.010	0.896	0.261	0.792	0.903	0.128	0.835	0.246	0.079	0.079	0.101	1.192	1.033	0.838	0.232	0.332	0.689	0.114	0.751	0.247	0.078	0.079	0.102	1.006	0.948	0.895	0.293	0.951	0.861	0.103	0.338	0.276	0.078	0.080	0.101	0.913	0.860	0.863	0.130	0.793	0.922	0.113	0.337	0.612	0.079	0.079	0.102	1.047	0.902	0.897	0.136	0.340	0.828	0.134	0.343	0.246	0.079	0.079	0.080	0.079	0.079	0.079	0.079	0.079	0.079	0.078	0.079	0.079	0.079
16:30:01	0.078	0.079	0.079	0.080	0.078	0.079	0.079	0.079	0.079	0.079	0.101	0.079	0.079	0.099	0.974	0.985	0.953	0.153	0.789	0.787	0.140	0.808	0.254	0.079	0.079	0.099	1.010	1.014	0.902	0.264	0.794	0.887	0.128	0.843	0.250	0.079	0.079	0.101	1.189	1.027	0.843	0.234	0.333	0.692	0.114	0.756	0.254	0.078	0.079	0.102	1.006	0.941	0.904	0.297	0.958	0.858	0.104	0.345	0.282	0.078	0.080	0.101	0.918	0.869	0.871	0.130	0.791	0.915	0.113	0.341	0.616	0.079	0.080	0.102	1.047	0.903	0.902	0.137	0.346	0.837	0.135	0.346	0.246	0.079	0.080	0.080	0.080	0.080	0.079	0.079	0.080	0.079	0.079	0.079	0.079	0.079
16:40:01	0.079	0.079	0.079	0.080	0.079	0.079	0.079	0.079	0.079	0.079	0.096	0.079	0.080	0.099	0.976	0.985	0.966	0.155	0.793	0.794	0.141	0.808	0.254	0.080	0.080	0.099	1.014	1.017	0.909	0.268	0.801	0.885	0.129	0.866	0.252	0.079	0.080	0.101	1.194	1.033	0.844	0.238	0.337	0.699	0.115	0.763	0.254	0.079	0.080	0.103	1.008	0.951	0.903	0.301	0.962	0.859	0.104	0.355	0.283	0.079	0.080	0.101	0.923	0.876	0.871	0.131	0.796	0.913	0.114	0.343	0.622	0.079	0.080	0.102	1.050	0.908	0.903	0.138	0.350	0.836	0.136	0.349	0.251	0.079	0.079	0.080	0.080	0.080	0.080	0.080	0.080	0.080	0.079	0.079	0.079	0.079
16:50:01	0.079	0.079	0.079	0.080	0.079	0.079	0.079	0.079	0.079	0.079	0.103	0.079	0.080	0.099	0.985	0.990	0.974	0.156	0.808	0.810	0.141	0.814	0.255	0.080	0.080	0.099	1.024	1.029	0.914	0.269	0.832	0.913	0.129	0.874	0.255	0.079	0.079	0.101	1.204	1.037	0.850	0.241	0.344	0.701	0.115	0.789	0.259	0.079	0.080	0.102	1.010	0.962	0.906	0.305	0.967	0.884	0.104	0.374	0.289	0.079	0.080	0.101	0.927	0.881	0.874	0.130	0.801	0.932	0.114	0.348	0.625	0.079	0.080	0.102	1.057	0.921	0.914	0.138	0.359	0.847	0.136	0.354	0.255	0.079	0.079	0.080	0.080	0.080	0.080	0.080	0.080	0.080	0.079	0.079	0.079	0.079
17:00:01	0.079	0.079	0.079	0.080	0.079	0.079	0.079	0.079	0.079	0.079	0.096	0.079	0.080	0.099	0.990	0.992	0.981	0.157	0.817	0.811	0.142	0.814	0.258	0.080	0.080	0.099	1.025	1.031	0.918	0.272	0.820	0.898	0.130	0.895	0.259	0.079	0.079	0.101	1.205	1.044	0.853	0.244	0.347	0.708	0.116	0.795	0.262	0.079	0.080	0.102	1.011	0.966	0.915	0.305	0.976	0.890	0.104	0.389	0.292	0.079	0.080	0.101	0.934	0.880	0.876	0.130	0.806	0.934	0.115	0.354	0.633	0.079	0.080	0.102	1.059	0.922	0.912	0.138	0.367	0.854	0.137	0.357	0.258	0.079	0.079	0.080	0.080	0.080	0.080	0.080	0.080	0.080	0.079	0.079	0.079	0.079
17:10:01	0.079	0.079	0.079	0.080	0.079	0.079	0.079	0.079	0.079	0.079	0.094	0.079	0.080	0.099	1.002	0.999	0.991	0.158	0.831	0.822	0.142	0.813	0.260	0.080	0.080	0.099	1.032	1.037	0.925	0.275	0.844	0.922	0.130	0.918	0.263	0.079	0.079	0.101	1.216	1.051	0.859	0.244	0.354	0.715	0.116	0.854	0.265	0.079	0.079	0.102	1.013	0.973	0.922	0.309	0.983	0.921	0.105	0.434	0.295	0.079	0.080	0.101	0.940	0.886	0.886	0.129	0.813	0.960	0.115	0.358	0.640	0.078	0.080	0.102	1.067	0.933	0.921	0.139	0.375	0.867	0.138	0.364	0.260	0.079	0.079	0.080	0.080	0.080	0.080	0.080	0.080	0.080	0.079	0.079	0.079	0.079
17:20:01	0.079	0.079	0.079	0.080	0.079	0.079	0.079	0.079	0.079	0.079	0.094	0.079	0.080	0.099	1.008	1.000	0.988	0.159	0.827	0.823	0.143	0.813	0.264	0.080	0.080	0.099	1.035	1.038	0.933	0.276	0.835	0.905	0.130	0.939	0.266	0.079	0.079	0.101	1.216	1.050	0.863	0.247	0.355	0.719	0.116	0.834	0.268	0.079	0.079	0.102	1.016	0.972	0.933	0.312	0.991	0.901	0.105	0.426	0.299	0.079	0.080	0.101	0.948	0.892	0.888	0.129	0.813	0.940	0.116	0.358	0.647	0.078	0.080	0.102	1.069	0.938	0.925	0.140	0.382	0.870	0.138	0.375	0.266	0.079	0.079	0.080	0.080	0.080	0.079	0.079	0.080	0.079	0.078	0.079	0.079	0.079
17:30:01	0.079	0.079	0.079	0.080	0.079	0.079	0.079	0.079	0.079	0.079	0.096	0.079	0.080	0.099	1.015	1.006	1.001	0.160	0.842	0.835	0.144	0.814	0.266	0.080	0.080	0.099	1.043	1.042	0.939	0.279	0.865	0.928	0.131	0.963	0.268	0.079	0.080	0.101	1.223	1.057	0.872	0.252	0.364	0.722	0.117	0.845	0.270	0.079	0.080	0.102	1.019	0.976	0.936	0.315	0.992	0.921	0.105	0.477	0.300	0.079	0.080	0.101	0.955	0.899	0.894	0.128	0.820	0.952	0.116	0.366	0.653	0.078	0.080	0.102	1.072	0.948	0.932	0.141	0.393	0.873	0.139	0.377	0.269	0.079	0.079	0.080	0.080	0.080	0.080	0.080	0.080	0.080	0.079	0.079	0.079	0.079
17:40:01	0.078	0.079	0.079	0.080	0.079	0.079	0.079	0.079	0.079	0.079	0.102	0.079	0.079	0.099	1.022	1.011	1.003	0.162	0.847	0.840	0.144	0.816	0.269	0.079	0.079	0.099	1.046	1.045	0.948	0.281	0.879	0.925	0.132	0.978	0.273	0.079	0.079	0.100	1.228	1.059	0.884	0.254	0.368	0.725	0.117	0.883	0.271	0.079	0.079	0.102	1.023	0.978	0.941	0.318	0.993	0.923	0.105	0.520	0.303	0.079	0.080	0.101	0.962	0.902	0.900	0.128	0.824	0.962	0.116	0.370	0.656	0.079	0.080	0.102	1.080	0.952	0.936	0.140	0.401	0.875	0.140	0.386	0.272	0.079	0.079	0.080	0.080	0.080	0.080	0.079	0.080	0.079	0.078	0.079	0.079	0.079
17:50:01	0.079	0.079	0.079	0.080	0.079	0.079	0.079	0.079	0.079	0.079	0.095	0.079	0.080	0.099	1.026	1.012	1.010	0.162	0.852	0.842	0.145	0.816	0.270	0.080	0.080	0.099	1.047	1.045	0.955	0.284	0.875	0.918	0.132	1.000	0.273	0.079	0.079	0.101	1.226	1.061	0.888	0.256	0.368	0.727	0.117	0.885	0.277	0.079	0.079	0.102	1.026	0.982	0.943	0.320	1.002	0.930	0.105	0.514	0.304	0.079	0.080	0.101	0.966	0.902	0.904	0.129	0.829	0.953	0.117	0.371	0.664	0.079	0.080	0.102	1.080	0.954	0.944	0.142	0.410	0.882	0.141	0.386	0.273	0.079	0.079	0.080	0.080	0.080	0.080	0.080	0.080	0.080	0.079	0.080	0.079	0.079
18:00:01	0.079	0.079	0.079	0.080	0.079	0.079	0.079	0.080	0.079	0.079	0.094	0.079	0.080	0.099	1.046	1.014	1.018	0.165	0.862	0.854	0.146	0.816	0.273	0.080	0.080	0.099	1.055	1.053	0.959	0.288	0.892	0.944	0.132	1.019	0.277	0.079	0.080	0.101	1.234	1.065	0.901	0.258	0.376	0.731	0.118	0.904	0.279	0.079	0.080	0.102	1.030	0.989	0.947	0.326	1.005	0.942	0.106	0.552	0.307	0.079	0.080	0.101	0.973	0.912	0.909	0.129	0.834	0.973	0.117	0.373	0.669	0.079	0.080	0.102	1.083	0.963	0.952	0.143	0.420	0.889	0.142	0.394	0.277	0.079	0.080	0.080	0.080	0.080	0.080	0.080	0.080	0.080	0.079	0.080	0.079	0.079
18:10:01	0.079	0.079	0.079	0.080	0.079	0.079	0.079	0.080	0.079	0.079	0.091	0.079	0.080	0.099	1.050	1.016	1.017	0.166	0.865	0.853	0.147	0.814	0.276	0.080	0.080	0.099	1.052	1.058	0.957	0.290	0.894	0.929	0.133	1.021	0.280	0.079	0.080	0.101	1.229	1.063	0.903	0.263	0.378	0.735	0.118	0.915	0.284	0.079	0.080	0.102	1.031	0.991	0.956	0.326	1.009	0.929	0.106	0.555	0.308	0.079	0.080	0.101	0.978	0.917	0.912	0.129	0.838	0.963	0.118	0.377	0.674	0.078	0.080	0.102	1.083	0.963	0.955	0.143	0.431	0.892	0.142	0.404	0.280	0.079	0.079	0.080	0.080	0.080	0.079	0.079	0.080	0.080	0.078	0.079	0.079	0.079
18:20:01	0.079	0.079	0.079	0.080	0.079	0.079	0.079	0.080	0.079	0.079	0.092	0.079	0.080	0.099	1.059	1.022	1.028	0.165	0.875	0.865	0.147	0.814	0.277	0.080	0.080	0.099	1.056	1.064	0.962	0.293	0.918	0.947	0.133	1.028	0.281	0.079	0.079	0.101	1.235	1.071	0.914	0.269	0.384	0.736	0.118	0.937	0.284	0.079	0.079	0.102	1.035	0.996	0.959	0.331	1.009	0.951	0.106	0.572	0.311	0.079	0.080	0.101	0.985	0.922	0.918	0.130	0.843	0.982	0.117	0.379	0.678	0.079	0.080	0.102	1.087	0.968	0.957	0.144	0.443	0.899	0.142	0.404	0.281	0.079	0.079	0.080	0.080	0.080	0.080	0.080	0.080	0.080	0.078	0.079	0.079	0.079
18:30:01	0.079	0.079	0.079	0.080	0.079	0.079	0.079	0.079	0.079	0.079	0.096	0.079	0.080	0.099	1.063	1.023	1.026	0.165	0.874	0.868	0.148	0.812	0.281	0.080	0.080	0.099	1.055	1.064	0.967	0.296	0.919	0.935	0.134	0.991	0.286	0.079	0.079	0.101	1.235	1.069	0.921	0.272	0.382	0.739	0.118	0.962	0.290	0.079	0.080	0.102	1.036	0.995	0.961	0.330	1.014	0.939	0.106	0.597	0.317	0.079	0.080	0.101	0.990	0.923	0.920	0.131	0.842	0.982	0.118	0.382	0.681	0.079	0.080	0.102	1.092	0.973	0.961	0.145	0.454	0.899	0.143	0.415	0.286	0.079	0.080	0.080	0.080	0.080	0.080	0.080	0.080	0.080	0.079	0.079	0.079	0.079
18:40:01	0.079	0.079	0.079	0.080	0.079	0.079	0.079	0.079	0.079	0.079	0.095	0.079	0.080	0.099	1.075	1.027	1.033	0.167	0.881	0.877	0.148	0.814	0.281	0.080	0.080	0.099	1.060	1.065	0.973	0.298	0.927	0.940	0.134	0.999	0.287	0.079	0.079	0.101	1.237	1.075	0.925	0.274	0.391	0.746	0.119	0.974	0.291	0.079	0.080	0.102	1.041	0.999	0.967	0.329	1.012	0.941	0.106	0.611	0.319	0.079	0.080	0.101	0.996	0.927	0.929	0.129	0.853	0.976	0.118	0.387	0.685	0.079	0.080	0.102	1.095	0.979	0.963	0.146	0.463	0.906	0.144	0.421	0.287	0.079	0.080	0.080	0.080	0.080	0.080	0.080	0.080	0.080	0.079	0.079	0.079	0.079
18:50:01	0.079	0.079	0.079	0.080	0.079	0.079	0.079	0.079	0.079	0.079	0.096	0.079	0.080	0.099	1.096	1.032	1.037	0.169	0.891	0.885	0.149	0.815	0.284	0.080	0.080	0.099	1.066	1.069	0.982	0.300	0.937	0.948	0.135	1.004	0.291	0.079	0.079	0.101	1.239	1.078	0.935	0.276	0.395	0.751	0.119	0.990	0.293	0.079	0.080	0.102	1.044	1.004	0.969	0.332	1.016	0.951	0.106	0.594	0.323	0.078	0.080	0.101	1.001	0.932	0.932	0.130	0.859	0.991	0.118	0.388	0.688	0.079	0.080	0.102	1.099	0.986	0.968	0.147	0.479	0.911	0.144	0.431	0.290	0.079	0.080	0.080	0.080	0.080	0.080	0.080	0.080	0.080	0.079	0.079	0.079	0.079
19:00:01	0.078	0.079	0.079	0.080	0.079	0.079	0.079	0.080	0.079	0.079	0.102	0.079	0.080	0.099	1.094	1.030	1.036	0.170	0.897	0.885	0.149	0.812	0.287	0.080	0.080	0.099	1.065	1.071	0.982	0.302	0.928	0.941	0.136	1.004	0.295	0.079	0.079	0.101	1.235	1.077	0.939	0.281	0.396	0.752	0.119	0.998	0.299	0.079	0.080	0.102	1.040	1.007	0.976	0.335	1.023	0.940	0.107	0.512	0.327	0.078	0.080	0.101	1.006	0.936	0.936	0.131	0.860	0.978	0.118	0.393	0.691	0.079	0.080	0.102	1.101	0.985	0.972	0.147	0.488	0.916	0.145	0.439	0.295	0.079	0.080	0.080	0.080	0.080	0.080	0.080	0.080	0.080	0.079	0.079	0.079	0.079
19:10:01	0.078	0.079	0.079	0.080	0.079	0.079	0.079	0.079	0.079	0.079	0.094	0.079	0.079	0.099	1.107	1.033	1.047	0.170	0.902	0.893	0.150	0.818	0.288	0.080	0.080	0.099	1.072	1.078	0.986	0.304	0.949	0.958	0.136	1.022	0.296	0.079	0.079	0.101	1.242	1.086	0.950	0.283	0.404	0.759	0.119	1.012	0.299	0.079	0.080	0.102	1.049	1.013	0.978	0.336	1.026	0.963	0.107	0.659	0.331	0.079	0.080	0.101	1.012	0.943	0.941	0.131	0.866	0.999	0.119	0.395	0.697	0.079	0.080	0.102	1.104	0.996	0.979	0.148	0.507	0.920	0.146	0.441	0.293	0.079	0.080	0.080	0.080	0.080	0.080	0.080	0.080	0.080	0.078	0.079	0.079	0.079
19:20:01	0.078	0.079	0.079	0.080	0.079	0.079	0.079	0.079	0.079	0.079	0.102	0.079	0.079	0.099	1.117	1.037	1.055	0.172	0.906	0.901	0.150	0.820	0.292	0.079	0.080	0.099	1.074	1.081	0.990	0.307	0.955	0.959	0.137	1.022	0.299	0.079	0.079	0.101	1.243	1.086	0.959	0.287	0.405	0.762	0.120	1.040	0.304	0.079	0.079	0.102	1.051	1.016	0.978	0.336	1.033	0.959	0.107	0.664	0.332	0.078	0.080	0.101	1.019	0.945	0.947	0.131	0.870	1.000	0.119	0.399	0.700	0.079	0.080	0.102	1.107	1.001	0.985	0.148	0.524	0.926	0.146	0.449	0.298	0.079	0.080	0.079	0.080	0.080	0.080	0.080	0.080	0.080	0.078	0.079	0.079	0.079
19:30:01	0.078	0.079	0.079	0.080	0.079	0.079	0.079	0.079	0.079	0.079	0.095	0.079	0.079	0.099	1.117	1.037	1.056	0.171	0.911	0.905	0.151	0.823	0.292	0.079	0.080	0.099	1.071	1.081	0.992	0.309	0.945	0.949	0.137	1.040	0.301	0.079	0.079	0.100	1.242	1.087	0.963	0.289	0.408	0.764	0.121	1.069	0.307	0.079	0.079	0.102	1.051	1.020	0.983	0.339	1.032	0.948	0.107	0.723	0.336	0.079	0.080	0.101	1.022	0.943	0.944	0.132	0.870	0.989	0.119	0.402	0.708	0.079	0.080	0.102	1.107	1.001	0.988	0.149	0.544	0.928	0.147	0.454	0.300	0.079	0.079	0.079	0.080	0.080	0.080	0.080	0.080	0.080	0.078	0.079	0.079	0.079
19:40:01	0.079	0.079	0.079	0.080	0.079	0.079	0.079	0.080	0.079	0.080	0.095	0.079	0.079	0.099	1.130	1.042	1.064	0.172	0.923	0.913	0.151	0.841	0.296	0.079	0.080	0.099	1.075	1.087	1.000	0.311	0.971	0.971	0.137	1.049	0.304	0.079	0.079	0.100	1.248	1.089	0.973	0.291	0.414	0.767	0.121	1.092	0.310	0.079	0.080	0.102	1.054	1.024	0.987	0.343	1.037	0.963	0.108	0.734	0.339	0.079	0.080	0.101	1.027	0.949	0.945	0.132	0.877	0.995	0.119	0.408	0.714	0.079	0.080	0.101	1.112	1.011	0.993	0.150	0.570	0.934	0.148	0.459	0.302	0.079	0.079	0.080	0.080	0.080	0.080	0.080	0.080	0.080	0.079	0.080	0.080	0.079
19:50:01	0.079	0.079	0.079	0.080	0.079	0.079	0.079	0.080	0.079	0.079	0.094	0.079	0.079	0.099	1.128	1.042	1.063	0.174	0.926	0.915	0.152	0.843	0.299	0.079	0.080	0.099	1.076	1.086	1.004	0.312	0.975	0.959	0.138	1.057	0.308	0.079	0.079	0.101	1.244	1.090	0.978	0.294	0.415	0.769	0.122	1.118	0.318	0.079	0.080	0.102	1.053	1.024	0.996	0.346	1.040	0.957	0.108	0.735	0.344	0.079	0.080	0.101	1.033	0.954	0.954	0.134	0.881	0.995	0.120	0.414	0.720	0.079	0.080	0.102	1.114	1.013	0.997	0.151	0.604	0.941	0.149	0.468	0.306	0.079	0.079	0.080	0.080	0.080	0.080	0.080	0.080	0.080	0.079	0.080	0.079	0.079
20:00:02	0.079	0.079	0.079	0.080	0.079	0.079	0.079	0.080	0.079	0.080	0.097	0.079	0.079	0.099	1.138	1.045	1.074	0.173	0.932	0.920	0.152	0.851	0.299	0.079	0.080	0.099	1.084	1.089	1.008	0.315	0.993	0.973	0.139	1.054	0.308	0.079	0.079	0.101	1.248	1.094	0.985	0.298	0.420	0.773	0.121	1.136	0.320	0.079	0.080	0.102	1.053	1.028	1.001	0.351	1.045	0.974	0.108	0.734	0.348	0.078	0.080	0.101	1.038	0.956	0.959	0.133	0.887	1.013	0.120	0.417	0.727	0.079	0.080	0.102	1.116	1.017	1.000	0.152	0.629	0.947	0.149	0.475	0.308	0.079	0.079	0.079	0.080	0.080	0.079	0.079	0.080	0.080	0.078	0.079	0.079	0.079
20:10:02	0.079	0.079	0.079	0.079	0.079	0.079	0.079	0.080	0.079	0.079	0.093	0.079	0.079	0.099	1.147	1.044	1.070	0.174	0.936	0.927	0.153	0.845	0.304	0.079	0.080	0.099	1.078	1.090	1.009	0.316	0.997	0.961	0.139	1.064	0.312	0.079	0.079	0.100	1.249	1.091	0.992	0.301	0.420	0.774	0.122	1.155	0.324	0.079	0.079	0.102	1.052	1.029	1.005	0.351	1.042	0.968	0.109	0.737	0.348	0.079	0.080	0.101	1.041	0.959	0.959	0.134	0.888	1.003	0.121	0.422	0.735	0.079	0.080	0.102	1.116	1.017	1.004	0.153	0.658	0.951	0.150	0.485	0.312	0.079	0.079	0.080	0.080	0.080	0.080	0.080	0.080	0.080	0.078	0.079	0.079	0.079
20:20:02	0.079	0.079	0.079	0.080	0.079	0.079	0.079	0.080	0.079	0.079	0.095	0.079	0.079	0.099	1.153	1.048	1.081	0.176	0.942	0.933	0.154	0.847	0.304	0.079	0.080	0.099	1.084	1.097	1.014	0.317	1.006	0.979	0.140	1.070	0.313	0.079	0.079	0.101	1.254	1.100	1.002	0.307	0.428	0.777	0.123	1.167	0.327	0.079	0.080	0.102	1.054	1.036	1.011	0.354	1.047	0.975	0.109	0.743	0.352	0.079	0.080	0.101	1.042	0.963	0.967	0.134	0.893	1.005	0.121	0.426	0.741	0.079	0.080	0.102	1.120	1.023	1.009	0.154	0.690	0.954	0.150	0.489	0.313	0.079	0.080	0.080	0.080	0.080	0.080	0.080	0.080	0.080	0.079	0.079	0.079	0.079
20:30:02	0.079	0.079	0.079	0.080	0.079	0.079	0.079	0.080	0.079	0.079	0.103	0.079	0.079	0.099	1.159	1.050	1.083	0.180	0.950	0.941	0.154	0.852	0.307	0.079	0.080	0.099	1.087	1.100	1.017	0.320	1.009	0.977	0.141	1.070	0.316	0.079	0.079	0.101	1.254	1.099	1.006	0.312	0.432	0.782	0.123	1.186	0.327	0.079	0.080	0.102	1.053	1.039	1.010	0.359	1.048	0.976	0.109	0.751	0.358	0.079	0.080	0.101	1.047	0.967	0.971	0.134	0.898	1.016	0.122	0.431	0.748	0.078	0.080	0.102	1.123	1.032	1.013	0.155	0.715	0.961	0.151	0.499	0.316	0.079	0.079	0.080	0.079	0.080	0.080	0.080	0.080	0.080	0.078	0.079	0.079	0.079
20:40:02	0.079	0.078	0.079	0.080	0.079	0.079	0.079	0.080	0.079	0.079	0.104	0.079	0.079	0.099	1.155	1.053	1.092	0.180	0.955	0.943	0.155	0.857	0.308	0.079	0.080	0.099	1.086	1.100	1.018	0.325	1.008	0.973	0.142	1.071	0.317	0.079	0.079	0.100	1.252	1.101	1.012	0.317	0.434	0.788	0.124	1.200	0.331	0.079	0.080	0.102	1.056	1.041	1.015	0.360	1.052	0.981	0.110	0.758	0.359	0.079	0.080	0.101	1.048	0.969	0.970	0.134	0.902	1.011	0.122	0.433	0.758	0.079	0.080	0.102	1.123	1.032	1.018	0.156	0.712	0.964	0.152	0.511	0.319	0.079	0.079	0.080	0.079	0.080	0.080	0.080	0.080	0.080	0.079	0.079	0.079	0.079
20:50:02	0.079	0.079	0.079	0.080	0.079	0.079	0.079	0.080	0.079	0.080	0.094	0.079	0.079	0.099	1.167	1.056	1.100	0.179	0.959	0.950	0.156	0.856	0.312	0.079	0.080	0.099	1.094	1.106	1.023	0.331	1.035	0.996	0.142	1.099	0.321	0.079	0.080	0.101	1.254	1.102	1.020	0.323	0.441	0.789	0.125	1.212	0.334	0.079	0.080	0.102	1.056	1.042	1.015	0.363	1.057	0.989	0.110	0.772	0.366	0.079	0.080	0.101	1.049	0.970	0.975	0.134	0.901	1.028	0.123	0.434	0.769	0.079	0.080	0.102	1.126	1.037	1.024	0.157	0.736	0.970	0.152	0.523	0.322	0.079	0.080	0.080	0.079	0.080	0.080	0.080	0.080	0.080	0.079	0.079	0.080	0.079
21:00:02	0.079	0.078	0.079	0.080	0.078	0.079	0.079	0.080	0.079	0.079	0.101	0.079	0.079	0.099	1.165	1.056	1.094	0.180	0.959	0.949	0.156	0.857	0.314	0.079	0.080	0.099	1.087	1.101	1.022	0.334	1.026	0.982	0.143	1.092	0.322	0.079	0.079	0.101	1.252	1.102	1.025	0.324	0.439	0.792	0.125	1.232	0.337	0.078	0.080	0.102	1.058	1.043	1.014	0.362	1.055	0.978	0.110	0.773	0.373	0.079	0.080	0.101	1.051	0.972	0.975	0.133	0.904	1.016	0.123	0.434	0.777	0.079	0.080	0.102	1.129	1.037	1.023	0.158	0.758	0.972	0.152	0.533	0.324	0.079	0.079	0.079	0.079	0.080	0.080	0.080	0.080	0.080	0.078	0.079	0.079	0.079
21:10:02	0.079	0.078	0.079	0.080	0.078	0.079	0.079	0.080	0.079	0.079	0.102	0.079	0.079	0.099	1.167	1.059	1.102	0.182	0.967	0.955	0.157	0.858	0.317	0.079	0.080	0.099	1.093	1.105	1.027	0.337	1.032	0.994	0.143	1.110	0.325	0.079	0.079	0.101	1.252	1.105	1.029	0.327	0.443	0.797	0.125	1.240	0.340	0.079	0.080	0.102	1.058	1.044	1.018	0.366	1.061	0.997	0.111	0.789	0.377	0.078	0.080	0.101	1.056	0.976	0.981	0.132	0.909	1.020	0.124	0.437	0.788	0.078	0.080	0.102	1.133	1.046	1.027	0.159	0.775	0.978	0.153	0.549	0.326	0.079	0.080	0.080	0.079	0.080	0.080	0.080	0.080	0.080	0.079	0.079	0.079	0.079
21:20:02	0.079	0.078	0.079	0.080	0.079	0.079	0.079	0.080	0.079	0.079	0.095	0.079	0.079	0.099	1.168	1.060	1.102	0.184	0.971	0.957	0.157	0.852	0.318	0.079	0.080	0.099	1.087	1.099	1.030	0.339	1.036	0.984	0.143	1.123	0.328	0.079	0.079	0.100	1.254	1.105	1.036	0.330	0.437	0.801	0.126	1.257	0.343	0.079	0.079	0.102	1.058	1.047	1.020	0.367	1.057	0.982	0.111	0.790	0.379	0.079	0.080	0.101	1.056	0.976	0.980	0.132	0.909	1.016	0.124	0.439	0.799	0.079	0.080	0.102	1.136	1.049	1.027	0.160	0.775	0.980	0.154	0.562	0.326	0.079	0.080	0.079	0.079	0.080	0.080	0.080	0.080	0.080	0.079	0.079	0.079	0.079
21:30:02	0.079	0.079	0.079	0.080	0.079	0.079	0.079	0.080	0.079	0.079	0.095	0.079	0.079	0.099	1.173	1.065	1.109	0.185	0.981	0.965	0.158	0.855	0.320	0.079	0.080	0.099	1.093	1.105	1.037	0.343	1.042	1.000	0.144	1.139	0.330	0.079	0.079	0.100	1.257	1.108	1.040	0.332	0.444	0.803	0.127	1.271	0.346	0.079	0.080	0.102	1.060	1.051	1.024	0.367	1.061	0.986	0.111	0.807	0.383	0.079	0.080	0.101	1.059	0.980	0.984	0.133	0.915	1.022	0.125	0.440	0.811	0.079	0.080	0.102	1.141	1.052	1.033	0.161	0.782	0.984	0.155	0.573	0.326	0.079	0.080	0.080	0.079	0.080	0.080	0.080	0.080	0.080	0.079	0.079	0.079	0.079
21:40:02	0.079	0.079	0.079	0.080	0.079	0.079	0.080	0.080	0.079	0.080	0.094	0.079	0.079	0.099	1.170	1.064	1.109	0.188	0.984	0.967	0.159	0.849	0.323	0.079	0.080	0.099	1.087	1.100	1.036	0.345	1.053	0.989	0.145	1.143	0.333	0.079	0.080	0.101	1.254	1.109	1.043	0.336	0.445	0.806	0.128	1.280	0.349	0.079	0.080	0.102	1.056	1.050	1.027	0.369	1.061	0.984	0.112	0.813	0.390	0.079	0.080	0.101	1.062	0.983	0.986	0.133	0.918	1.024	0.126	0.443	0.818	0.079	0.080	0.101	1.138	1.052	1.032	0.163	0.799	0.994	0.156	0.588	0.329	0.079	0.080	0.080	0.079	0.080	0.080	0.080	0.080	0.080	0.079	0.079	0.079	0.079
21:50:02	0.079	0.078	0.079	0.080	0.079	0.079	0.079	0.080	0.079	0.079	0.100	0.079	0.079	0.099	1.173	1.068	1.115	0.188	0.994	0.972	0.159	0.853	0.323	0.079	0.080	0.099	1.096	1.106	1.039	0.347	1.061	1.007	0.146	1.148	0.334	0.079	0.080	0.101	1.258	1.113	1.047	0.337	0.456	0.808	0.127	1.296	0.349	0.079	0.080	0.102	1.060	1.056	1.031	0.370	1.067	1.001	0.112	0.828	0.395	0.079	0.080	0.101	1.065	0.990	0.989	0.132	0.924	1.043	0.126	0.447	0.826	0.078	0.080	0.102	1.141	1.057	1.037	0.164	0.809	0.998	0.156	0.599	0.331	0.079	0.080	0.080	0.079	0.080	0.080	0.080	0.080	0.080	0.079	0.079	0.079	0.079
22:00:02	0.079	0.078	0.079	0.080	0.079	0.079	0.079	0.080	0.079	0.079	0.099	0.079	0.079	0.099	1.174	1.069	1.117	0.187	0.998	0.975	0.160	0.852	0.326	0.079	0.080	0.099	1.098	1.104	1.041	0.348	1.060	1.008	0.146	1.158	0.339	0.079	0.079	0.100	1.256	1.112	1.051	0.339	0.444	0.808	0.128	1.304	0.352	0.078	0.079	0.102	1.060	1.055	1.033	0.375	1.070	1.002	0.112	0.851	0.401	0.079	0.080	0.101	1.069	0.991	0.989	0.132	0.925	1.040	0.126	0.448	0.837	0.078	0.080	0.101	1.143	1.061	1.043	0.165	0.820	1.000	0.156	0.625	0.336	0.078	0.080	0.079	0.079	0.080	0.080	0.080	0.080	0.080	0.078	0.079	0.079	0.079
22:10:02	0.079	0.078	0.079	0.080	0.079	0.079	0.079	0.080	0.079	0.079	0.095	0.079	0.080	0.099	1.176	1.072	1.124	0.189	1.005	0.979	0.160	0.850	0.327	0.079	0.080	0.099	1.099	1.109	1.047	0.350	1.065	1.008	0.147	1.176	0.339	0.079	0.080	0.101	1.258	1.118	1.055	0.342	0.454	0.807	0.129	1.315	0.350	0.079	0.080	0.102	1.063	1.058	1.041	0.378	1.075	1.002	0.113	0.865	0.403	0.079	0.080	0.101	1.071	0.990	0.995	0.133	0.931	1.036	0.127	0.451	0.844	0.079	0.080	0.102	1.145	1.063	1.046	0.167	0.832	1.004	0.157	0.644	0.337	0.079	0.080	0.080	0.080	0.080	0.080	0.080	0.080	0.080	0.079	0.079	0.079	0.079
22:20:02	0.079	0.078	0.079	0.080	0.079	0.079	0.079	0.080	0.079	0.079	0.102	0.079	0.079	0.099	1.175	1.077	1.131	0.193	1.012	0.986	0.161	0.848	0.328	0.079	0.079	0.099	1.102	1.115	1.052	0.354	1.070	1.015	0.148	1.176	0.342	0.079	0.080	0.100	1.258	1.116	1.058	0.346	0.458	0.812	0.129	1.325	0.352	0.079	0.080	0.102	1.064	1.058	1.041	0.379	1.070	1.009	0.113	0.903	0.406	0.078	0.080	0.101	1.075	0.991	0.996	0.132	0.936	1.046	0.128	0.452	0.848	0.078	0.080	0.102	1.145	1.068	1.050	0.168	0.842	1.008	0.158	0.651	0.338	0.079	0.080	0.079	0.079	0.080	0.080	0.080	0.080	0.080	0.079	0.079	0.079	0.079
22:30:02	0.079	0.078	0.079	0.080	0.079	0.079	0.079	0.080	0.079	0.079	0.096	0.079	0.080	0.099	1.174	1.075	1.132	0.191	1.015	0.988	0.162	0.840	0.335	0.079	0.080	0.099	1.099	1.113	1.051	0.358	1.085	1.006	0.148	1.186	0.346	0.079	0.080	0.100	1.255	1.115	1.064	0.347	0.447	0.815	0.130	1.335	0.358	0.079	0.080	0.102	1.060	1.053	1.037	0.382	1.067	1.004	0.114	0.833	0.412	0.079	0.080	0.101	1.078	0.991	0.996	0.132	0.936	1.037	0.128	0.454	0.852	0.079	0.080	0.102	1.149	1.070	1.048	0.170	0.855	1.011	0.159	0.674	0.341	0.079	0.080	0.079	0.079	0.080	0.080	0.080	0.080	0.080	0.079	0.079	0.079	0.079
22:40:02	0.079	0.079	0.079	0.080	0.079	0.079	0.080	0.080	0.079	0.080	0.094	0.079	0.080	0.099	1.174	1.079	1.135	0.192	1.019	0.993	0.163	0.837	0.334	0.080	0.080	0.099	1.099	1.109	1.054	0.360	1.080	0.998	0.149	1.192	0.346	0.079	0.080	0.101	1.258	1.115	1.068	0.344	0.450	0.821	0.131	1.342	0.358	0.079	0.079	0.102	1.062	1.056	1.041	0.386	1.069	0.995	0.114	0.838	0.422	0.079	0.080	0.101	1.080	0.995	1.002	0.133	0.940	1.034	0.129	0.455	0.853	0.079	0.080	0.102	1.148	1.071	1.052	0.171	0.871	1.011	0.160	0.682	0.341	0.079	0.080	0.080	0.080	0.080	0.080	0.079	0.080	0.080	0.079	0.079	0.079	0.079
22:50:02	0.078	0.078	0.079	0.080	0.079	0.079	0.079	0.080	0.079	0.079	0.094	0.079	0.080	0.099	1.176	1.081	1.144	0.194	1.024	1.000	0.163	0.835	0.335	0.079	0.080	0.099	1.103	1.112	1.059	0.362	1.092	1.016	0.149	1.202	0.348	0.079	0.080	0.100	1.261	1.121	1.071	0.344	0.457	0.824	0.131	1.351	0.361	0.079	0.079	0.102	1.066	1.062	1.050	0.390	1.071	1.002	0.114	0.841	0.432	0.079	0.080	0.101	1.083	0.999	1.008	0.133	0.943	1.040	0.129	0.458	0.851	0.079	0.080	0.102	1.153	1.074	1.058	0.172	0.881	1.017	0.161	0.699	0.344	0.079	0.079	0.079	0.079	0.080	0.080	0.079	0.080	0.080	0.079	0.079	0.079	0.079
23:00:02	0.078	0.078	0.079	0.080	0.079	0.079	0.079	0.080	0.079	0.079	0.102	0.078	0.079	0.099	1.171	1.081	1.142	0.194	1.026	1.000	0.164	0.833	0.336	0.079	0.079	0.099	1.101	1.109	1.056	0.366	1.088	1.008	0.150	1.201	0.350	0.079	0.080	0.100	1.259	1.120	1.075	0.348	0.456	0.829	0.132	1.359	0.362	0.078	0.079	0.102	1.066	1.062	1.048	0.393	1.069	0.999	0.114	0.844	0.432	0.079	0.080	0.101	1.084	0.997	1.007	0.134	0.948	1.039	0.130	0.461	0.845	0.079	0.080	0.102	1.153	1.072	1.057	0.173	0.894	1.020	0.161	0.714	0.346	0.079	0.079	0.079	0.079	0.080	0.080	0.079	0.080	0.080	0.078	0.079	0.079	0.079
23:10:02	0.078	0.078	0.079	0.080	0.079	0.079	0.079	0.080	0.079	0.079	0.102	0.079	0.079	0.099	1.174	1.085	1.150	0.193	1.034	1.002	0.164	0.830	0.338	0.079	0.079	0.099	1.107	1.112	1.061	0.369	1.100	1.024	0.150	1.215	0.353	0.079	0.079	0.100	1.263	1.121	1.078	0.351	0.464	0.835	0.131	1.371	0.368	0.079	0.079	0.101	1.069	1.067	1.049	0.396	1.074	1.018	0.114	0.850	0.439	0.079	0.080	0.100	1.088	1.000	1.010	0.134	0.952	1.050	0.130	0.464	0.841	0.079	0.080	0.101	1.155	1.075	1.062	0.175	0.904	1.024	0.162	0.736	0.349	0.079	0.079	0.079	0.079	0.080	0.080	0.079	0.079	0.080	0.079	0.079	0.079	0.079
23:20:02	0.079	0.078	0.079	0.080	0.079	0.079	0.080	0.080	0.079	0.080	0.101	0.079	0.079	0.099	1.172	1.085	1.150	0.195	1.032	1.002	0.165	0.825	0.345	0.080	0.079	0.099	1.103	1.110	1.058	0.374	1.096	1.012	0.150	1.220	0.356	0.079	0.080	0.100	1.258	1.119	1.082	0.355	0.461	0.834	0.132	1.374	0.373	0.079	0.079	0.101	1.064	1.060	1.046	0.400	1.075	1.006	0.115	0.854	0.441	0.079	0.080	0.101	1.088	1.000	1.009	0.134	0.949	1.042	0.131	0.465	0.836	0.079	0.080	0.101	1.154	1.073	1.062	0.176	0.914	1.031	0.163	0.750	0.353	0.079	0.079	0.079	0.079	0.080	0.080	0.079	0.079	0.080	0.079	0.079	0.079	0.079
23:30:02	0.079	0.078	0.079	0.080	0.079	0.079	0.080	0.080	0.079	0.079	0.093	0.079	0.080	0.099	1.175	1.086	1.162	0.197	1.035	1.006	0.166	0.822	0.344	0.079	0.080	0.099	1.105	1.111	1.061	0.380	1.101	1.015	0.150	1.235	0.356	0.079	0.080	0.100	1.265	1.123	1.085	0.359	0.466	0.837	0.133	1.385	0.371	0.079	0.079	0.101	1.067	1.062	1.048	0.402	1.075	1.010	0.115	0.861	0.448	0.079	0.080	0.101	1.092	1.005	1.012	0.135	0.954	1.043	0.132	0.466	0.834	0.079	0.080	0.102	1.159	1.078	1.065	0.177	0.924	1.035	0.164	0.771	0.349	0.079	0.079	0.079	0.079	0.080	0.080	0.079	0.079	0.080	0.079	0.079	0.079	0.079
23:40:02	0.079	0.078	0.079	0.080	0.079	0.079	0.079	0.080	0.079	0.079	0.097	0.079	0.080	0.099	1.174	1.087	1.163	0.197	1.043	1.012	0.166	0.818	0.344	0.079	0.080	0.098	1.109	1.115	1.066	0.383	1.108	1.031	0.151	1.233	0.359	0.079	0.080	0.100	1.267	1.124	1.087	0.361	0.471	0.841	0.133	1.397	0.372	0.079	0.079	0.102	1.069	1.064	1.048	0.408	1.076	1.024	0.115	0.862	0.460	0.078	0.080	0.101	1.096	1.007	1.014	0.135	0.962	1.052	0.131	0.466	0.825	0.079	0.079	0.101	1.165	1.083	1.070	0.177	0.934	1.038	0.164	0.795	0.354	0.079	0.079	0.079	0.079	0.080	0.079	0.079	0.079	0.080	0.078	0.079	0.079	0.079
23:50:02	0.078	0.078	0.079	0.080	0.079	0.079	0.080	0.080	0.079	0.079	0.101	0.079	0.079	0.099	1.172	1.085	1.161	0.199	1.046	1.010	0.167	0.813	0.348	0.079	0.079	0.099	1.105	1.111	1.064	0.385	1.103	1.016	0.152	1.233	0.360	0.079	0.079	0.100	1.262	1.123	1.089	0.364	0.466	0.842	0.134	1.405	0.376	0.079	0.079	0.101	1.068	1.062	1.050	0.411	1.070	1.008	0.116	0.862	0.458	0.079	0.080	0.101	1.094	1.009	1.011	0.135	0.960	1.045	0.133	0.466	0.822	0.079	0.080	0.101	1.161	1.081	1.069	0.181	0.947	1.039	0.165	0.818	0.359	0.079	0.079	0.079	0.079	0.080	0.080	0.079	0.079	0.080	0.078	0.079	0.079	0.079
24:00:02	0.079	0.078	0.079	0.080	0.079	0.079	0.080	0.080	0.079	0.079	0.095	0.079	0.080	0.099	1.175	1.087	1.170	0.202	1.054	1.013	0.168	0.812	0.349	0.080	0.080	0.099	1.111	1.117	1.070	0.387	1.115	1.030	0.152	1.245	0.364	0.079	0.079	0.100	1.270	1.129	1.093	0.367	0.475	0.848	0.134	1.415	0.377	0.079	0.079	0.102	1.072	1.070	1.058	0.412	1.072	1.019	0.116	0.866	0.467	0.079	0.080	0.101	1.100	1.012	1.017	0.136	0.965	1.052	0.133	0.466	0.822	0.079	0.080	0.102	1.166	1.083	1.073	0.182	0.955	1.040	0.166	0.837	0.359	0.079	0.079	0.079	0.079	0.080	0.080	0.079	0.079	0.080	0.079	0.079	0.079	0.079

