Field Group

Plate Comment:	
Procedure Summary
  Plate Type:              Corning 96 well for LogPhase600
  Plate Number:            1
  Discontinuous Kinetics:  Runtime 01:00:00 (D:HH:MM), Interval 00:10:00 (HH:MM:SS), 145 Reads (max)
  Read:                    600 nm
  Incubator:               On
    Temperature setpoint:  37 °C
    Temperature gradient:  On
  Shaking:                 Off		
			
			

600

Time	A1	A2	A3	A4	A5	A6	A7	A8	A9	A10	A11	A12	B1	B2	B3	B4	B5	B6	B7	B8	B9	B10	B11	B12	C1	C2	C3	C4	C5	C6	C7	C8	C9	C10	C11	C12	D1	D2	D3	D4	D5	D6	D7	D8	D9	D10	D11	D12	E1	E2	E3	E4	E5	E6	E7	E8	E9	E10	E11	E12	F1	F2	F3	F4	F5	F6	F7	F8	F9	F10	F11	F12	G1	G2	G3	G4	G5	G6	G7	G8	G9	G10	G11	G12	H1	H2	H3	H4	H5	H6	H7	H8	H9	H10	H11	H12
0:00:00	0.078	0.078	0.079	0.078	0.078	0.079	0.079	0.079	0.078	0.079	0.078	0.079	0.078	0.106	0.351	0.336	0.344	0.348	0.331	0.343	0.341	0.352	0.351	0.079	0.078	0.106	0.344	0.343	0.345	0.350	0.342	0.347	0.342	0.342	0.340	0.079	0.078	0.106	0.330	0.328	0.331	0.332	0.329	0.333	0.336	0.334	0.333	0.079	0.078	0.107	0.325	0.329	0.332	0.326	0.333	0.334	0.332	0.336	0.335	0.078	0.078	0.105	0.338	0.341	0.344	0.336	0.337	0.342	0.345	0.349	0.352	0.079	0.079	0.106	0.339	0.339	0.349	0.346	0.345	0.345	0.342	0.349	0.353	0.078	0.079	0.079	0.079	0.079	0.079	0.078	0.078	0.079	0.079	0.079	0.078	0.079
0:10:00	0.078	0.079	0.079	0.078	0.078	0.079	0.079	0.079	0.079	0.079	0.078	0.079	0.078	0.105	0.344	0.337	0.348	0.346	0.321	0.346	0.339	0.353	0.342	0.079	0.079	0.105	0.334	0.345	0.347	0.351	0.339	0.348	0.343	0.343	0.340	0.079	0.079	0.106	0.324	0.326	0.334	0.334	0.326	0.337	0.334	0.338	0.339	0.079	0.078	0.106	0.325	0.331	0.337	0.328	0.329	0.338	0.335	0.337	0.337	0.079	0.079	0.105	0.336	0.346	0.347	0.335	0.333	0.347	0.347	0.355	0.353	0.079	0.079	0.106	0.338	0.348	0.352	0.343	0.341	0.347	0.346	0.353	0.353	0.078	0.079	0.079	0.079	0.079	0.079	0.078	0.079	0.079	0.079	0.079	0.078	0.079
0:20:00	0.078	0.079	0.079	0.078	0.078	0.079	0.079	0.079	0.078	0.079	0.078	0.079	0.078	0.105	0.348	0.347	0.354	0.347	0.328	0.351	0.341	0.361	0.345	0.079	0.078	0.106	0.340	0.351	0.352	0.355	0.342	0.352	0.348	0.351	0.343	0.079	0.078	0.106	0.328	0.336	0.340	0.341	0.328	0.341	0.335	0.344	0.340	0.078	0.078	0.106	0.327	0.339	0.338	0.335	0.331	0.341	0.338	0.342	0.337	0.078	0.078	0.105	0.341	0.352	0.352	0.340	0.338	0.353	0.350	0.357	0.354	0.079	0.079	0.106	0.344	0.353	0.358	0.347	0.346	0.353	0.345	0.359	0.353	0.078	0.079	0.079	0.079	0.079	0.079	0.078	0.078	0.079	0.079	0.079	0.078	0.079
0:29:59	0.078	0.079	0.079	0.079	0.078	0.079	0.079	0.079	0.079	0.079	0.078	0.079	0.078	0.105	0.352	0.355	0.366	0.355	0.333	0.348	0.346	0.360	0.352	0.079	0.079	0.106	0.349	0.364	0.349	0.360	0.344	0.353	0.351	0.364	0.348	0.079	0.078	0.106	0.332	0.338	0.350	0.347	0.332	0.341	0.341	0.366	0.345	0.079	0.078	0.107	0.335	0.348	0.334	0.346	0.334	0.340	0.343	0.359	0.344	0.079	0.079	0.105	0.345	0.357	0.357	0.351	0.345	0.353	0.356	0.364	0.363	0.079	0.079	0.106	0.348	0.362	0.371	0.358	0.350	0.352	0.352	0.361	0.359	0.079	0.079	0.079	0.079	0.079	0.079	0.079	0.079	0.079	0.079	0.079	0.078	0.079
0:39:59	0.078	0.079	0.079	0.078	0.078	0.079	0.079	0.079	0.079	0.079	0.078	0.079	0.078	0.106	0.362	0.363	0.385	0.361	0.340	0.348	0.354	0.374	0.364	0.079	0.078	0.106	0.356	0.384	0.364	0.368	0.348	0.355	0.356	0.395	0.361	0.079	0.078	0.106	0.341	0.349	0.368	0.353	0.335	0.338	0.344	0.383	0.350	0.079	0.078	0.107	0.343	0.359	0.360	0.347	0.338	0.339	0.344	0.363	0.352	0.079	0.079	0.105	0.348	0.366	0.364	0.358	0.352	0.352	0.355	0.370	0.367	0.079	0.079	0.106	0.358	0.370	0.389	0.358	0.355	0.351	0.355	0.383	0.365	0.078	0.079	0.079	0.079	0.079	0.079	0.078	0.078	0.079	0.079	0.079	0.078	0.079
0:49:59	0.078	0.079	0.079	0.079	0.078	0.079	0.079	0.079	0.079	0.079	0.078	0.079	0.078	0.106	0.376	0.377	0.406	0.370	0.342	0.340	0.346	0.389	0.375	0.080	0.079	0.106	0.367	0.399	0.374	0.379	0.348	0.345	0.351	0.416	0.367	0.079	0.078	0.106	0.348	0.355	0.397	0.357	0.341	0.332	0.343	0.388	0.359	0.079	0.078	0.107	0.351	0.382	0.377	0.358	0.343	0.330	0.346	0.395	0.362	0.079	0.079	0.106	0.352	0.375	0.377	0.364	0.357	0.351	0.359	0.385	0.372	0.079	0.079	0.106	0.368	0.384	0.406	0.367	0.365	0.347	0.359	0.401	0.373	0.079	0.079	0.079	0.079	0.079	0.079	0.079	0.078	0.079	0.079	0.079	0.078	0.079
0:59:59	0.078	0.079	0.079	0.078	0.078	0.079	0.079	0.079	0.078	0.079	0.078	0.079	0.078	0.106	0.386	0.392	0.421	0.377	0.342	0.344	0.348	0.413	0.387	0.079	0.078	0.106	0.381	0.406	0.393	0.386	0.345	0.342	0.350	0.427	0.376	0.079	0.078	0.106	0.360	0.368	0.418	0.360	0.345	0.334	0.344	0.397	0.363	0.079	0.078	0.107	0.359	0.397	0.401	0.366	0.346	0.326	0.337	0.411	0.364	0.078	0.079	0.105	0.364	0.387	0.394	0.368	0.359	0.348	0.351	0.409	0.376	0.079	0.079	0.106	0.375	0.398	0.413	0.376	0.366	0.347	0.350	0.422	0.379	0.078	0.079	0.079	0.079	0.079	0.079	0.079	0.078	0.079	0.079	0.079	0.078	0.079
1:09:59	0.078	0.079	0.079	0.078	0.078	0.079	0.078	0.079	0.078	0.079	0.078	0.079	0.078	0.105	0.397	0.403	0.433	0.387	0.346	0.336	0.341	0.423	0.398	0.079	0.078	0.105	0.395	0.410	0.410	0.410	0.351	0.337	0.343	0.426	0.388	0.079	0.078	0.106	0.367	0.382	0.411	0.367	0.346	0.326	0.339	0.396	0.369	0.078	0.078	0.106	0.363	0.403	0.402	0.378	0.345	0.321	0.328	0.395	0.372	0.078	0.078	0.105	0.370	0.399	0.402	0.375	0.359	0.343	0.343	0.407	0.381	0.079	0.078	0.106	0.381	0.404	0.410	0.383	0.368	0.339	0.342	0.426	0.389	0.078	0.078	0.079	0.079	0.079	0.079	0.078	0.078	0.079	0.079	0.079	0.078	0.079
1:19:59	0.078	0.079	0.079	0.078	0.078	0.079	0.079	0.079	0.079	0.079	0.078	0.079	0.078	0.105	0.405	0.407	0.426	0.395	0.346	0.330	0.337	0.428	0.401	0.079	0.079	0.105	0.400	0.412	0.418	0.415	0.343	0.333	0.341	0.427	0.400	0.079	0.078	0.106	0.372	0.388	0.401	0.370	0.346	0.321	0.339	0.399	0.374	0.079	0.078	0.106	0.369	0.400	0.403	0.373	0.349	0.319	0.323	0.390	0.375	0.079	0.078	0.105	0.388	0.403	0.402	0.378	0.357	0.340	0.339	0.406	0.388	0.079	0.079	0.106	0.393	0.401	0.406	0.381	0.370	0.336	0.337	0.419	0.388	0.079	0.079	0.079	0.079	0.079	0.079	0.078	0.079	0.079	0.079	0.079	0.078	0.079
1:29:59	0.078	0.079	0.079	0.078	0.078	0.079	0.079	0.079	0.079	0.079	0.078	0.080	0.078	0.105	0.419	0.416	0.442	0.410	0.320	0.330	0.333	0.444	0.421	0.079	0.078	0.105	0.414	0.427	0.435	0.433	0.342	0.331	0.335	0.437	0.413	0.079	0.078	0.106	0.380	0.395	0.408	0.381	0.343	0.316	0.336	0.409	0.387	0.079	0.078	0.106	0.378	0.407	0.405	0.390	0.342	0.315	0.323	0.403	0.392	0.079	0.078	0.105	0.394	0.412	0.405	0.386	0.355	0.331	0.339	0.411	0.395	0.079	0.078	0.106	0.404	0.407	0.412	0.399	0.368	0.332	0.334	0.416	0.398	0.078	0.078	0.079	0.079	0.078	0.079	0.078	0.078	0.079	0.078	0.079	0.077	0.079
1:39:59	0.078	0.079	0.079	0.079	0.078	0.079	0.079	0.079	0.079	0.079	0.078	0.080	0.078	0.105	0.429	0.425	0.447	0.421	0.317	0.329	0.331	0.466	0.426	0.079	0.079	0.105	0.426	0.435	0.442	0.431	0.324	0.329	0.334	0.443	0.420	0.079	0.078	0.106	0.386	0.402	0.415	0.391	0.331	0.314	0.329	0.421	0.396	0.079	0.078	0.106	0.384	0.414	0.408	0.395	0.334	0.315	0.321	0.412	0.401	0.079	0.079	0.105	0.402	0.419	0.409	0.393	0.360	0.327	0.338	0.414	0.405	0.079	0.079	0.106	0.417	0.410	0.414	0.403	0.365	0.329	0.331	0.420	0.403	0.079	0.079	0.079	0.079	0.079	0.079	0.079	0.078	0.079	0.079	0.079	0.078	0.079
1:49:59	0.078	0.079	0.079	0.078	0.078	0.079	0.079	0.079	0.079	0.079	0.078	0.079	0.078	0.105	0.436	0.435	0.457	0.424	0.308	0.328	0.332	0.472	0.429	0.079	0.078	0.105	0.437	0.454	0.446	0.438	0.323	0.328	0.334	0.456	0.428	0.079	0.078	0.106	0.393	0.406	0.420	0.400	0.329	0.314	0.326	0.428	0.406	0.079	0.078	0.106	0.388	0.417	0.414	0.400	0.332	0.315	0.321	0.415	0.404	0.079	0.078	0.105	0.406	0.425	0.410	0.395	0.355	0.324	0.336	0.423	0.410	0.079	0.079	0.106	0.416	0.414	0.426	0.409	0.362	0.326	0.331	0.427	0.406	0.078	0.079	0.079	0.079	0.079	0.079	0.078	0.078	0.079	0.079	0.079	0.078	0.079
1:59:59	0.078	0.079	0.079	0.079	0.078	0.079	0.079	0.079	0.079	0.079	0.078	0.080	0.078	0.105	0.461	0.452	0.478	0.435	0.315	0.328	0.333	0.485	0.443	0.080	0.079	0.105	0.460	0.472	0.469	0.441	0.323	0.328	0.334	0.469	0.447	0.079	0.078	0.106	0.404	0.415	0.433	0.410	0.328	0.314	0.324	0.441	0.419	0.079	0.078	0.106	0.398	0.427	0.426	0.411	0.328	0.316	0.320	0.428	0.417	0.079	0.079	0.105	0.409	0.434	0.421	0.404	0.351	0.324	0.336	0.432	0.418	0.079	0.079	0.106	0.423	0.424	0.434	0.416	0.363	0.326	0.330	0.433	0.414	0.079	0.079	0.079	0.079	0.079	0.079	0.079	0.079	0.079	0.079	0.079	0.078	0.079
2:09:59	0.079	0.079	0.079	0.079	0.078	0.079	0.079	0.079	0.079	0.079	0.079	0.080	0.078	0.106	0.463	0.464	0.491	0.447	0.303	0.327	0.332	0.491	0.445	0.080	0.079	0.106	0.459	0.469	0.475	0.448	0.323	0.326	0.333	0.478	0.446	0.079	0.078	0.106	0.410	0.428	0.441	0.412	0.329	0.313	0.323	0.443	0.419	0.079	0.078	0.107	0.401	0.432	0.422	0.416	0.329	0.315	0.320	0.429	0.418	0.079	0.079	0.105	0.414	0.437	0.420	0.409	0.348	0.323	0.334	0.437	0.421	0.079	0.079	0.106	0.423	0.428	0.435	0.419	0.360	0.324	0.329	0.432	0.414	0.079	0.079	0.079	0.079	0.079	0.079	0.079	0.079	0.079	0.079	0.079	0.078	0.079
2:19:59	0.078	0.079	0.079	0.079	0.078	0.079	0.079	0.079	0.079	0.079	0.078	0.080	0.078	0.105	0.479	0.478	0.511	0.462	0.315	0.325	0.332	0.499	0.467	0.080	0.079	0.106	0.473	0.477	0.490	0.456	0.322	0.325	0.334	0.497	0.460	0.079	0.078	0.106	0.426	0.434	0.454	0.421	0.329	0.314	0.323	0.462	0.430	0.079	0.078	0.107	0.411	0.447	0.437	0.424	0.330	0.316	0.320	0.444	0.433	0.079	0.079	0.105	0.425	0.452	0.439	0.418	0.344	0.323	0.335	0.447	0.435	0.079	0.079	0.106	0.427	0.438	0.450	0.428	0.359	0.325	0.329	0.442	0.423	0.079	0.079	0.079	0.079	0.079	0.079	0.079	0.078	0.079	0.079	0.079	0.078	0.079
2:29:59	0.079	0.079	0.079	0.079	0.079	0.079	0.079	0.079	0.079	0.079	0.079	0.080	0.078	0.106	0.484	0.482	0.512	0.482	0.313	0.324	0.332	0.498	0.482	0.080	0.079	0.106	0.483	0.492	0.496	0.477	0.323	0.324	0.334	0.508	0.471	0.080	0.079	0.106	0.437	0.445	0.466	0.431	0.329	0.315	0.322	0.482	0.438	0.079	0.078	0.107	0.422	0.461	0.448	0.434	0.332	0.317	0.320	0.456	0.442	0.079	0.079	0.105	0.438	0.465	0.452	0.428	0.343	0.324	0.334	0.456	0.445	0.079	0.079	0.106	0.430	0.462	0.459	0.433	0.357	0.324	0.328	0.447	0.428	0.079	0.079	0.079	0.079	0.079	0.079	0.079	0.079	0.079	0.079	0.080	0.078	0.079
2:39:59	0.079	0.079	0.079	0.079	0.079	0.079	0.079	0.079	0.079	0.079	0.078	0.080	0.078	0.106	0.500	0.495	0.511	0.484	0.314	0.322	0.331	0.509	0.485	0.080	0.079	0.106	0.489	0.507	0.513	0.488	0.321	0.323	0.333	0.503	0.476	0.079	0.078	0.106	0.443	0.453	0.482	0.438	0.330	0.316	0.322	0.481	0.441	0.079	0.078	0.107	0.437	0.477	0.452	0.435	0.331	0.317	0.319	0.465	0.441	0.079	0.079	0.105	0.449	0.476	0.462	0.435	0.343	0.324	0.333	0.470	0.448	0.079	0.079	0.106	0.433	0.468	0.470	0.434	0.354	0.324	0.327	0.461	0.438	0.079	0.079	0.079	0.079	0.079	0.079	0.079	0.079	0.079	0.079	0.079	0.078	0.079
2:49:59	0.078	0.079	0.079	0.079	0.079	0.079	0.079	0.079	0.079	0.079	0.078	0.079	0.078	0.105	0.518	0.511	0.524	0.492	0.311	0.320	0.330	0.521	0.487	0.079	0.079	0.105	0.497	0.511	0.519	0.490	0.320	0.320	0.332	0.522	0.483	0.079	0.078	0.105	0.460	0.456	0.492	0.449	0.330	0.315	0.321	0.500	0.447	0.079	0.078	0.106	0.451	0.494	0.466	0.438	0.332	0.317	0.318	0.479	0.450	0.079	0.079	0.105	0.458	0.491	0.482	0.440	0.342	0.323	0.332	0.475	0.463	0.079	0.079	0.106	0.451	0.488	0.476	0.446	0.352	0.324	0.326	0.469	0.438	0.079	0.079	0.079	0.079	0.079	0.079	0.079	0.079	0.079	0.079	0.079	0.078	0.079
2:59:59	0.079	0.079	0.079	0.079	0.079	0.079	0.079	0.079	0.079	0.079	0.079	0.080	0.078	0.105	0.530	0.523	0.533	0.500	0.309	0.319	0.329	0.530	0.494	0.080	0.079	0.105	0.507	0.524	0.531	0.495	0.320	0.318	0.331	0.527	0.490	0.079	0.078	0.106	0.468	0.464	0.498	0.461	0.331	0.314	0.321	0.498	0.453	0.079	0.078	0.106	0.466	0.488	0.469	0.444	0.333	0.316	0.319	0.490	0.457	0.079	0.079	0.105	0.462	0.482	0.489	0.451	0.343	0.323	0.331	0.477	0.473	0.079	0.079	0.106	0.465	0.492	0.497	0.454	0.351	0.324	0.326	0.475	0.448	0.079	0.078	0.079	0.079	0.079	0.079	0.079	0.079	0.079	0.079	0.079	0.078	0.079
3:09:59	0.078	0.078	0.079	0.078	0.078	0.079	0.079	0.079	0.078	0.079	0.078	0.080	0.078	0.105	0.531	0.526	0.548	0.504	0.312	0.318	0.329	0.540	0.502	0.079	0.078	0.105	0.512	0.533	0.537	0.510	0.321	0.317	0.331	0.541	0.495	0.079	0.078	0.105	0.472	0.473	0.501	0.468	0.332	0.314	0.322	0.511	0.467	0.079	0.078	0.106	0.468	0.505	0.471	0.455	0.334	0.317	0.320	0.500	0.464	0.078	0.078	0.105	0.474	0.493	0.500	0.456	0.343	0.323	0.332	0.499	0.471	0.079	0.079	0.106	0.469	0.498	0.505	0.456	0.353	0.324	0.326	0.490	0.453	0.078	0.078	0.079	0.079	0.079	0.079	0.078	0.078	0.079	0.079	0.079	0.078	0.079
3:19:59	0.079	0.079	0.079	0.079	0.079	0.079	0.079	0.079	0.079	0.079	0.079	0.080	0.078	0.105	0.539	0.535	0.554	0.508	0.311	0.318	0.329	0.545	0.508	0.080	0.079	0.105	0.522	0.540	0.541	0.514	0.319	0.316	0.330	0.543	0.503	0.079	0.078	0.105	0.484	0.493	0.512	0.472	0.332	0.314	0.322	0.520	0.474	0.079	0.078	0.106	0.486	0.504	0.482	0.459	0.334	0.317	0.320	0.514	0.480	0.079	0.079	0.105	0.479	0.507	0.511	0.466	0.344	0.324	0.333	0.505	0.469	0.079	0.079	0.106	0.485	0.509	0.509	0.468	0.352	0.324	0.326	0.502	0.460	0.079	0.078	0.079	0.079	0.079	0.079	0.079	0.079	0.079	0.079	0.079	0.078	0.079
3:29:59	0.079	0.079	0.079	0.079	0.079	0.079	0.079	0.079	0.079	0.079	0.078	0.080	0.078	0.105	0.543	0.540	0.563	0.517	0.312	0.317	0.329	0.554	0.507	0.080	0.079	0.105	0.533	0.544	0.548	0.523	0.319	0.316	0.330	0.551	0.511	0.079	0.078	0.106	0.491	0.497	0.517	0.482	0.332	0.315	0.323	0.527	0.490	0.079	0.078	0.106	0.488	0.516	0.490	0.464	0.333	0.318	0.321	0.526	0.482	0.079	0.079	0.105	0.484	0.523	0.509	0.474	0.344	0.324	0.333	0.503	0.486	0.079	0.079	0.106	0.493	0.511	0.513	0.471	0.352	0.324	0.326	0.513	0.465	0.079	0.079	0.079	0.079	0.079	0.079	0.079	0.079	0.079	0.079	0.079	0.078	0.079
3:39:59	0.079	0.079	0.079	0.079	0.079	0.080	0.079	0.079	0.079	0.079	0.079	0.080	0.078	0.105	0.552	0.545	0.571	0.522	0.313	0.316	0.329	0.558	0.524	0.080	0.079	0.105	0.546	0.561	0.553	0.518	0.319	0.315	0.329	0.558	0.515	0.079	0.079	0.106	0.504	0.506	0.527	0.490	0.332	0.315	0.324	0.538	0.495	0.079	0.078	0.106	0.500	0.525	0.508	0.466	0.334	0.318	0.322	0.534	0.492	0.079	0.079	0.105	0.493	0.536	0.516	0.476	0.345	0.325	0.334	0.524	0.493	0.079	0.079	0.106	0.502	0.536	0.531	0.483	0.353	0.325	0.327	0.524	0.479	0.079	0.079	0.079	0.079	0.079	0.079	0.079	0.079	0.079	0.079	0.080	0.078	0.079
3:49:59	0.078	0.079	0.079	0.079	0.079	0.079	0.079	0.079	0.079	0.079	0.079	0.079	0.078	0.105	0.561	0.551	0.572	0.528	0.312	0.315	0.329	0.561	0.527	0.080	0.079	0.105	0.551	0.564	0.557	0.525	0.318	0.314	0.329	0.561	0.517	0.080	0.079	0.106	0.520	0.514	0.537	0.494	0.332	0.315	0.324	0.543	0.499	0.079	0.078	0.106	0.514	0.530	0.517	0.473	0.334	0.318	0.323	0.537	0.491	0.079	0.079	0.105	0.508	0.543	0.514	0.483	0.344	0.325	0.334	0.527	0.492	0.079	0.079	0.106	0.517	0.536	0.527	0.491	0.353	0.324	0.327	0.534	0.484	0.079	0.079	0.079	0.079	0.079	0.079	0.079	0.079	0.079	0.079	0.079	0.078	0.079
4:00:00	0.078	0.079	0.079	0.079	0.079	0.080	0.079	0.079	0.079	0.079	0.079	0.079	0.079	0.106	0.575	0.561	0.582	0.536	0.312	0.315	0.329	0.572	0.536	0.080	0.079	0.106	0.555	0.577	0.560	0.530	0.318	0.314	0.329	0.571	0.527	0.080	0.079	0.106	0.529	0.521	0.553	0.496	0.332	0.315	0.325	0.557	0.506	0.079	0.079	0.107	0.530	0.546	0.520	0.475	0.334	0.319	0.324	0.540	0.509	0.079	0.079	0.105	0.524	0.550	0.530	0.487	0.344	0.325	0.335	0.544	0.502	0.079	0.079	0.106	0.527	0.543	0.540	0.496	0.352	0.325	0.327	0.544	0.492	0.079	0.079	0.079	0.079	0.079	0.079	0.079	0.079	0.080	0.079	0.080	0.078	0.080
4:09:59	0.078	0.079	0.079	0.079	0.079	0.080	0.079	0.079	0.079	0.079	0.079	0.079	0.078	0.105	0.592	0.565	0.592	0.540	0.310	0.314	0.328	0.576	0.540	0.080	0.079	0.106	0.577	0.587	0.571	0.534	0.317	0.313	0.328	0.583	0.533	0.080	0.079	0.106	0.536	0.537	0.555	0.500	0.331	0.315	0.325	0.566	0.513	0.079	0.078	0.107	0.544	0.555	0.532	0.489	0.334	0.319	0.325	0.553	0.511	0.079	0.079	0.105	0.536	0.551	0.535	0.490	0.344	0.325	0.336	0.553	0.512	0.079	0.079	0.106	0.536	0.545	0.550	0.496	0.351	0.326	0.327	0.550	0.500	0.079	0.079	0.079	0.079	0.079	0.079	0.079	0.079	0.079	0.079	0.080	0.078	0.079
4:20:00	0.078	0.079	0.079	0.079	0.078	0.079	0.079	0.079	0.079	0.079	0.078	0.079	0.078	0.105	0.597	0.574	0.589	0.547	0.308	0.313	0.328	0.581	0.545	0.079	0.079	0.105	0.578	0.587	0.573	0.538	0.316	0.312	0.328	0.588	0.538	0.079	0.078	0.105	0.546	0.546	0.554	0.505	0.331	0.315	0.325	0.570	0.518	0.079	0.078	0.106	0.551	0.554	0.535	0.493	0.333	0.318	0.325	0.550	0.521	0.079	0.079	0.105	0.535	0.562	0.543	0.497	0.343	0.325	0.336	0.554	0.519	0.079	0.079	0.106	0.538	0.553	0.554	0.500	0.351	0.325	0.327	0.550	0.504	0.079	0.078	0.079	0.079	0.079	0.079	0.079	0.079	0.079	0.079	0.079	0.078	0.079
4:30:00	0.078	0.079	0.079	0.079	0.079	0.080	0.079	0.079	0.079	0.079	0.079	0.079	0.079	0.105	0.600	0.584	0.602	0.553	0.308	0.312	0.328	0.588	0.550	0.080	0.079	0.105	0.584	0.605	0.583	0.543	0.316	0.311	0.327	0.600	0.550	0.080	0.079	0.106	0.559	0.556	0.559	0.511	0.331	0.315	0.326	0.584	0.523	0.079	0.078	0.106	0.566	0.569	0.551	0.506	0.334	0.318	0.326	0.563	0.523	0.079	0.079	0.105	0.557	0.568	0.559	0.504	0.342	0.325	0.337	0.567	0.528	0.079	0.079	0.106	0.551	0.564	0.574	0.507	0.350	0.325	0.328	0.557	0.516	0.079	0.079	0.079	0.079	0.079	0.079	0.079	0.079	0.079	0.079	0.080	0.078	0.080
4:40:00	0.078	0.079	0.079	0.079	0.079	0.080	0.079	0.079	0.079	0.079	0.079	0.079	0.078	0.105	0.611	0.589	0.611	0.558	0.308	0.312	0.327	0.599	0.557	0.080	0.079	0.105	0.591	0.603	0.589	0.547	0.315	0.311	0.327	0.603	0.554	0.080	0.078	0.106	0.561	0.560	0.564	0.517	0.331	0.314	0.326	0.589	0.535	0.079	0.078	0.106	0.581	0.575	0.553	0.510	0.334	0.318	0.327	0.577	0.528	0.079	0.079	0.104	0.566	0.572	0.556	0.511	0.342	0.325	0.337	0.569	0.531	0.079	0.079	0.105	0.566	0.573	0.575	0.514	0.351	0.325	0.328	0.562	0.517	0.079	0.078	0.079	0.079	0.079	0.079	0.078	0.078	0.079	0.079	0.079	0.078	0.079
4:50:00	0.078	0.079	0.079	0.079	0.079	0.079	0.079	0.079	0.079	0.079	0.079	0.079	0.078	0.105	0.612	0.604	0.612	0.567	0.306	0.311	0.326	0.605	0.562	0.080	0.079	0.105	0.596	0.606	0.594	0.554	0.314	0.310	0.326	0.608	0.555	0.079	0.078	0.105	0.568	0.571	0.567	0.520	0.330	0.314	0.326	0.596	0.537	0.079	0.078	0.106	0.582	0.578	0.556	0.515	0.333	0.317	0.326	0.575	0.538	0.079	0.079	0.105	0.566	0.578	0.566	0.518	0.342	0.324	0.338	0.577	0.538	0.079	0.079	0.106	0.564	0.580	0.577	0.521	0.351	0.325	0.328	0.570	0.523	0.079	0.078	0.079	0.079	0.079	0.079	0.079	0.079	0.079	0.079	0.079	0.078	0.079
5:00:00	0.078	0.079	0.079	0.079	0.079	0.080	0.079	0.079	0.079	0.079	0.079	0.079	0.078	0.105	0.624	0.612	0.618	0.572	0.305	0.311	0.326	0.610	0.569	0.080	0.079	0.105	0.603	0.618	0.598	0.560	0.313	0.309	0.326	0.616	0.562	0.080	0.079	0.105	0.577	0.586	0.580	0.525	0.330	0.313	0.326	0.602	0.544	0.079	0.078	0.106	0.589	0.586	0.566	0.521	0.332	0.317	0.326	0.577	0.549	0.079	0.079	0.105	0.577	0.586	0.573	0.522	0.340	0.324	0.338	0.582	0.540	0.079	0.079	0.105	0.580	0.589	0.586	0.524	0.350	0.325	0.328	0.577	0.527	0.079	0.078	0.079	0.079	0.079	0.079	0.079	0.079	0.079	0.079	0.080	0.078	0.079
5:10:00	0.078	0.079	0.079	0.079	0.079	0.080	0.079	0.079	0.079	0.079	0.079	0.079	0.079	0.105	0.637	0.620	0.622	0.577	0.305	0.310	0.326	0.618	0.575	0.080	0.079	0.105	0.611	0.624	0.609	0.569	0.313	0.309	0.326	0.622	0.570	0.080	0.079	0.106	0.583	0.596	0.585	0.531	0.330	0.312	0.326	0.610	0.548	0.079	0.078	0.106	0.598	0.594	0.572	0.532	0.331	0.317	0.327	0.588	0.557	0.079	0.079	0.105	0.585	0.592	0.582	0.532	0.339	0.323	0.338	0.595	0.546	0.079	0.079	0.106	0.599	0.603	0.597	0.535	0.351	0.325	0.328	0.584	0.532	0.079	0.079	0.079	0.079	0.079	0.079	0.079	0.079	0.079	0.079	0.080	0.078	0.080
5:20:00	0.078	0.079	0.079	0.079	0.079	0.080	0.079	0.080	0.079	0.079	0.079	0.079	0.079	0.105	0.641	0.628	0.629	0.584	0.304	0.309	0.325	0.625	0.582	0.080	0.079	0.105	0.618	0.627	0.613	0.575	0.311	0.308	0.325	0.626	0.577	0.080	0.079	0.106	0.590	0.602	0.594	0.534	0.329	0.311	0.326	0.613	0.559	0.079	0.079	0.106	0.606	0.601	0.575	0.538	0.330	0.316	0.327	0.592	0.557	0.079	0.079	0.105	0.592	0.599	0.587	0.539	0.338	0.323	0.338	0.601	0.552	0.079	0.079	0.106	0.599	0.612	0.606	0.542	0.352	0.325	0.328	0.585	0.537	0.079	0.079	0.079	0.079	0.079	0.079	0.079	0.079	0.079	0.079	0.080	0.079	0.080
5:30:00	0.078	0.079	0.080	0.079	0.079	0.080	0.079	0.080	0.079	0.080	0.079	0.079	0.079	0.105	0.649	0.634	0.641	0.593	0.302	0.309	0.325	0.633	0.586	0.080	0.079	0.105	0.634	0.633	0.620	0.580	0.310	0.307	0.325	0.631	0.583	0.080	0.079	0.106	0.598	0.614	0.600	0.538	0.328	0.311	0.325	0.617	0.555	0.079	0.079	0.107	0.616	0.605	0.578	0.541	0.330	0.316	0.326	0.610	0.561	0.079	0.079	0.105	0.598	0.608	0.594	0.541	0.337	0.322	0.338	0.604	0.558	0.079	0.079	0.106	0.605	0.622	0.610	0.546	0.353	0.324	0.328	0.592	0.543	0.079	0.079	0.079	0.079	0.079	0.080	0.079	0.079	0.080	0.079	0.080	0.079	0.079
5:40:00	0.078	0.079	0.080	0.079	0.079	0.080	0.079	0.080	0.079	0.080	0.079	0.079	0.079	0.105	0.658	0.643	0.651	0.600	0.302	0.307	0.325	0.643	0.592	0.080	0.079	0.105	0.637	0.646	0.627	0.590	0.309	0.307	0.324	0.638	0.589	0.080	0.079	0.106	0.609	0.622	0.610	0.544	0.327	0.310	0.324	0.624	0.569	0.079	0.079	0.106	0.626	0.613	0.582	0.549	0.329	0.316	0.326	0.616	0.566	0.079	0.079	0.105	0.601	0.613	0.597	0.547	0.337	0.322	0.337	0.613	0.566	0.079	0.079	0.106	0.613	0.624	0.618	0.552	0.353	0.324	0.327	0.599	0.552	0.079	0.079	0.079	0.079	0.079	0.080	0.079	0.079	0.079	0.079	0.080	0.078	0.079
5:50:00	0.078	0.079	0.080	0.079	0.079	0.080	0.080	0.080	0.079	0.080	0.079	0.079	0.079	0.105	0.671	0.649	0.656	0.608	0.301	0.307	0.324	0.646	0.593	0.080	0.079	0.105	0.642	0.655	0.633	0.594	0.308	0.306	0.323	0.640	0.593	0.080	0.079	0.106	0.623	0.627	0.615	0.547	0.326	0.310	0.324	0.630	0.569	0.079	0.079	0.106	0.631	0.621	0.587	0.555	0.328	0.315	0.326	0.626	0.572	0.079	0.079	0.105	0.618	0.623	0.604	0.551	0.336	0.321	0.337	0.617	0.573	0.079	0.079	0.106	0.616	0.630	0.622	0.559	0.354	0.324	0.327	0.608	0.559	0.079	0.079	0.079	0.079	0.079	0.080	0.079	0.079	0.080	0.079	0.080	0.079	0.079
6:00:00	0.078	0.079	0.079	0.079	0.079	0.080	0.079	0.080	0.079	0.080	0.079	0.079	0.079	0.105	0.678	0.660	0.666	0.611	0.300	0.305	0.324	0.654	0.599	0.080	0.079	0.105	0.653	0.661	0.638	0.598	0.308	0.305	0.323	0.649	0.603	0.080	0.079	0.106	0.636	0.630	0.622	0.553	0.326	0.309	0.323	0.636	0.577	0.079	0.079	0.107	0.640	0.624	0.595	0.564	0.327	0.315	0.326	0.636	0.584	0.079	0.079	0.105	0.626	0.631	0.616	0.557	0.335	0.321	0.336	0.625	0.578	0.079	0.079	0.106	0.629	0.642	0.625	0.565	0.354	0.324	0.327	0.614	0.569	0.079	0.079	0.079	0.079	0.079	0.080	0.079	0.079	0.080	0.079	0.080	0.079	0.079
6:10:00	0.078	0.079	0.079	0.079	0.079	0.080	0.079	0.079	0.079	0.080	0.079	0.079	0.079	0.105	0.687	0.670	0.672	0.619	0.299	0.304	0.323	0.661	0.607	0.080	0.079	0.105	0.661	0.664	0.647	0.603	0.308	0.304	0.322	0.651	0.608	0.080	0.079	0.106	0.640	0.639	0.629	0.560	0.325	0.308	0.322	0.643	0.585	0.079	0.079	0.106	0.644	0.632	0.601	0.569	0.326	0.314	0.325	0.643	0.591	0.079	0.079	0.105	0.632	0.633	0.619	0.565	0.335	0.320	0.336	0.632	0.584	0.079	0.079	0.106	0.631	0.645	0.634	0.575	0.352	0.323	0.326	0.620	0.573	0.079	0.079	0.079	0.079	0.079	0.079	0.079	0.079	0.080	0.079	0.080	0.079	0.079
6:20:00	0.078	0.079	0.079	0.079	0.079	0.080	0.079	0.080	0.079	0.080	0.079	0.079	0.079	0.105	0.692	0.678	0.674	0.620	0.298	0.303	0.322	0.666	0.611	0.080	0.079	0.105	0.666	0.666	0.652	0.606	0.307	0.303	0.321	0.657	0.612	0.080	0.079	0.105	0.641	0.642	0.633	0.566	0.324	0.308	0.321	0.650	0.592	0.079	0.079	0.106	0.651	0.642	0.606	0.575	0.325	0.313	0.324	0.652	0.599	0.079	0.079	0.105	0.635	0.644	0.627	0.572	0.334	0.319	0.335	0.638	0.590	0.079	0.079	0.106	0.642	0.661	0.640	0.577	0.351	0.322	0.325	0.634	0.581	0.079	0.079	0.079	0.079	0.079	0.079	0.079	0.079	0.080	0.079	0.080	0.079	0.079
6:30:00	0.078	0.079	0.080	0.079	0.079	0.080	0.080	0.080	0.079	0.080	0.079	0.079	0.079	0.105	0.696	0.683	0.679	0.626	0.298	0.302	0.322	0.674	0.617	0.080	0.079	0.105	0.674	0.670	0.660	0.611	0.306	0.303	0.320	0.667	0.615	0.080	0.079	0.106	0.648	0.648	0.637	0.571	0.324	0.307	0.321	0.654	0.596	0.079	0.079	0.106	0.655	0.649	0.613	0.577	0.325	0.312	0.324	0.656	0.611	0.079	0.079	0.104	0.643	0.650	0.630	0.578	0.334	0.319	0.334	0.651	0.597	0.079	0.079	0.105	0.648	0.661	0.647	0.582	0.350	0.322	0.325	0.641	0.586	0.079	0.079	0.079	0.079	0.079	0.079	0.079	0.079	0.079	0.079	0.080	0.078	0.079
6:40:00	0.078	0.078	0.079	0.079	0.079	0.080	0.079	0.079	0.079	0.079	0.079	0.079	0.078	0.105	0.703	0.688	0.685	0.627	0.297	0.302	0.320	0.682	0.622	0.080	0.079	0.105	0.681	0.678	0.667	0.617	0.305	0.302	0.319	0.675	0.619	0.080	0.079	0.105	0.649	0.657	0.642	0.577	0.323	0.306	0.320	0.664	0.606	0.079	0.078	0.106	0.665	0.654	0.620	0.584	0.323	0.311	0.322	0.666	0.611	0.079	0.079	0.105	0.654	0.652	0.635	0.585	0.333	0.318	0.334	0.656	0.606	0.079	0.079	0.105	0.656	0.669	0.653	0.590	0.349	0.321	0.324	0.649	0.592	0.079	0.079	0.079	0.079	0.079	0.079	0.079	0.079	0.079	0.079	0.080	0.078	0.079
6:50:00	0.078	0.079	0.080	0.079	0.079	0.080	0.079	0.080	0.079	0.080	0.079	0.079	0.079	0.105	0.713	0.696	0.692	0.633	0.296	0.301	0.320	0.688	0.631	0.080	0.079	0.105	0.689	0.687	0.674	0.623	0.305	0.301	0.319	0.682	0.624	0.080	0.079	0.105	0.655	0.665	0.645	0.579	0.322	0.305	0.319	0.671	0.604	0.079	0.079	0.106	0.672	0.653	0.628	0.588	0.323	0.310	0.322	0.673	0.613	0.079	0.079	0.104	0.660	0.662	0.640	0.590	0.333	0.317	0.334	0.658	0.616	0.079	0.079	0.105	0.668	0.673	0.657	0.591	0.349	0.321	0.323	0.656	0.596	0.079	0.079	0.079	0.079	0.079	0.080	0.079	0.079	0.080	0.079	0.080	0.079	0.079
7:00:00	0.078	0.079	0.080	0.079	0.079	0.080	0.079	0.080	0.079	0.080	0.079	0.079	0.079	0.105	0.725	0.705	0.699	0.638	0.296	0.301	0.319	0.694	0.635	0.080	0.079	0.105	0.698	0.696	0.683	0.627	0.304	0.301	0.318	0.689	0.631	0.080	0.079	0.105	0.663	0.672	0.655	0.584	0.322	0.305	0.319	0.683	0.614	0.079	0.079	0.106	0.683	0.667	0.635	0.590	0.323	0.310	0.321	0.677	0.622	0.079	0.079	0.105	0.666	0.668	0.648	0.596	0.332	0.317	0.333	0.665	0.618	0.079	0.079	0.106	0.672	0.683	0.662	0.599	0.349	0.320	0.323	0.661	0.602	0.079	0.078	0.079	0.079	0.079	0.079	0.079	0.079	0.080	0.079	0.080	0.078	0.079
7:10:00	0.078	0.079	0.080	0.080	0.079	0.080	0.080	0.080	0.079	0.080	0.079	0.079	0.079	0.105	0.730	0.712	0.701	0.641	0.295	0.300	0.319	0.697	0.637	0.080	0.080	0.105	0.703	0.699	0.688	0.634	0.303	0.300	0.317	0.695	0.639	0.080	0.079	0.105	0.667	0.676	0.664	0.589	0.322	0.304	0.319	0.690	0.615	0.079	0.079	0.106	0.690	0.670	0.638	0.591	0.322	0.310	0.321	0.677	0.627	0.079	0.079	0.105	0.671	0.672	0.654	0.599	0.332	0.316	0.333	0.674	0.621	0.080	0.079	0.106	0.678	0.688	0.674	0.601	0.348	0.320	0.322	0.672	0.605	0.079	0.078	0.079	0.079	0.080	0.080	0.079	0.079	0.080	0.079	0.080	0.079	0.079
7:20:00	0.078	0.079	0.080	0.080	0.079	0.080	0.080	0.080	0.080	0.080	0.079	0.079	0.079	0.105	0.732	0.723	0.709	0.648	0.295	0.299	0.318	0.705	0.643	0.080	0.080	0.105	0.714	0.704	0.693	0.640	0.303	0.299	0.317	0.700	0.644	0.080	0.079	0.106	0.676	0.682	0.670	0.593	0.321	0.303	0.318	0.695	0.621	0.079	0.079	0.106	0.699	0.675	0.645	0.598	0.322	0.309	0.320	0.684	0.633	0.079	0.079	0.105	0.677	0.680	0.658	0.603	0.331	0.315	0.332	0.681	0.619	0.079	0.079	0.106	0.688	0.691	0.682	0.608	0.347	0.319	0.321	0.678	0.610	0.079	0.079	0.079	0.079	0.079	0.080	0.079	0.079	0.080	0.079	0.080	0.078	0.079
7:30:00	0.078	0.079	0.080	0.080	0.079	0.080	0.080	0.080	0.080	0.080	0.079	0.079	0.079	0.105	0.740	0.728	0.716	0.652	0.294	0.298	0.317	0.710	0.649	0.080	0.080	0.105	0.722	0.711	0.699	0.648	0.302	0.299	0.316	0.702	0.650	0.080	0.079	0.106	0.683	0.690	0.677	0.601	0.321	0.303	0.317	0.696	0.633	0.079	0.079	0.106	0.706	0.684	0.650	0.604	0.321	0.308	0.319	0.693	0.645	0.079	0.079	0.105	0.683	0.690	0.663	0.607	0.331	0.315	0.331	0.689	0.631	0.079	0.079	0.106	0.689	0.696	0.688	0.615	0.347	0.318	0.321	0.683	0.616	0.079	0.078	0.079	0.079	0.079	0.080	0.079	0.079	0.080	0.079	0.080	0.078	0.078
7:40:00	0.078	0.079	0.080	0.080	0.079	0.080	0.080	0.080	0.080	0.080	0.079	0.080	0.079	0.105	0.747	0.732	0.721	0.656	0.293	0.297	0.317	0.715	0.655	0.080	0.080	0.105	0.728	0.714	0.705	0.651	0.302	0.298	0.315	0.709	0.655	0.080	0.079	0.106	0.691	0.698	0.686	0.608	0.320	0.302	0.316	0.701	0.640	0.080	0.078	0.107	0.712	0.692	0.659	0.608	0.321	0.307	0.319	0.695	0.650	0.079	0.080	0.105	0.690	0.696	0.674	0.612	0.331	0.315	0.331	0.695	0.633	0.080	0.080	0.106	0.700	0.706	0.694	0.622	0.347	0.318	0.320	0.692	0.622	0.079	0.079	0.079	0.079	0.080	0.080	0.079	0.079	0.080	0.079	0.080	0.078	0.079
7:50:00	0.078	0.079	0.080	0.080	0.079	0.080	0.080	0.080	0.080	0.080	0.079	0.080	0.079	0.105	0.757	0.737	0.725	0.659	0.292	0.297	0.316	0.724	0.659	0.080	0.080	0.105	0.732	0.723	0.714	0.653	0.301	0.297	0.315	0.716	0.659	0.080	0.078	0.106	0.696	0.705	0.691	0.613	0.320	0.301	0.316	0.705	0.642	0.079	0.078	0.106	0.716	0.700	0.660	0.613	0.320	0.307	0.318	0.703	0.650	0.079	0.080	0.105	0.696	0.700	0.679	0.615	0.330	0.314	0.330	0.700	0.641	0.080	0.080	0.106	0.702	0.711	0.698	0.622	0.346	0.317	0.319	0.694	0.626	0.079	0.079	0.079	0.079	0.080	0.080	0.079	0.079	0.080	0.079	0.080	0.078	0.079
8:00:00	0.078	0.079	0.080	0.080	0.079	0.080	0.080	0.080	0.079	0.080	0.079	0.079	0.079	0.105	0.762	0.743	0.729	0.663	0.292	0.295	0.315	0.730	0.664	0.080	0.080	0.105	0.740	0.733	0.718	0.656	0.300	0.296	0.313	0.724	0.666	0.080	0.078	0.105	0.703	0.711	0.696	0.619	0.319	0.300	0.314	0.712	0.643	0.079	0.078	0.106	0.724	0.706	0.667	0.621	0.319	0.306	0.317	0.708	0.655	0.079	0.079	0.105	0.703	0.711	0.685	0.620	0.329	0.313	0.329	0.707	0.649	0.080	0.079	0.105	0.706	0.715	0.700	0.629	0.344	0.317	0.318	0.699	0.634	0.079	0.079	0.079	0.079	0.080	0.080	0.079	0.079	0.080	0.079	0.080	0.079	0.079
8:10:00	0.078	0.079	0.080	0.080	0.079	0.080	0.080	0.080	0.080	0.080	0.079	0.080	0.079	0.105	0.767	0.749	0.736	0.669	0.291	0.294	0.314	0.737	0.671	0.080	0.079	0.105	0.747	0.743	0.723	0.662	0.300	0.295	0.313	0.731	0.671	0.080	0.079	0.105	0.709	0.716	0.700	0.622	0.319	0.300	0.314	0.717	0.645	0.080	0.078	0.106	0.728	0.709	0.675	0.626	0.318	0.305	0.316	0.716	0.661	0.079	0.080	0.105	0.711	0.717	0.691	0.623	0.328	0.312	0.329	0.711	0.645	0.080	0.080	0.106	0.714	0.723	0.708	0.630	0.344	0.316	0.317	0.706	0.643	0.079	0.079	0.080	0.080	0.080	0.080	0.079	0.079	0.080	0.080	0.080	0.078	0.079
8:20:00	0.078	0.079	0.079	0.079	0.079	0.080	0.079	0.080	0.079	0.080	0.079	0.080	0.079	0.105	0.771	0.759	0.743	0.672	0.290	0.294	0.314	0.742	0.677	0.080	0.078	0.105	0.752	0.746	0.728	0.665	0.299	0.294	0.312	0.736	0.674	0.080	0.078	0.105	0.716	0.724	0.703	0.626	0.318	0.299	0.313	0.722	0.649	0.079	0.078	0.106	0.737	0.715	0.682	0.625	0.318	0.304	0.316	0.721	0.666	0.079	0.079	0.104	0.718	0.722	0.693	0.632	0.327	0.311	0.328	0.713	0.648	0.079	0.079	0.105	0.728	0.729	0.714	0.637	0.343	0.315	0.316	0.714	0.646	0.079	0.078	0.079	0.079	0.079	0.080	0.079	0.078	0.079	0.079	0.079	0.078	0.078
8:30:00	0.079	0.079	0.080	0.080	0.079	0.080	0.080	0.080	0.080	0.080	0.079	0.080	0.079	0.105	0.777	0.768	0.749	0.675	0.289	0.293	0.313	0.747	0.681	0.080	0.079	0.105	0.756	0.744	0.733	0.668	0.298	0.294	0.311	0.740	0.680	0.080	0.078	0.105	0.723	0.730	0.705	0.630	0.317	0.298	0.312	0.731	0.656	0.079	0.078	0.106	0.741	0.722	0.684	0.622	0.317	0.304	0.315	0.731	0.666	0.079	0.080	0.105	0.724	0.731	0.696	0.634	0.326	0.311	0.327	0.717	0.652	0.080	0.079	0.105	0.731	0.741	0.720	0.641	0.342	0.314	0.316	0.718	0.648	0.079	0.079	0.079	0.079	0.080	0.080	0.079	0.079	0.080	0.079	0.080	0.078	0.079
8:40:00	0.078	0.079	0.080	0.080	0.079	0.080	0.080	0.080	0.080	0.080	0.079	0.080	0.079	0.105	0.787	0.769	0.755	0.678	0.288	0.293	0.312	0.757	0.689	0.080	0.079	0.105	0.763	0.751	0.740	0.672	0.297	0.294	0.310	0.746	0.687	0.080	0.078	0.105	0.727	0.739	0.714	0.636	0.317	0.298	0.311	0.737	0.660	0.079	0.078	0.106	0.749	0.731	0.694	0.632	0.317	0.303	0.314	0.735	0.670	0.079	0.079	0.105	0.729	0.738	0.707	0.642	0.326	0.310	0.327	0.725	0.658	0.080	0.079	0.105	0.743	0.744	0.725	0.646	0.341	0.314	0.315	0.723	0.653	0.079	0.078	0.079	0.079	0.080	0.080	0.079	0.079	0.080	0.079	0.080	0.078	0.079
8:50:00	0.078	0.079	0.080	0.080	0.080	0.080	0.080	0.080	0.080	0.080	0.079	0.080	0.079	0.105	0.793	0.780	0.763	0.684	0.287	0.293	0.312	0.762	0.697	0.080	0.079	0.105	0.770	0.760	0.748	0.673	0.297	0.293	0.310	0.751	0.693	0.080	0.078	0.105	0.730	0.743	0.717	0.639	0.317	0.297	0.311	0.742	0.670	0.079	0.078	0.106	0.756	0.738	0.701	0.641	0.316	0.303	0.314	0.738	0.679	0.079	0.080	0.105	0.735	0.742	0.712	0.644	0.325	0.309	0.326	0.734	0.660	0.080	0.080	0.106	0.749	0.745	0.729	0.651	0.341	0.314	0.314	0.732	0.655	0.079	0.079	0.079	0.080	0.080	0.080	0.079	0.079	0.080	0.079	0.080	0.078	0.079
9:00:00	0.078	0.079	0.080	0.080	0.080	0.081	0.080	0.079	0.080	0.080	0.080	0.080	0.079	0.105	0.799	0.788	0.765	0.687	0.286	0.292	0.311	0.767	0.703	0.080	0.079	0.105	0.777	0.765	0.755	0.677	0.297	0.293	0.309	0.758	0.700	0.080	0.078	0.105	0.737	0.748	0.725	0.642	0.316	0.296	0.310	0.747	0.672	0.080	0.078	0.106	0.761	0.742	0.708	0.645	0.316	0.302	0.313	0.741	0.678	0.080	0.080	0.105	0.742	0.742	0.721	0.647	0.324	0.309	0.325	0.743	0.665	0.080	0.080	0.106	0.756	0.753	0.734	0.654	0.340	0.313	0.313	0.746	0.662	0.080	0.079	0.080	0.080	0.080	0.080	0.080	0.079	0.080	0.080	0.080	0.078	0.079
9:10:00	0.078	0.079	0.080	0.080	0.079	0.080	0.080	0.079	0.080	0.080	0.079	0.080	0.079	0.105	0.806	0.795	0.770	0.691	0.284	0.292	0.310	0.776	0.708	0.080	0.079	0.105	0.787	0.769	0.758	0.680	0.296	0.292	0.308	0.762	0.702	0.080	0.078	0.105	0.743	0.758	0.733	0.647	0.315	0.296	0.309	0.753	0.671	0.079	0.078	0.106	0.767	0.743	0.713	0.649	0.315	0.301	0.312	0.748	0.677	0.079	0.080	0.105	0.746	0.744	0.725	0.652	0.323	0.307	0.325	0.747	0.668	0.080	0.080	0.106	0.760	0.757	0.741	0.655	0.339	0.312	0.312	0.750	0.664	0.079	0.079	0.079	0.079	0.080	0.080	0.079	0.079	0.080	0.079	0.080	0.078	0.079
9:20:00	0.079	0.079	0.080	0.080	0.080	0.080	0.080	0.079	0.080	0.080	0.080	0.080	0.079	0.105	0.813	0.803	0.779	0.696	0.283	0.291	0.310	0.777	0.713	0.080	0.079	0.105	0.791	0.776	0.766	0.682	0.295	0.291	0.307	0.767	0.710	0.080	0.078	0.106	0.749	0.769	0.744	0.654	0.315	0.295	0.308	0.760	0.675	0.080	0.078	0.106	0.775	0.753	0.718	0.656	0.314	0.301	0.312	0.751	0.686	0.080	0.078	0.105	0.750	0.752	0.728	0.653	0.323	0.307	0.324	0.752	0.671	0.080	0.080	0.106	0.762	0.761	0.751	0.660	0.338	0.311	0.312	0.756	0.667	0.080	0.079	0.079	0.080	0.080	0.080	0.080	0.079	0.080	0.080	0.080	0.078	0.079
9:30:00	0.078	0.079	0.080	0.080	0.080	0.080	0.080	0.079	0.080	0.080	0.079	0.080	0.079	0.105	0.819	0.807	0.786	0.700	0.282	0.290	0.309	0.783	0.715	0.080	0.079	0.105	0.796	0.781	0.771	0.688	0.294	0.290	0.306	0.772	0.716	0.080	0.078	0.105	0.754	0.772	0.752	0.661	0.313	0.294	0.307	0.763	0.678	0.079	0.078	0.106	0.781	0.762	0.722	0.660	0.313	0.300	0.311	0.755	0.692	0.079	0.078	0.105	0.756	0.762	0.734	0.658	0.322	0.306	0.323	0.756	0.676	0.080	0.080	0.106	0.769	0.768	0.756	0.664	0.337	0.310	0.311	0.762	0.673	0.079	0.079	0.079	0.079	0.080	0.080	0.079	0.079	0.080	0.079	0.080	0.078	0.079
9:40:00	0.078	0.079	0.080	0.080	0.079	0.080	0.080	0.079	0.080	0.080	0.079	0.080	0.079	0.105	0.830	0.813	0.791	0.704	0.281	0.289	0.307	0.789	0.717	0.080	0.079	0.105	0.799	0.784	0.778	0.689	0.294	0.289	0.305	0.777	0.718	0.080	0.078	0.105	0.758	0.777	0.756	0.664	0.313	0.293	0.306	0.766	0.679	0.080	0.078	0.106	0.788	0.771	0.729	0.661	0.312	0.299	0.310	0.760	0.693	0.079	0.078	0.105	0.764	0.774	0.739	0.657	0.321	0.305	0.322	0.758	0.680	0.080	0.080	0.105	0.775	0.773	0.761	0.668	0.336	0.309	0.310	0.764	0.679	0.079	0.078	0.079	0.079	0.080	0.080	0.079	0.079	0.080	0.079	0.080	0.079	0.079
9:50:00	0.078	0.079	0.080	0.080	0.080	0.080	0.080	0.079	0.080	0.080	0.079	0.080	0.079	0.105	0.837	0.818	0.793	0.709	0.280	0.289	0.307	0.795	0.721	0.080	0.079	0.105	0.805	0.784	0.784	0.694	0.293	0.289	0.304	0.785	0.720	0.080	0.079	0.105	0.763	0.785	0.760	0.666	0.312	0.293	0.306	0.772	0.684	0.080	0.078	0.106	0.791	0.775	0.737	0.664	0.311	0.298	0.309	0.766	0.697	0.079	0.078	0.104	0.773	0.778	0.744	0.661	0.320	0.304	0.321	0.761	0.686	0.080	0.080	0.105	0.781	0.781	0.769	0.672	0.336	0.309	0.309	0.769	0.684	0.080	0.079	0.079	0.080	0.080	0.080	0.079	0.079	0.080	0.080	0.080	0.078	0.079
10:00:00	0.078	0.079	0.080	0.079	0.079	0.080	0.080	0.079	0.080	0.080	0.079	0.080	0.079	0.105	0.840	0.824	0.801	0.717	0.279	0.288	0.306	0.804	0.727	0.080	0.079	0.105	0.813	0.788	0.792	0.701	0.292	0.288	0.304	0.798	0.729	0.080	0.078	0.105	0.767	0.789	0.767	0.668	0.311	0.292	0.305	0.784	0.691	0.080	0.078	0.106	0.796	0.782	0.741	0.670	0.311	0.297	0.309	0.771	0.701	0.079	0.078	0.104	0.778	0.779	0.752	0.667	0.320	0.303	0.321	0.765	0.688	0.080	0.079	0.105	0.790	0.785	0.774	0.675	0.334	0.308	0.308	0.779	0.692	0.079	0.078	0.079	0.079	0.079	0.080	0.079	0.079	0.080	0.079	0.080	0.078	0.079
10:10:00	0.078	0.078	0.080	0.080	0.079	0.080	0.080	0.079	0.080	0.080	0.079	0.080	0.079	0.105	0.845	0.828	0.802	0.720	0.278	0.287	0.305	0.809	0.731	0.080	0.079	0.105	0.821	0.795	0.794	0.705	0.291	0.287	0.303	0.799	0.733	0.080	0.078	0.105	0.776	0.792	0.772	0.670	0.311	0.291	0.304	0.786	0.694	0.079	0.078	0.106	0.801	0.786	0.744	0.672	0.310	0.296	0.308	0.773	0.702	0.079	0.078	0.104	0.780	0.782	0.755	0.670	0.319	0.303	0.320	0.769	0.689	0.080	0.078	0.105	0.793	0.793	0.778	0.680	0.334	0.307	0.307	0.786	0.692	0.079	0.078	0.079	0.079	0.080	0.080	0.079	0.079	0.080	0.080	0.080	0.078	0.079
10:20:00	0.078	0.079	0.080	0.080	0.080	0.080	0.080	0.079	0.080	0.080	0.079	0.080	0.079	0.104	0.849	0.837	0.805	0.725	0.277	0.286	0.305	0.816	0.733	0.080	0.079	0.105	0.828	0.806	0.797	0.711	0.290	0.286	0.302	0.799	0.737	0.080	0.078	0.105	0.783	0.798	0.775	0.672	0.310	0.290	0.303	0.788	0.700	0.079	0.078	0.106	0.807	0.791	0.749	0.671	0.309	0.296	0.307	0.778	0.706	0.079	0.078	0.104	0.785	0.786	0.762	0.673	0.317	0.301	0.319	0.774	0.695	0.080	0.078	0.105	0.798	0.796	0.784	0.686	0.333	0.307	0.307	0.794	0.698	0.079	0.078	0.079	0.079	0.080	0.080	0.079	0.079	0.080	0.079	0.080	0.078	0.079
10:30:00	0.078	0.079	0.080	0.080	0.080	0.080	0.080	0.079	0.080	0.080	0.080	0.080	0.079	0.105	0.856	0.846	0.811	0.729	0.276	0.285	0.304	0.819	0.736	0.080	0.079	0.105	0.830	0.818	0.802	0.715	0.290	0.285	0.301	0.799	0.742	0.080	0.078	0.105	0.790	0.802	0.778	0.674	0.308	0.290	0.303	0.790	0.699	0.080	0.078	0.106	0.816	0.793	0.750	0.674	0.308	0.295	0.306	0.785	0.711	0.079	0.078	0.105	0.792	0.793	0.769	0.677	0.316	0.301	0.318	0.777	0.702	0.080	0.078	0.105	0.804	0.801	0.790	0.686	0.332	0.306	0.305	0.799	0.700	0.080	0.079	0.079	0.080	0.080	0.080	0.080	0.079	0.080	0.080	0.080	0.079	0.079
10:40:00	0.078	0.079	0.080	0.080	0.080	0.081	0.080	0.079	0.080	0.080	0.080	0.080	0.079	0.105	0.865	0.850	0.815	0.734	0.276	0.285	0.303	0.825	0.741	0.080	0.079	0.105	0.837	0.821	0.807	0.720	0.288	0.285	0.301	0.808	0.742	0.080	0.079	0.105	0.794	0.810	0.781	0.681	0.308	0.289	0.302	0.793	0.700	0.080	0.078	0.106	0.823	0.797	0.756	0.677	0.307	0.295	0.305	0.787	0.714	0.080	0.078	0.105	0.801	0.798	0.775	0.680	0.315	0.300	0.318	0.782	0.709	0.080	0.079	0.106	0.806	0.808	0.793	0.693	0.332	0.305	0.305	0.802	0.707	0.080	0.079	0.079	0.080	0.080	0.080	0.080	0.079	0.080	0.080	0.080	0.079	0.079
10:50:00	0.078	0.079	0.080	0.080	0.080	0.081	0.080	0.079	0.080	0.080	0.080	0.080	0.079	0.105	0.868	0.853	0.823	0.737	0.275	0.284	0.303	0.830	0.743	0.081	0.079	0.105	0.843	0.820	0.813	0.722	0.288	0.284	0.300	0.814	0.745	0.080	0.078	0.105	0.801	0.817	0.787	0.686	0.308	0.288	0.301	0.797	0.702	0.080	0.079	0.106	0.827	0.804	0.762	0.676	0.306	0.293	0.305	0.792	0.718	0.080	0.079	0.105	0.804	0.804	0.778	0.682	0.314	0.299	0.317	0.788	0.706	0.080	0.079	0.106	0.811	0.823	0.797	0.697	0.331	0.304	0.304	0.803	0.713	0.080	0.079	0.080	0.080	0.080	0.080	0.080	0.079	0.080	0.080	0.080	0.078	0.079
11:00:00	0.078	0.078	0.080	0.080	0.080	0.081	0.080	0.079	0.080	0.080	0.080	0.080	0.078	0.105	0.875	0.859	0.830	0.741	0.275	0.284	0.302	0.831	0.751	0.081	0.079	0.105	0.855	0.824	0.819	0.724	0.288	0.284	0.300	0.821	0.748	0.080	0.078	0.105	0.804	0.821	0.793	0.688	0.307	0.287	0.300	0.805	0.709	0.080	0.078	0.106	0.831	0.810	0.767	0.680	0.306	0.293	0.304	0.801	0.723	0.080	0.078	0.105	0.808	0.811	0.782	0.686	0.314	0.299	0.316	0.793	0.710	0.080	0.078	0.106	0.816	0.825	0.799	0.705	0.330	0.303	0.303	0.808	0.716	0.080	0.078	0.078	0.080	0.080	0.080	0.080	0.079	0.080	0.080	0.080	0.078	0.079
11:10:00	0.078	0.079	0.080	0.080	0.080	0.081	0.080	0.079	0.080	0.080	0.080	0.080	0.079	0.105	0.882	0.869	0.834	0.747	0.274	0.284	0.302	0.840	0.755	0.081	0.079	0.105	0.863	0.829	0.825	0.727	0.287	0.283	0.299	0.827	0.755	0.081	0.078	0.106	0.808	0.829	0.798	0.695	0.306	0.286	0.300	0.811	0.715	0.080	0.079	0.106	0.838	0.817	0.771	0.684	0.305	0.292	0.304	0.806	0.728	0.080	0.079	0.105	0.813	0.816	0.788	0.691	0.313	0.298	0.315	0.798	0.716	0.080	0.079	0.106	0.822	0.830	0.803	0.706	0.329	0.303	0.302	0.812	0.719	0.080	0.079	0.079	0.080	0.080	0.080	0.080	0.079	0.080	0.080	0.080	0.079	0.079
11:20:00	0.078	0.079	0.079	0.080	0.080	0.081	0.080	0.079	0.080	0.080	0.080	0.080	0.078	0.105	0.888	0.877	0.839	0.752	0.273	0.282	0.301	0.848	0.761	0.081	0.079	0.105	0.863	0.835	0.832	0.731	0.286	0.282	0.298	0.832	0.761	0.081	0.078	0.105	0.815	0.832	0.803	0.698	0.306	0.286	0.299	0.821	0.721	0.080	0.079	0.106	0.842	0.823	0.774	0.688	0.305	0.291	0.303	0.812	0.737	0.080	0.079	0.105	0.816	0.824	0.793	0.693	0.313	0.297	0.314	0.808	0.723	0.080	0.079	0.106	0.827	0.830	0.810	0.709	0.328	0.302	0.301	0.818	0.722	0.080	0.079	0.078	0.080	0.080	0.080	0.080	0.080	0.080	0.080	0.080	0.079	0.079
11:30:00	0.078	0.079	0.079	0.080	0.080	0.081	0.080	0.079	0.080	0.080	0.079	0.080	0.078	0.104	0.893	0.882	0.839	0.757	0.271	0.281	0.300	0.850	0.767	0.080	0.079	0.105	0.867	0.839	0.836	0.736	0.285	0.281	0.297	0.836	0.763	0.080	0.078	0.105	0.819	0.836	0.805	0.701	0.304	0.284	0.297	0.824	0.723	0.080	0.079	0.105	0.846	0.826	0.779	0.691	0.304	0.289	0.301	0.813	0.737	0.080	0.079	0.104	0.821	0.828	0.797	0.696	0.311	0.295	0.313	0.813	0.729	0.080	0.079	0.105	0.837	0.834	0.818	0.714	0.327	0.301	0.300	0.820	0.725	0.080	0.078	0.079	0.080	0.080	0.080	0.080	0.079	0.080	0.080	0.080	0.079	0.079
11:40:00	0.078	0.079	0.079	0.080	0.080	0.081	0.080	0.079	0.080	0.080	0.080	0.080	0.079	0.105	0.898	0.886	0.842	0.762	0.270	0.280	0.299	0.855	0.772	0.081	0.079	0.105	0.873	0.844	0.843	0.738	0.284	0.280	0.296	0.840	0.767	0.080	0.079	0.105	0.826	0.846	0.810	0.703	0.304	0.283	0.297	0.831	0.725	0.080	0.079	0.106	0.853	0.835	0.781	0.694	0.303	0.289	0.301	0.816	0.737	0.080	0.079	0.104	0.828	0.835	0.802	0.699	0.311	0.295	0.312	0.820	0.736	0.080	0.079	0.105	0.841	0.840	0.825	0.721	0.326	0.301	0.299	0.830	0.730	0.080	0.079	0.079	0.080	0.080	0.080	0.080	0.079	0.080	0.080	0.080	0.079	0.079
11:50:00	0.078	0.078	0.078	0.080	0.079	0.080	0.080	0.079	0.080	0.080	0.079	0.080	0.078	0.104	0.903	0.891	0.847	0.764	0.269	0.278	0.298	0.860	0.777	0.080	0.079	0.104	0.877	0.849	0.846	0.741	0.283	0.279	0.295	0.842	0.774	0.080	0.078	0.105	0.830	0.851	0.821	0.704	0.303	0.282	0.296	0.837	0.731	0.079	0.078	0.105	0.859	0.840	0.788	0.696	0.302	0.288	0.300	0.823	0.744	0.079	0.078	0.104	0.833	0.840	0.805	0.703	0.310	0.294	0.311	0.826	0.740	0.079	0.078	0.105	0.843	0.845	0.829	0.722	0.326	0.299	0.298	0.836	0.731	0.079	0.078	0.078	0.079	0.079	0.080	0.079	0.079	0.079	0.079	0.080	0.078	0.078
12:00:00	0.078	0.079	0.079	0.080	0.080	0.081	0.080	0.079	0.080	0.080	0.080	0.080	0.078	0.105	0.906	0.893	0.850	0.768	0.269	0.277	0.295	0.863	0.776	0.081	0.079	0.105	0.882	0.852	0.848	0.744	0.283	0.279	0.294	0.843	0.773	0.080	0.078	0.105	0.836	0.855	0.825	0.707	0.302	0.282	0.294	0.837	0.735	0.080	0.079	0.106	0.864	0.845	0.795	0.699	0.301	0.287	0.299	0.825	0.740	0.080	0.079	0.104	0.834	0.846	0.809	0.705	0.309	0.293	0.310	0.831	0.744	0.080	0.079	0.105	0.846	0.846	0.836	0.726	0.324	0.299	0.298	0.841	0.738	0.080	0.078	0.079	0.080	0.080	0.080	0.080	0.079	0.080	0.080	0.080	0.079	0.079
12:10:00	0.078	0.079	0.079	0.080	0.080	0.080	0.080	0.079	0.080	0.080	0.080	0.080	0.078	0.104	0.916	0.899	0.856	0.772	0.268	0.276	0.293	0.868	0.779	0.080	0.079	0.104	0.887	0.859	0.851	0.748	0.281	0.278	0.293	0.850	0.778	0.080	0.078	0.105	0.841	0.862	0.830	0.708	0.301	0.280	0.293	0.846	0.737	0.080	0.078	0.105	0.869	0.853	0.799	0.700	0.299	0.286	0.297	0.831	0.740	0.080	0.078	0.104	0.843	0.853	0.811	0.710	0.308	0.292	0.309	0.835	0.748	0.080	0.078	0.105	0.849	0.852	0.841	0.725	0.324	0.298	0.297	0.842	0.741	0.080	0.078	0.078	0.080	0.080	0.080	0.079	0.079	0.080	0.079	0.080	0.079	0.079
12:20:00	0.078	0.079	0.079	0.080	0.080	0.081	0.080	0.079	0.080	0.079	0.080	0.080	0.078	0.105	0.924	0.907	0.864	0.780	0.267	0.275	0.292	0.874	0.787	0.081	0.079	0.105	0.891	0.867	0.858	0.755	0.279	0.277	0.292	0.855	0.782	0.081	0.078	0.105	0.847	0.867	0.836	0.712	0.300	0.279	0.292	0.852	0.748	0.080	0.079	0.106	0.877	0.860	0.807	0.705	0.298	0.285	0.297	0.834	0.750	0.080	0.079	0.104	0.845	0.858	0.819	0.711	0.307	0.291	0.308	0.841	0.753	0.080	0.079	0.105	0.857	0.862	0.850	0.733	0.321	0.297	0.297	0.846	0.745	0.080	0.078	0.079	0.080	0.080	0.080	0.080	0.079	0.080	0.080	0.080	0.079	0.079
12:30:00	0.078	0.079	0.079	0.080	0.080	0.081	0.080	0.079	0.080	0.079	0.080	0.080	0.078	0.104	0.926	0.912	0.868	0.781	0.267	0.273	0.290	0.875	0.792	0.081	0.079	0.105	0.898	0.868	0.860	0.757	0.279	0.276	0.291	0.859	0.783	0.081	0.078	0.105	0.850	0.872	0.838	0.714	0.298	0.279	0.291	0.857	0.753	0.080	0.078	0.106	0.877	0.860	0.809	0.706	0.298	0.285	0.296	0.840	0.751	0.080	0.079	0.105	0.849	0.861	0.821	0.713	0.307	0.290	0.307	0.841	0.756	0.080	0.079	0.106	0.858	0.865	0.851	0.731	0.321	0.297	0.296	0.849	0.747	0.080	0.078	0.079	0.080	0.080	0.080	0.080	0.080	0.080	0.080	0.080	0.079	0.079
12:40:00	0.078	0.079	0.079	0.080	0.080	0.081	0.080	0.079	0.080	0.079	0.080	0.080	0.079	0.105	0.927	0.916	0.869	0.783	0.267	0.271	0.289	0.874	0.791	0.081	0.079	0.105	0.902	0.871	0.863	0.758	0.279	0.275	0.290	0.864	0.787	0.081	0.078	0.105	0.854	0.873	0.837	0.718	0.297	0.278	0.290	0.856	0.752	0.080	0.078	0.106	0.882	0.864	0.809	0.709	0.297	0.283	0.294	0.842	0.755	0.080	0.079	0.105	0.852	0.863	0.823	0.717	0.306	0.289	0.306	0.841	0.756	0.080	0.079	0.105	0.865	0.866	0.854	0.734	0.320	0.296	0.294	0.856	0.751	0.080	0.078	0.078	0.080	0.080	0.080	0.080	0.079	0.079	0.080	0.080	0.079	0.079
12:50:00	0.078	0.079	0.079	0.080	0.080	0.081	0.080	0.080	0.080	0.079	0.080	0.080	0.079	0.105	0.934	0.922	0.875	0.788	0.267	0.270	0.288	0.883	0.792	0.081	0.079	0.105	0.906	0.876	0.871	0.760	0.279	0.275	0.290	0.868	0.792	0.081	0.078	0.105	0.861	0.880	0.846	0.723	0.297	0.277	0.289	0.862	0.754	0.080	0.078	0.106	0.888	0.872	0.816	0.711	0.296	0.283	0.293	0.847	0.760	0.080	0.079	0.105	0.858	0.867	0.831	0.719	0.306	0.289	0.305	0.850	0.756	0.080	0.079	0.106	0.873	0.875	0.856	0.732	0.320	0.295	0.293	0.861	0.756	0.080	0.078	0.078	0.080	0.080	0.080	0.080	0.079	0.079	0.080	0.080	0.079	0.079
13:00:00	0.078	0.079	0.079	0.080	0.080	0.081	0.080	0.079	0.080	0.079	0.080	0.080	0.078	0.105	0.940	0.931	0.881	0.794	0.266	0.270	0.288	0.892	0.800	0.081	0.079	0.105	0.914	0.880	0.880	0.763	0.278	0.274	0.289	0.878	0.799	0.081	0.078	0.105	0.868	0.885	0.851	0.729	0.296	0.276	0.288	0.869	0.765	0.080	0.078	0.106	0.892	0.878	0.823	0.716	0.294	0.281	0.292	0.855	0.766	0.080	0.078	0.105	0.864	0.871	0.840	0.721	0.304	0.288	0.304	0.862	0.760	0.080	0.079	0.105	0.875	0.882	0.862	0.737	0.320	0.294	0.293	0.871	0.762	0.080	0.078	0.078	0.080	0.080	0.080	0.080	0.079	0.079	0.080	0.080	0.079	0.079
13:10:00	0.078	0.079	0.079	0.080	0.080	0.081	0.080	0.079	0.080	0.079	0.080	0.080	0.079	0.105	0.942	0.934	0.881	0.796	0.264	0.270	0.286	0.891	0.801	0.081	0.079	0.105	0.918	0.882	0.882	0.766	0.277	0.273	0.287	0.878	0.798	0.081	0.079	0.105	0.872	0.888	0.853	0.731	0.295	0.275	0.286	0.871	0.766	0.080	0.078	0.106	0.897	0.880	0.824	0.719	0.293	0.281	0.291	0.859	0.767	0.080	0.078	0.104	0.867	0.875	0.841	0.723	0.303	0.287	0.302	0.860	0.763	0.080	0.079	0.105	0.880	0.887	0.865	0.741	0.319	0.293	0.291	0.874	0.761	0.080	0.078	0.078	0.080	0.080	0.080	0.080	0.079	0.079	0.080	0.080	0.079	0.079
13:20:00	0.078	0.079	0.079	0.080	0.080	0.081	0.080	0.079	0.080	0.079	0.080	0.080	0.079	0.104	0.947	0.937	0.888	0.801	0.264	0.269	0.284	0.899	0.804	0.081	0.080	0.104	0.922	0.888	0.890	0.768	0.277	0.272	0.286	0.882	0.801	0.081	0.079	0.105	0.878	0.893	0.857	0.736	0.293	0.274	0.285	0.876	0.767	0.080	0.078	0.105	0.901	0.886	0.831	0.719	0.293	0.279	0.289	0.862	0.767	0.080	0.079	0.104	0.869	0.881	0.846	0.729	0.301	0.285	0.301	0.863	0.767	0.080	0.079	0.105	0.886	0.895	0.869	0.745	0.318	0.292	0.290	0.880	0.764	0.080	0.079	0.079	0.080	0.080	0.080	0.080	0.080	0.079	0.080	0.080	0.079	0.079
13:30:00	0.079	0.079	0.079	0.080	0.080	0.081	0.080	0.080	0.080	0.079	0.080	0.080	0.079	0.104	0.953	0.940	0.893	0.801	0.264	0.269	0.284	0.901	0.808	0.081	0.080	0.104	0.927	0.893	0.893	0.770	0.275	0.272	0.285	0.883	0.804	0.081	0.079	0.105	0.885	0.897	0.860	0.736	0.292	0.273	0.284	0.880	0.770	0.080	0.079	0.105	0.905	0.892	0.834	0.720	0.292	0.279	0.289	0.864	0.774	0.080	0.079	0.104	0.874	0.881	0.849	0.730	0.302	0.285	0.300	0.865	0.772	0.080	0.079	0.105	0.890	0.897	0.873	0.748	0.318	0.293	0.290	0.884	0.769	0.080	0.079	0.079	0.080	0.080	0.080	0.080	0.080	0.079	0.080	0.080	0.078	0.079
13:40:00	0.078	0.079	0.079	0.080	0.079	0.080	0.080	0.079	0.080	0.079	0.079	0.080	0.078	0.104	0.957	0.946	0.895	0.803	0.264	0.269	0.283	0.904	0.810	0.080	0.079	0.104	0.930	0.895	0.896	0.770	0.274	0.272	0.284	0.887	0.806	0.080	0.078	0.105	0.893	0.902	0.864	0.740	0.292	0.272	0.283	0.885	0.767	0.080	0.078	0.105	0.910	0.899	0.840	0.721	0.291	0.278	0.287	0.865	0.777	0.080	0.078	0.104	0.878	0.887	0.855	0.733	0.301	0.284	0.299	0.870	0.778	0.080	0.078	0.105	0.895	0.899	0.878	0.748	0.317	0.292	0.289	0.891	0.770	0.080	0.078	0.078	0.079	0.080	0.080	0.079	0.079	0.079	0.079	0.080	0.078	0.079
13:50:00	0.078	0.079	0.079	0.080	0.080	0.081	0.079	0.079	0.080	0.079	0.080	0.080	0.079	0.104	0.963	0.950	0.898	0.808	0.262	0.269	0.283	0.911	0.814	0.079	0.079	0.104	0.933	0.898	0.901	0.773	0.273	0.272	0.283	0.891	0.814	0.081	0.079	0.105	0.893	0.906	0.869	0.743	0.291	0.272	0.281	0.894	0.770	0.080	0.078	0.105	0.913	0.902	0.844	0.722	0.289	0.277	0.287	0.873	0.783	0.080	0.079	0.104	0.884	0.893	0.856	0.735	0.300	0.283	0.298	0.875	0.782	0.080	0.079	0.105	0.898	0.902	0.881	0.749	0.315	0.292	0.287	0.891	0.771	0.080	0.079	0.079	0.080	0.080	0.080	0.080	0.080	0.079	0.080	0.080	0.079	0.079
14:00:00	0.078	0.079	0.079	0.080	0.080	0.081	0.079	0.079	0.080	0.079	0.080	0.080	0.079	0.104	0.965	0.953	0.898	0.809	0.262	0.268	0.282	0.912	0.813	0.079	0.079	0.105	0.939	0.901	0.905	0.775	0.273	0.272	0.283	0.894	0.817	0.081	0.078	0.105	0.900	0.912	0.873	0.746	0.290	0.271	0.280	0.894	0.772	0.080	0.078	0.105	0.919	0.906	0.846	0.726	0.289	0.276	0.286	0.874	0.785	0.080	0.078	0.104	0.889	0.897	0.862	0.737	0.299	0.283	0.297	0.876	0.782	0.080	0.079	0.105	0.903	0.906	0.888	0.754	0.315	0.291	0.287	0.895	0.775	0.080	0.078	0.078	0.080	0.080	0.080	0.080	0.079	0.079	0.080	0.080	0.079	0.079
14:10:00	0.078	0.079	0.079	0.081	0.080	0.081	0.079	0.079	0.078	0.079	0.080	0.080	0.079	0.104	0.971	0.957	0.902	0.812	0.261	0.267	0.282	0.917	0.816	0.079	0.080	0.105	0.944	0.905	0.909	0.780	0.273	0.271	0.282	0.899	0.819	0.081	0.079	0.105	0.909	0.916	0.879	0.746	0.289	0.270	0.279	0.900	0.777	0.080	0.078	0.106	0.925	0.913	0.853	0.727	0.288	0.276	0.285	0.880	0.785	0.080	0.079	0.105	0.892	0.903	0.866	0.739	0.297	0.282	0.296	0.882	0.782	0.080	0.079	0.105	0.908	0.912	0.891	0.755	0.315	0.290	0.285	0.899	0.775	0.080	0.079	0.078	0.080	0.080	0.081	0.080	0.080	0.079	0.080	0.080	0.079	0.079
14:20:00	0.078	0.079	0.079	0.080	0.080	0.081	0.079	0.080	0.079	0.079	0.080	0.080	0.079	0.104	0.976	0.965	0.910	0.816	0.261	0.267	0.282	0.928	0.829	0.079	0.079	0.105	0.950	0.916	0.918	0.783	0.273	0.271	0.282	0.906	0.823	0.081	0.079	0.105	0.913	0.920	0.887	0.744	0.288	0.269	0.278	0.909	0.787	0.080	0.078	0.106	0.931	0.921	0.863	0.730	0.287	0.275	0.284	0.887	0.790	0.080	0.078	0.104	0.899	0.905	0.870	0.743	0.297	0.281	0.294	0.889	0.789	0.080	0.079	0.105	0.912	0.922	0.896	0.757	0.315	0.289	0.284	0.905	0.779	0.080	0.078	0.078	0.080	0.080	0.080	0.080	0.080	0.079	0.080	0.080	0.079	0.079
14:30:00	0.078	0.079	0.079	0.080	0.080	0.081	0.079	0.080	0.078	0.079	0.080	0.080	0.079	0.105	0.981	0.967	0.910	0.817	0.261	0.267	0.281	0.930	0.831	0.079	0.079	0.105	0.952	0.919	0.919	0.784	0.273	0.271	0.281	0.906	0.822	0.081	0.079	0.105	0.914	0.924	0.892	0.745	0.288	0.269	0.277	0.911	0.791	0.080	0.078	0.106	0.938	0.924	0.866	0.732	0.286	0.274	0.283	0.886	0.791	0.080	0.078	0.105	0.900	0.912	0.871	0.746	0.296	0.281	0.293	0.890	0.791	0.080	0.079	0.105	0.916	0.924	0.898	0.759	0.316	0.288	0.283	0.906	0.783	0.080	0.079	0.078	0.080	0.080	0.080	0.080	0.080	0.079	0.080	0.080	0.079	0.079
14:40:00	0.078	0.079	0.079	0.080	0.080	0.081	0.079	0.079	0.078	0.079	0.080	0.080	0.079	0.104	0.986	0.972	0.914	0.822	0.260	0.266	0.280	0.937	0.833	0.079	0.079	0.105	0.955	0.920	0.921	0.790	0.272	0.271	0.280	0.912	0.826	0.081	0.079	0.105	0.919	0.929	0.897	0.748	0.288	0.269	0.276	0.916	0.795	0.080	0.078	0.106	0.942	0.931	0.871	0.734	0.286	0.274	0.282	0.892	0.793	0.080	0.078	0.104	0.906	0.912	0.876	0.748	0.296	0.281	0.292	0.897	0.793	0.080	0.079	0.105	0.917	0.929	0.899	0.761	0.315	0.288	0.283	0.910	0.787	0.080	0.078	0.078	0.080	0.080	0.080	0.080	0.080	0.079	0.080	0.080	0.079	0.079
14:50:00	0.078	0.079	0.079	0.080	0.080	0.081	0.079	0.080	0.079	0.079	0.080	0.079	0.079	0.104	0.988	0.973	0.915	0.824	0.260	0.266	0.280	0.938	0.835	0.079	0.079	0.104	0.958	0.924	0.924	0.793	0.272	0.271	0.278	0.912	0.827	0.081	0.079	0.105	0.927	0.933	0.898	0.750	0.287	0.268	0.274	0.918	0.792	0.080	0.079	0.105	0.946	0.935	0.874	0.737	0.287	0.272	0.280	0.899	0.795	0.080	0.079	0.104	0.909	0.917	0.885	0.750	0.295	0.280	0.291	0.899	0.798	0.080	0.079	0.105	0.922	0.935	0.906	0.766	0.316	0.288	0.286	0.916	0.791	0.080	0.079	0.078	0.080	0.080	0.080	0.080	0.080	0.079	0.080	0.080	0.079	0.079
15:00:00	0.078	0.079	0.079	0.080	0.080	0.081	0.079	0.080	0.079	0.079	0.080	0.079	0.079	0.104	0.993	0.978	0.920	0.827	0.259	0.265	0.280	0.941	0.839	0.079	0.079	0.104	0.963	0.929	0.931	0.795	0.272	0.270	0.276	0.918	0.831	0.081	0.079	0.105	0.935	0.941	0.903	0.755	0.287	0.268	0.273	0.924	0.790	0.080	0.079	0.105	0.952	0.940	0.878	0.739	0.287	0.272	0.279	0.904	0.798	0.080	0.079	0.104	0.914	0.921	0.889	0.753	0.294	0.280	0.290	0.902	0.801	0.080	0.079	0.105	0.926	0.937	0.914	0.767	0.317	0.289	0.288	0.920	0.790	0.080	0.079	0.079	0.080	0.080	0.080	0.080	0.080	0.079	0.080	0.081	0.079	0.079
15:10:00	0.078	0.079	0.079	0.080	0.080	0.081	0.079	0.080	0.079	0.079	0.080	0.079	0.079	0.104	0.998	0.985	0.926	0.830	0.259	0.265	0.279	0.942	0.844	0.079	0.079	0.104	0.967	0.934	0.936	0.798	0.272	0.269	0.275	0.922	0.835	0.081	0.079	0.105	0.940	0.946	0.905	0.757	0.284	0.268	0.273	0.932	0.796	0.080	0.078	0.105	0.960	0.947	0.883	0.740	0.288	0.272	0.278	0.908	0.801	0.080	0.078	0.104	0.921	0.923	0.889	0.757	0.293	0.281	0.289	0.908	0.804	0.080	0.079	0.105	0.930	0.940	0.917	0.769	0.318	0.290	0.289	0.923	0.791	0.080	0.078	0.078	0.079	0.079	0.080	0.079	0.079	0.079	0.080	0.080	0.078	0.079
15:20:00	0.078	0.079	0.079	0.080	0.080	0.081	0.079	0.079	0.079	0.079	0.080	0.079	0.079	0.104	0.998	0.987	0.924	0.832	0.259	0.264	0.278	0.943	0.844	0.079	0.079	0.104	0.968	0.933	0.937	0.796	0.272	0.267	0.275	0.922	0.836	0.081	0.079	0.105	0.946	0.952	0.904	0.760	0.284	0.268	0.273	0.932	0.795	0.080	0.078	0.105	0.964	0.950	0.884	0.742	0.289	0.271	0.278	0.904	0.799	0.080	0.079	0.104	0.922	0.926	0.890	0.759	0.293	0.281	0.286	0.909	0.804	0.080	0.079	0.105	0.934	0.942	0.918	0.774	0.319	0.292	0.290	0.928	0.794	0.080	0.079	0.079	0.080	0.080	0.080	0.080	0.080	0.079	0.080	0.081	0.079	0.079
15:30:00	0.078	0.079	0.079	0.080	0.080	0.081	0.079	0.079	0.079	0.079	0.080	0.079	0.079	0.104	1.000	0.990	0.928	0.835	0.259	0.263	0.277	0.945	0.845	0.079	0.079	0.104	0.971	0.936	0.942	0.798	0.272	0.267	0.274	0.925	0.839	0.081	0.078	0.105	0.949	0.956	0.912	0.761	0.284	0.268	0.273	0.937	0.801	0.080	0.078	0.105	0.968	0.953	0.888	0.743	0.287	0.271	0.277	0.908	0.802	0.080	0.079	0.104	0.925	0.932	0.891	0.760	0.292	0.279	0.284	0.912	0.805	0.080	0.079	0.105	0.938	0.944	0.923	0.773	0.320	0.292	0.291	0.932	0.795	0.080	0.079	0.078	0.080	0.080	0.080	0.080	0.080	0.079	0.078	0.080	0.079	0.079
15:40:00	0.078	0.079	0.079	0.081	0.080	0.081	0.079	0.080	0.079	0.079	0.080	0.079	0.079	0.104	1.003	0.993	0.931	0.837	0.258	0.263	0.276	0.950	0.852	0.079	0.079	0.104	0.973	0.940	0.947	0.800	0.272	0.267	0.275	0.927	0.841	0.081	0.078	0.105	0.956	0.959	0.918	0.760	0.284	0.267	0.271	0.945	0.801	0.080	0.079	0.105	0.974	0.959	0.892	0.746	0.285	0.270	0.276	0.913	0.805	0.080	0.079	0.104	0.924	0.935	0.894	0.763	0.293	0.277	0.283	0.917	0.810	0.080	0.079	0.105	0.941	0.950	0.923	0.775	0.321	0.294	0.292	0.936	0.798	0.080	0.079	0.079	0.080	0.080	0.080	0.080	0.080	0.079	0.078	0.081	0.079	0.079
15:50:00	0.079	0.079	0.079	0.081	0.080	0.081	0.079	0.080	0.079	0.079	0.080	0.079	0.079	0.104	1.008	0.995	0.934	0.838	0.258	0.263	0.276	0.951	0.853	0.080	0.079	0.105	0.979	0.941	0.948	0.801	0.272	0.268	0.274	0.930	0.841	0.081	0.078	0.105	0.964	0.965	0.919	0.762	0.284	0.267	0.269	0.946	0.803	0.080	0.079	0.106	0.978	0.961	0.896	0.744	0.286	0.270	0.275	0.922	0.808	0.080	0.079	0.104	0.929	0.938	0.899	0.764	0.292	0.279	0.283	0.919	0.811	0.080	0.079	0.105	0.944	0.953	0.927	0.779	0.321	0.294	0.292	0.943	0.801	0.080	0.078	0.078	0.080	0.080	0.081	0.080	0.080	0.079	0.078	0.081	0.079	0.079
16:00:00	0.078	0.079	0.079	0.081	0.079	0.081	0.079	0.080	0.079	0.079	0.080	0.079	0.079	0.104	1.013	1.000	0.941	0.841	0.258	0.262	0.275	0.957	0.857	0.079	0.079	0.105	0.980	0.946	0.949	0.805	0.271	0.269	0.274	0.937	0.847	0.081	0.078	0.105	0.973	0.967	0.926	0.764	0.281	0.268	0.267	0.952	0.808	0.080	0.078	0.105	0.982	0.970	0.899	0.744	0.286	0.270	0.274	0.932	0.813	0.080	0.079	0.104	0.933	0.943	0.900	0.765	0.290	0.280	0.283	0.926	0.818	0.080	0.079	0.105	0.947	0.960	0.934	0.779	0.322	0.295	0.292	0.946	0.802	0.080	0.078	0.078	0.080	0.080	0.081	0.080	0.080	0.079	0.078	0.079	0.079	0.079
16:10:00	0.078	0.079	0.079	0.081	0.079	0.081	0.079	0.079	0.079	0.080	0.080	0.079	0.079	0.105	1.015	1.005	0.943	0.842	0.257	0.262	0.274	0.958	0.856	0.080	0.079	0.105	0.985	0.947	0.950	0.804	0.272	0.270	0.273	0.939	0.847	0.081	0.079	0.105	0.983	0.975	0.926	0.766	0.284	0.267	0.266	0.956	0.810	0.080	0.079	0.106	0.991	0.971	0.901	0.745	0.284	0.270	0.273	0.928	0.816	0.081	0.079	0.104	0.937	0.945	0.903	0.765	0.291	0.280	0.282	0.927	0.815	0.081	0.079	0.105	0.949	0.960	0.937	0.780	0.324	0.295	0.292	0.947	0.806	0.081	0.078	0.078	0.080	0.080	0.081	0.080	0.080	0.079	0.078	0.079	0.079	0.079
16:20:00	0.078	0.079	0.079	0.081	0.079	0.081	0.079	0.079	0.079	0.079	0.080	0.079	0.079	0.104	1.018	1.007	0.948	0.846	0.257	0.261	0.274	0.962	0.857	0.080	0.079	0.105	0.988	0.950	0.955	0.805	0.272	0.269	0.273	0.941	0.849	0.081	0.079	0.105	0.986	0.977	0.931	0.769	0.284	0.267	0.264	0.958	0.810	0.080	0.079	0.106	0.995	0.974	0.907	0.747	0.283	0.270	0.270	0.932	0.818	0.081	0.079	0.104	0.941	0.949	0.908	0.767	0.293	0.280	0.281	0.932	0.818	0.081	0.079	0.105	0.949	0.960	0.941	0.782	0.324	0.295	0.292	0.953	0.807	0.081	0.079	0.078	0.079	0.080	0.081	0.080	0.080	0.080	0.079	0.080	0.079	0.079
16:30:00	0.078	0.079	0.079	0.079	0.079	0.081	0.079	0.079	0.079	0.079	0.080	0.079	0.079	0.104	1.020	1.009	0.951	0.848	0.257	0.260	0.273	0.967	0.862	0.080	0.079	0.104	0.990	0.951	0.956	0.807	0.272	0.269	0.273	0.945	0.853	0.081	0.079	0.105	0.991	0.978	0.934	0.769	0.281	0.265	0.263	0.962	0.811	0.080	0.079	0.105	0.999	0.982	0.909	0.748	0.281	0.269	0.268	0.937	0.817	0.080	0.079	0.104	0.944	0.950	0.909	0.770	0.292	0.281	0.280	0.934	0.819	0.080	0.079	0.105	0.952	0.963	0.944	0.784	0.324	0.296	0.292	0.956	0.809	0.080	0.079	0.079	0.079	0.080	0.080	0.080	0.080	0.080	0.079	0.080	0.079	0.080
16:40:00	0.078	0.079	0.079	0.079	0.079	0.081	0.079	0.079	0.079	0.080	0.080	0.079	0.079	0.104	1.024	1.011	0.952	0.848	0.257	0.260	0.272	0.969	0.863	0.080	0.079	0.104	0.993	0.955	0.958	0.808	0.271	0.269	0.273	0.950	0.853	0.081	0.079	0.105	0.996	0.988	0.939	0.769	0.284	0.266	0.262	0.966	0.816	0.080	0.079	0.105	1.007	0.988	0.913	0.749	0.282	0.270	0.268	0.945	0.821	0.080	0.079	0.104	0.951	0.957	0.911	0.772	0.292	0.282	0.280	0.937	0.822	0.080	0.079	0.105	0.958	0.966	0.950	0.786	0.326	0.295	0.293	0.960	0.813	0.080	0.079	0.079	0.079	0.080	0.081	0.080	0.080	0.080	0.079	0.080	0.079	0.079
16:50:00	0.078	0.079	0.079	0.079	0.079	0.081	0.079	0.079	0.079	0.079	0.080	0.079	0.079	0.104	1.027	1.014	0.955	0.850	0.258	0.259	0.271	0.972	0.865	0.079	0.079	0.104	0.995	0.959	0.959	0.809	0.272	0.269	0.272	0.953	0.853	0.081	0.078	0.104	1.002	0.991	0.944	0.768	0.281	0.267	0.261	0.972	0.821	0.080	0.078	0.105	1.012	0.992	0.917	0.750	0.286	0.270	0.268	0.952	0.824	0.080	0.078	0.104	0.954	0.960	0.913	0.769	0.291	0.283	0.279	0.941	0.828	0.080	0.079	0.104	0.960	0.967	0.953	0.786	0.326	0.296	0.292	0.962	0.811	0.080	0.078	0.078	0.078	0.080	0.080	0.079	0.079	0.079	0.078	0.079	0.079	0.079
17:00:00	0.078	0.079	0.079	0.079	0.078	0.081	0.079	0.079	0.079	0.079	0.080	0.079	0.079	0.104	1.030	1.017	0.953	0.852	0.257	0.258	0.271	0.976	0.868	0.080	0.079	0.104	0.999	0.960	0.964	0.810	0.273	0.270	0.273	0.953	0.854	0.081	0.079	0.105	1.011	1.000	0.953	0.767	0.287	0.268	0.260	0.975	0.820	0.080	0.079	0.105	1.020	1.000	0.923	0.752	0.283	0.270	0.267	0.957	0.823	0.081	0.079	0.104	0.957	0.961	0.919	0.773	0.291	0.282	0.280	0.944	0.829	0.081	0.079	0.105	0.963	0.968	0.958	0.788	0.326	0.297	0.293	0.968	0.812	0.081	0.079	0.079	0.079	0.080	0.081	0.080	0.079	0.080	0.078	0.079	0.079	0.079
17:10:00	0.078	0.079	0.079	0.079	0.078	0.081	0.079	0.079	0.079	0.079	0.080	0.079	0.079	0.104	1.035	1.022	0.955	0.856	0.256	0.259	0.270	0.981	0.871	0.079	0.079	0.104	1.003	0.963	0.970	0.814	0.273	0.270	0.272	0.955	0.859	0.081	0.078	0.105	1.016	1.005	0.957	0.769	0.286	0.269	0.259	0.985	0.822	0.080	0.079	0.105	1.025	1.006	0.928	0.753	0.283	0.270	0.266	0.961	0.824	0.081	0.079	0.104	0.963	0.961	0.924	0.774	0.292	0.284	0.279	0.947	0.834	0.080	0.078	0.105	0.967	0.974	0.962	0.790	0.327	0.297	0.292	0.972	0.815	0.080	0.079	0.078	0.079	0.080	0.080	0.080	0.079	0.079	0.078	0.079	0.079	0.079
17:20:00	0.078	0.079	0.079	0.079	0.079	0.081	0.079	0.079	0.079	0.080	0.080	0.079	0.079	0.104	1.041	1.025	0.958	0.858	0.255	0.259	0.269	0.982	0.870	0.080	0.079	0.104	1.006	0.968	0.970	0.814	0.273	0.270	0.272	0.958	0.860	0.081	0.079	0.105	1.023	1.009	0.963	0.768	0.284	0.270	0.258	0.991	0.821	0.080	0.079	0.105	1.033	1.009	0.931	0.752	0.286	0.270	0.265	0.961	0.825	0.081	0.079	0.104	0.959	0.965	0.927	0.778	0.291	0.284	0.279	0.949	0.834	0.081	0.079	0.105	0.972	0.975	0.960	0.790	0.328	0.298	0.292	0.972	0.817	0.081	0.079	0.078	0.079	0.081	0.081	0.080	0.079	0.080	0.079	0.079	0.079	0.080
17:30:00	0.078	0.079	0.079	0.079	0.078	0.081	0.079	0.079	0.079	0.080	0.080	0.079	0.079	0.104	1.042	1.028	0.963	0.860	0.254	0.259	0.268	0.985	0.873	0.080	0.079	0.105	1.009	0.972	0.973	0.818	0.275	0.270	0.271	0.961	0.863	0.081	0.079	0.105	1.028	1.013	0.968	0.771	0.285	0.270	0.257	1.000	0.823	0.080	0.079	0.106	1.036	1.012	0.935	0.752	0.285	0.270	0.265	0.970	0.827	0.081	0.079	0.104	0.962	0.968	0.928	0.778	0.291	0.284	0.278	0.952	0.833	0.080	0.079	0.105	0.974	0.977	0.962	0.791	0.329	0.298	0.292	0.974	0.819	0.081	0.079	0.078	0.079	0.080	0.081	0.080	0.079	0.079	0.078	0.079	0.079	0.080
17:40:00	0.078	0.079	0.079	0.079	0.078	0.081	0.079	0.079	0.079	0.080	0.080	0.079	0.078	0.104	1.044	1.033	0.974	0.862	0.255	0.261	0.268	0.990	0.881	0.080	0.079	0.105	1.011	0.977	0.975	0.819	0.274	0.269	0.271	0.964	0.871	0.081	0.079	0.105	1.035	1.016	0.974	0.774	0.287	0.271	0.257	1.007	0.826	0.080	0.079	0.106	1.043	1.018	0.938	0.753	0.288	0.271	0.264	0.981	0.833	0.081	0.079	0.104	0.965	0.971	0.930	0.780	0.290	0.282	0.278	0.958	0.835	0.080	0.079	0.105	0.975	0.980	0.964	0.793	0.331	0.300	0.291	0.975	0.824	0.081	0.078	0.078	0.079	0.080	0.081	0.079	0.079	0.079	0.078	0.079	0.079	0.080
17:50:00	0.078	0.079	0.079	0.079	0.078	0.081	0.079	0.079	0.079	0.080	0.080	0.079	0.078	0.104	1.046	1.033	0.971	0.863	0.257	0.265	0.267	0.990	0.879	0.080	0.079	0.104	1.014	0.977	0.976	0.820	0.277	0.270	0.270	0.962	0.868	0.081	0.079	0.105	1.039	1.026	0.981	0.776	0.289	0.271	0.256	1.006	0.825	0.080	0.079	0.106	1.050	1.025	0.941	0.754	0.286	0.270	0.264	0.986	0.831	0.081	0.079	0.104	0.969	0.973	0.931	0.783	0.291	0.282	0.277	0.957	0.832	0.081	0.079	0.105	0.979	0.985	0.968	0.794	0.330	0.299	0.289	0.976	0.824	0.081	0.078	0.078	0.079	0.080	0.081	0.079	0.079	0.079	0.079	0.079	0.079	0.080
18:00:00	0.078	0.079	0.079	0.079	0.079	0.081	0.079	0.079	0.079	0.080	0.080	0.079	0.078	0.104	1.050	1.035	0.968	0.864	0.258	0.266	0.265	0.990	0.882	0.080	0.079	0.104	1.016	0.975	0.977	0.822	0.275	0.272	0.270	0.963	0.868	0.081	0.079	0.105	1.046	1.027	0.987	0.776	0.288	0.271	0.255	1.009	0.828	0.080	0.079	0.105	1.053	1.031	0.945	0.755	0.285	0.268	0.263	0.986	0.833	0.081	0.079	0.104	0.971	0.976	0.935	0.781	0.290	0.284	0.276	0.962	0.836	0.080	0.079	0.105	0.983	0.986	0.971	0.794	0.330	0.299	0.289	0.981	0.827	0.081	0.079	0.078	0.079	0.080	0.080	0.079	0.079	0.080	0.079	0.079	0.079	0.080
18:10:00	0.079	0.079	0.079	0.079	0.079	0.081	0.079	0.079	0.079	0.080	0.080	0.079	0.079	0.104	1.050	1.037	0.967	0.864	0.253	0.266	0.265	0.991	0.881	0.080	0.079	0.104	1.016	0.974	0.976	0.822	0.278	0.270	0.269	0.962	0.867	0.081	0.079	0.104	1.055	1.032	0.984	0.776	0.287	0.271	0.254	1.014	0.828	0.080	0.079	0.105	1.059	1.034	0.947	0.756	0.285	0.268	0.263	0.984	0.832	0.081	0.079	0.104	0.971	0.977	0.933	0.783	0.290	0.285	0.276	0.960	0.838	0.080	0.079	0.105	0.983	0.985	0.971	0.796	0.328	0.299	0.288	0.984	0.827	0.080	0.079	0.078	0.079	0.080	0.081	0.079	0.079	0.080	0.079	0.079	0.079	0.080
18:20:00	0.078	0.079	0.079	0.079	0.078	0.081	0.079	0.079	0.079	0.080	0.080	0.080	0.078	0.104	1.056	1.041	0.970	0.865	0.254	0.268	0.264	0.993	0.880	0.080	0.079	0.104	1.018	0.978	0.977	0.826	0.276	0.274	0.269	0.963	0.868	0.081	0.079	0.105	1.063	1.038	0.987	0.777	0.288	0.272	0.253	1.022	0.830	0.080	0.078	0.105	1.064	1.042	0.953	0.757	0.284	0.268	0.263	0.991	0.835	0.081	0.078	0.104	0.973	0.978	0.935	0.785	0.291	0.287	0.275	0.960	0.840	0.080	0.078	0.104	0.986	0.989	0.976	0.796	0.330	0.300	0.288	0.984	0.828	0.080	0.078	0.078	0.079	0.080	0.080	0.079	0.079	0.079	0.078	0.079	0.078	0.079
18:30:00	0.078	0.079	0.079	0.079	0.078	0.081	0.079	0.079	0.079	0.079	0.080	0.079	0.078	0.104	1.059	1.044	0.973	0.866	0.253	0.269	0.263	1.000	0.885	0.080	0.079	0.104	1.021	0.986	0.979	0.827	0.280	0.274	0.268	0.971	0.874	0.081	0.079	0.104	1.067	1.040	0.993	0.778	0.290	0.271	0.253	1.032	0.836	0.080	0.078	0.105	1.071	1.045	0.957	0.759	0.284	0.269	0.262	0.996	0.840	0.081	0.078	0.104	0.977	0.982	0.937	0.785	0.292	0.285	0.275	0.965	0.847	0.079	0.079	0.105	0.988	0.992	0.978	0.798	0.332	0.300	0.287	0.986	0.831	0.080	0.079	0.078	0.079	0.080	0.081	0.079	0.079	0.080	0.079	0.079	0.079	0.080
18:40:00	0.078	0.079	0.079	0.079	0.078	0.081	0.079	0.079	0.079	0.080	0.080	0.079	0.078	0.104	1.060	1.045	0.972	0.867	0.252	0.271	0.262	1.000	0.882	0.080	0.079	0.104	1.024	0.986	0.981	0.824	0.275	0.275	0.268	0.971	0.869	0.081	0.079	0.104	1.076	1.047	0.999	0.776	0.289	0.273	0.252	1.029	0.835	0.080	0.078	0.105	1.079	1.046	0.958	0.759	0.285	0.269	0.260	1.004	0.838	0.081	0.078	0.104	0.982	0.984	0.937	0.784	0.293	0.287	0.274	0.967	0.844	0.079	0.079	0.104	0.992	0.994	0.982	0.799	0.330	0.301	0.286	0.993	0.834	0.081	0.078	0.078	0.079	0.080	0.081	0.079	0.079	0.079	0.078	0.079	0.079	0.080
18:50:00	0.078	0.079	0.079	0.079	0.079	0.081	0.079	0.079	0.079	0.079	0.080	0.079	0.078	0.104	1.063	1.048	0.975	0.870	0.253	0.271	0.262	1.003	0.886	0.080	0.079	0.104	1.028	0.986	0.986	0.823	0.278	0.277	0.267	0.975	0.872	0.081	0.079	0.105	1.081	1.050	1.005	0.777	0.289	0.273	0.252	1.034	0.838	0.080	0.078	0.105	1.089	1.055	0.967	0.762	0.288	0.269	0.260	1.010	0.839	0.081	0.079	0.104	0.988	0.985	0.939	0.786	0.294	0.289	0.274	0.972	0.847	0.079	0.079	0.105	1.000	1.000	0.985	0.799	0.329	0.302	0.285	0.996	0.836	0.081	0.079	0.078	0.079	0.080	0.081	0.079	0.079	0.080	0.079	0.079	0.079	0.080
19:00:00	0.078	0.079	0.079	0.079	0.079	0.082	0.079	0.079	0.079	0.079	0.080	0.080	0.079	0.104	1.065	1.051	0.980	0.872	0.257	0.273	0.261	1.009	0.891	0.080	0.080	0.105	1.029	0.987	0.990	0.824	0.281	0.278	0.267	0.978	0.877	0.082	0.079	0.105	1.088	1.054	1.004	0.777	0.291	0.275	0.251	1.042	0.844	0.081	0.079	0.105	1.091	1.060	0.972	0.761	0.287	0.270	0.259	1.014	0.842	0.081	0.079	0.104	0.988	0.987	0.942	0.788	0.293	0.289	0.274	0.977	0.850	0.079	0.079	0.105	1.001	1.002	0.985	0.800	0.331	0.303	0.285	0.995	0.837	0.081	0.079	0.079	0.079	0.081	0.081	0.079	0.079	0.080	0.079	0.080	0.079	0.079
19:10:00	0.078	0.079	0.079	0.079	0.079	0.081	0.079	0.079	0.079	0.079	0.080	0.080	0.079	0.104	1.068	1.052	0.980	0.873	0.259	0.275	0.260	1.007	0.887	0.080	0.079	0.104	1.034	0.986	0.991	0.824	0.280	0.276	0.267	0.978	0.872	0.081	0.079	0.105	1.094	1.059	1.008	0.778	0.292	0.274	0.250	1.046	0.838	0.080	0.078	0.105	1.096	1.066	0.974	0.762	0.283	0.269	0.259	1.016	0.840	0.081	0.079	0.104	0.990	0.988	0.945	0.787	0.295	0.290	0.273	0.977	0.848	0.079	0.079	0.105	1.005	1.003	0.986	0.800	0.331	0.302	0.283	1.000	0.838	0.081	0.079	0.078	0.079	0.080	0.081	0.079	0.079	0.080	0.078	0.079	0.079	0.079
19:20:00	0.078	0.079	0.079	0.079	0.079	0.081	0.080	0.079	0.079	0.079	0.080	0.080	0.079	0.104	1.069	1.053	0.982	0.875	0.263	0.275	0.259	1.009	0.892	0.080	0.079	0.105	1.035	0.991	0.990	0.824	0.285	0.276	0.266	0.978	0.874	0.082	0.079	0.105	1.098	1.063	1.011	0.780	0.292	0.275	0.249	1.050	0.839	0.081	0.078	0.105	1.101	1.073	0.980	0.763	0.284	0.272	0.259	1.022	0.842	0.081	0.079	0.104	0.993	0.992	0.947	0.788	0.294	0.290	0.273	0.977	0.850	0.079	0.079	0.105	1.006	1.004	0.988	0.801	0.331	0.304	0.282	1.001	0.836	0.081	0.079	0.079	0.079	0.081	0.081	0.079	0.079	0.080	0.079	0.080	0.079	0.079
19:30:00	0.078	0.079	0.079	0.079	0.079	0.081	0.079	0.079	0.079	0.079	0.080	0.080	0.079	0.104	1.070	1.056	0.987	0.876	0.266	0.277	0.258	1.012	0.892	0.080	0.079	0.104	1.038	0.993	0.991	0.824	0.284	0.274	0.265	0.981	0.874	0.082	0.079	0.105	1.103	1.067	1.016	0.782	0.294	0.277	0.247	1.056	0.838	0.080	0.078	0.106	1.110	1.073	0.988	0.762	0.283	0.273	0.258	1.026	0.841	0.081	0.079	0.104	0.995	0.994	0.947	0.787	0.292	0.291	0.273	0.978	0.851	0.079	0.079	0.105	1.007	1.006	0.987	0.802	0.331	0.303	0.280	1.003	0.838	0.081	0.079	0.078	0.079	0.081	0.081	0.079	0.079	0.080	0.079	0.079	0.079	0.079
19:40:00	0.078	0.079	0.079	0.079	0.079	0.081	0.079	0.079	0.079	0.079	0.080	0.080	0.079	0.104	1.073	1.059	0.989	0.878	0.266	0.278	0.257	1.013	0.894	0.080	0.079	0.104	1.039	0.993	0.991	0.827	0.283	0.277	0.264	0.986	0.875	0.081	0.079	0.104	1.109	1.072	1.021	0.781	0.291	0.276	0.246	1.057	0.839	0.080	0.078	0.105	1.115	1.078	0.989	0.764	0.284	0.272	0.258	1.036	0.842	0.081	0.079	0.104	0.994	0.995	0.949	0.789	0.294	0.292	0.272	0.981	0.852	0.079	0.079	0.104	1.009	1.009	0.990	0.802	0.331	0.303	0.278	1.007	0.840	0.081	0.079	0.078	0.079	0.080	0.080	0.079	0.079	0.080	0.079	0.079	0.079	0.079
19:50:00	0.078	0.079	0.079	0.079	0.079	0.081	0.079	0.079	0.079	0.079	0.080	0.080	0.079	0.104	1.076	1.060	0.990	0.876	0.266	0.279	0.256	1.016	0.900	0.080	0.079	0.104	1.040	0.993	0.991	0.828	0.287	0.280	0.263	0.990	0.879	0.081	0.079	0.104	1.112	1.077	1.024	0.781	0.290	0.280	0.245	1.064	0.843	0.080	0.078	0.105	1.119	1.079	0.991	0.762	0.285	0.273	0.257	1.036	0.846	0.081	0.079	0.104	0.997	0.996	0.953	0.790	0.294	0.289	0.272	0.984	0.856	0.079	0.079	0.104	1.009	1.010	0.991	0.802	0.332	0.304	0.276	1.007	0.841	0.081	0.079	0.078	0.079	0.079	0.079	0.079	0.079	0.080	0.079	0.080	0.079	0.079
20:00:00	0.078	0.079	0.079	0.079	0.079	0.081	0.079	0.079	0.079	0.079	0.080	0.080	0.079	0.104	1.076	1.060	0.991	0.877	0.266	0.280	0.256	1.018	0.894	0.080	0.079	0.104	1.042	0.993	0.992	0.833	0.285	0.277	0.263	0.990	0.876	0.081	0.079	0.104	1.115	1.081	1.028	0.779	0.292	0.277	0.244	1.066	0.841	0.080	0.078	0.105	1.122	1.082	0.991	0.761	0.289	0.272	0.257	1.041	0.845	0.081	0.079	0.104	1.000	0.995	0.956	0.789	0.296	0.290	0.272	0.986	0.856	0.079	0.079	0.104	1.012	1.011	0.991	0.804	0.331	0.304	0.276	1.009	0.841	0.081	0.079	0.078	0.079	0.079	0.079	0.079	0.079	0.080	0.079	0.079	0.079	0.079
20:10:01	0.078	0.079	0.079	0.079	0.078	0.081	0.079	0.079	0.079	0.079	0.080	0.080	0.078	0.104	1.080	1.061	0.995	0.877	0.266	0.281	0.254	1.019	0.895	0.080	0.079	0.104	1.044	0.994	0.993	0.833	0.286	0.280	0.262	0.989	0.881	0.081	0.079	0.104	1.123	1.086	1.035	0.778	0.293	0.278	0.243	1.073	0.845	0.078	0.078	0.105	1.126	1.088	0.994	0.760	0.285	0.270	0.256	1.049	0.845	0.081	0.078	0.104	1.001	0.998	0.953	0.792	0.295	0.291	0.271	0.991	0.857	0.079	0.079	0.104	1.014	1.014	0.993	0.804	0.333	0.305	0.274	1.012	0.841	0.081	0.079	0.078	0.079	0.079	0.079	0.079	0.079	0.079	0.079	0.079	0.079	0.079
20:20:01	0.078	0.079	0.079	0.079	0.079	0.079	0.079	0.079	0.078	0.079	0.080	0.080	0.079	0.104	1.080	1.063	0.992	0.878	0.267	0.281	0.255	1.021	0.894	0.080	0.079	0.104	1.045	0.995	0.994	0.830	0.285	0.281	0.262	0.988	0.880	0.081	0.079	0.104	1.123	1.089	1.037	0.780	0.293	0.283	0.242	1.073	0.843	0.078	0.078	0.105	1.128	1.093	0.998	0.759	0.283	0.269	0.256	1.053	0.844	0.081	0.079	0.104	0.999	1.000	0.956	0.791	0.296	0.294	0.271	0.993	0.857	0.079	0.079	0.104	1.015	1.016	0.998	0.802	0.331	0.305	0.272	1.015	0.842	0.081	0.079	0.078	0.079	0.079	0.079	0.079	0.079	0.080	0.079	0.079	0.079	0.079
20:30:01	0.078	0.079	0.079	0.079	0.078	0.079	0.079	0.079	0.078	0.079	0.080	0.080	0.078	0.104	1.082	1.065	0.994	0.879	0.267	0.283	0.256	1.021	0.897	0.080	0.079	0.104	1.047	0.996	0.995	0.830	0.286	0.281	0.261	0.989	0.880	0.081	0.079	0.104	1.129	1.092	1.039	0.780	0.297	0.279	0.241	1.078	0.845	0.078	0.078	0.105	1.134	1.099	1.002	0.760	0.286	0.270	0.256	1.064	0.847	0.081	0.079	0.104	1.002	1.001	0.954	0.792	0.295	0.294	0.271	0.992	0.857	0.079	0.079	0.105	1.016	1.019	1.000	0.805	0.334	0.307	0.271	1.016	0.844	0.081	0.079	0.078	0.079	0.079	0.079	0.079	0.079	0.080	0.079	0.079	0.079	0.079
20:40:01	0.078	0.079	0.079	0.079	0.079	0.080	0.079	0.079	0.078	0.079	0.080	0.080	0.079	0.104	1.085	1.067	0.996	0.879	0.268	0.285	0.260	1.022	0.903	0.080	0.079	0.104	1.049	0.998	0.997	0.829	0.287	0.282	0.260	0.995	0.883	0.081	0.079	0.104	1.131	1.096	1.041	0.780	0.296	0.280	0.240	1.083	0.847	0.078	0.078	0.105	1.139	1.101	1.005	0.759	0.284	0.273	0.255	1.067	0.850	0.078	0.079	0.104	1.005	1.002	0.953	0.792	0.297	0.294	0.271	0.993	0.860	0.079	0.079	0.105	1.018	1.015	0.999	0.804	0.334	0.307	0.269	1.015	0.847	0.081	0.079	0.079	0.079	0.079	0.079	0.079	0.079	0.080	0.079	0.079	0.080	0.079

