Field Group

Plate Comment:	
Procedure Summary
  Plate Type:              Corning 96 well for LogPhase600
  Plate Number:            4
  Discontinuous Kinetics:  Runtime 01:00:00 (D:HH:MM), Interval 00:10:00 (HH:MM:SS), 145 Reads (max)
  Read:                    600 nm
  Incubator:               On
    Temperature setpoint:  37 °C
    Temperature gradient:  On
  Shaking:                 Off		
			
			

600

Time	A1	A2	A3	A4	A5	A6	A7	A8	A9	A10	A11	A12	B1	B2	B3	B4	B5	B6	B7	B8	B9	B10	B11	B12	C1	C2	C3	C4	C5	C6	C7	C8	C9	C10	C11	C12	D1	D2	D3	D4	D5	D6	D7	D8	D9	D10	D11	D12	E1	E2	E3	E4	E5	E6	E7	E8	E9	E10	E11	E12	F1	F2	F3	F4	F5	F6	F7	F8	F9	F10	F11	F12	G1	G2	G3	G4	G5	G6	G7	G8	G9	G10	G11	G12	H1	H2	H3	H4	H5	H6	H7	H8	H9	H10	H11	H12
0:00:00	0.079	0.079	0.087	0.079	0.079	0.079	0.079	0.079	0.079	0.079	0.079	0.079	0.079	0.106	0.310	0.323	0.321	0.320	0.312	0.324	0.314	0.317	0.315	0.079	0.079	0.106	0.309	0.315	0.322	0.327	0.314	0.330	0.326	0.330	0.329	0.079	0.079	0.105	0.303	0.314	0.311	0.310	0.308	0.315	0.308	0.319	0.307	0.079	0.079	0.106	0.302	0.315	0.314	0.311	0.308	0.319	0.294	0.321	0.312	0.079	0.079	0.106	0.315	0.325	0.320	0.310	0.314	0.325	0.317	0.325	0.317	0.079	0.079	0.106	0.307	0.327	0.320	0.312	0.306	0.319	0.314	0.323	0.318	0.079	0.079	0.079	0.079	0.079	0.079	0.079	0.079	0.079	0.079	0.079	0.078	0.079
0:10:00	0.079	0.078	0.086	0.079	0.079	0.079	0.079	0.079	0.079	0.079	0.079	0.079	0.079	0.105	0.316	0.335	0.330	0.328	0.319	0.334	0.320	0.324	0.322	0.079	0.079	0.106	0.313	0.330	0.332	0.336	0.324	0.337	0.331	0.340	0.336	0.078	0.079	0.105	0.307	0.332	0.321	0.318	0.317	0.323	0.314	0.325	0.309	0.078	0.079	0.106	0.308	0.331	0.323	0.319	0.318	0.326	0.302	0.328	0.317	0.079	0.079	0.106	0.318	0.342	0.331	0.320	0.320	0.335	0.321	0.336	0.318	0.078	0.079	0.106	0.314	0.344	0.333	0.322	0.309	0.330	0.319	0.333	0.322	0.079	0.079	0.079	0.079	0.078	0.079	0.079	0.079	0.079	0.079	0.079	0.078	0.079
0:20:00	0.079	0.079	0.086	0.079	0.079	0.079	0.079	0.079	0.079	0.079	0.079	0.079	0.079	0.105	0.337	0.388	0.345	0.342	0.329	0.347	0.329	0.329	0.331	0.079	0.079	0.106	0.328	0.358	0.351	0.349	0.338	0.348	0.341	0.349	0.346	0.079	0.079	0.105	0.320	0.365	0.345	0.329	0.331	0.337	0.324	0.335	0.317	0.078	0.079	0.106	0.318	0.373	0.345	0.333	0.334	0.340	0.314	0.340	0.325	0.079	0.079	0.106	0.330	0.372	0.353	0.333	0.336	0.353	0.330	0.349	0.327	0.079	0.079	0.106	0.323	0.383	0.363	0.337	0.320	0.351	0.329	0.353	0.328	0.079	0.079	0.079	0.079	0.079	0.079	0.079	0.079	0.079	0.079	0.079	0.078	0.079
0:30:00	0.079	0.078	0.085	0.079	0.079	0.079	0.079	0.079	0.079	0.079	0.079	0.079	0.079	0.105	0.353	0.371	0.349	0.361	0.345	0.368	0.340	0.333	0.340	0.079	0.079	0.106	0.343	0.366	0.374	0.359	0.352	0.356	0.352	0.353	0.353	0.079	0.079	0.105	0.336	0.404	0.380	0.342	0.344	0.375	0.334	0.367	0.325	0.078	0.079	0.106	0.334	0.400	0.386	0.357	0.341	0.351	0.321	0.348	0.331	0.079	0.079	0.106	0.348	0.391	0.415	0.386	0.351	0.391	0.342	0.366	0.333	0.078	0.079	0.106	0.342	0.421	0.409	0.399	0.332	0.394	0.336	0.385	0.336	0.079	0.079	0.079	0.079	0.078	0.079	0.079	0.079	0.079	0.079	0.079	0.078	0.079
0:40:00	0.079	0.078	0.085	0.079	0.079	0.079	0.079	0.079	0.079	0.079	0.079	0.079	0.079	0.105	0.381	0.375	0.358	0.364	0.366	0.367	0.345	0.341	0.350	0.079	0.079	0.106	0.383	0.392	0.377	0.362	0.371	0.365	0.354	0.364	0.357	0.078	0.079	0.105	0.401	0.417	0.422	0.354	0.361	0.379	0.338	0.387	0.329	0.078	0.078	0.106	0.423	0.395	0.407	0.387	0.391	0.357	0.327	0.361	0.335	0.079	0.078	0.106	0.367	0.397	0.426	0.402	0.382	0.416	0.352	0.402	0.337	0.078	0.078	0.106	0.385	0.426	0.426	0.414	0.397	0.424	0.344	0.438	0.344	0.079	0.079	0.079	0.079	0.078	0.079	0.079	0.079	0.078	0.079	0.079	0.078	0.079
0:50:00	0.079	0.078	0.087	0.079	0.079	0.079	0.079	0.079	0.079	0.079	0.079	0.079	0.079	0.105	0.380	0.389	0.370	0.372	0.383	0.375	0.352	0.357	0.362	0.079	0.079	0.106	0.395	0.407	0.381	0.375	0.379	0.383	0.363	0.387	0.364	0.079	0.079	0.105	0.394	0.422	0.410	0.367	0.375	0.368	0.342	0.386	0.338	0.078	0.079	0.106	0.394	0.403	0.414	0.440	0.400	0.366	0.332	0.381	0.341	0.079	0.078	0.106	0.441	0.418	0.466	0.438	0.419	0.425	0.360	0.391	0.354	0.078	0.079	0.106	0.429	0.456	0.454	0.442	0.377	0.445	0.348	0.424	0.351	0.079	0.079	0.079	0.079	0.078	0.079	0.079	0.079	0.079	0.079	0.079	0.078	0.079
1:00:00	0.079	0.079	0.086	0.079	0.079	0.079	0.079	0.079	0.079	0.079	0.079	0.079	0.079	0.105	0.410	0.389	0.385	0.386	0.389	0.389	0.367	0.372	0.367	0.079	0.079	0.106	0.388	0.404	0.388	0.387	0.393	0.400	0.375	0.395	0.379	0.079	0.079	0.105	0.410	0.445	0.417	0.372	0.377	0.370	0.349	0.404	0.347	0.079	0.079	0.106	0.405	0.408	0.417	0.442	0.390	0.370	0.348	0.381	0.348	0.079	0.079	0.106	0.422	0.414	0.454	0.421	0.392	0.455	0.374	0.399	0.364	0.079	0.079	0.105	0.408	0.460	0.469	0.443	0.392	0.455	0.366	0.463	0.368	0.079	0.079	0.079	0.079	0.079	0.079	0.079	0.079	0.079	0.079	0.079	0.078	0.079
1:10:00	0.079	0.079	0.087	0.079	0.080	0.079	0.079	0.079	0.079	0.079	0.079	0.080	0.079	0.105	0.411	0.396	0.394	0.394	0.395	0.398	0.379	0.382	0.378	0.079	0.079	0.106	0.399	0.406	0.398	0.397	0.405	0.409	0.389	0.404	0.391	0.079	0.079	0.105	0.403	0.475	0.416	0.383	0.387	0.378	0.361	0.405	0.367	0.079	0.079	0.106	0.405	0.415	0.431	0.424	0.393	0.378	0.356	0.388	0.371	0.079	0.079	0.106	0.415	0.423	0.451	0.420	0.414	0.467	0.386	0.401	0.385	0.079	0.079	0.106	0.419	0.459	0.482	0.445	0.415	0.466	0.375	0.467	0.374	0.079	0.079	0.079	0.079	0.079	0.079	0.079	0.079	0.079	0.080	0.079	0.078	0.079
1:20:00	0.079	0.078	0.087	0.079	0.080	0.080	0.079	0.079	0.079	0.079	0.079	0.080	0.079	0.105	0.411	0.402	0.403	0.402	0.401	0.408	0.393	0.387	0.387	0.079	0.079	0.105	0.407	0.412	0.400	0.404	0.411	0.422	0.403	0.417	0.403	0.079	0.079	0.105	0.403	0.452	0.426	0.387	0.398	0.386	0.370	0.416	0.373	0.079	0.079	0.106	0.430	0.416	0.424	0.427	0.402	0.385	0.362	0.397	0.385	0.079	0.079	0.106	0.426	0.454	0.462	0.416	0.414	0.462	0.396	0.403	0.402	0.079	0.079	0.106	0.411	0.479	0.486	0.448	0.407	0.474	0.381	0.463	0.388	0.079	0.079	0.079	0.079	0.078	0.079	0.079	0.079	0.079	0.079	0.079	0.078	0.079
1:30:00	0.079	0.078	0.086	0.079	0.079	0.079	0.079	0.079	0.079	0.079	0.079	0.080	0.079	0.106	0.419	0.406	0.407	0.405	0.408	0.408	0.399	0.394	0.393	0.079	0.079	0.106	0.410	0.415	0.407	0.410	0.418	0.435	0.412	0.426	0.412	0.079	0.079	0.105	0.412	0.470	0.449	0.395	0.408	0.394	0.376	0.415	0.378	0.079	0.079	0.106	0.420	0.433	0.451	0.438	0.412	0.395	0.370	0.402	0.391	0.079	0.079	0.106	0.426	0.440	0.468	0.420	0.418	0.462	0.405	0.412	0.410	0.079	0.079	0.106	0.420	0.464	0.484	0.443	0.414	0.472	0.390	0.456	0.399	0.079	0.079	0.079	0.079	0.078	0.079	0.079	0.079	0.079	0.079	0.079	0.078	0.079
1:40:00	0.079	0.078	0.086	0.079	0.079	0.079	0.079	0.079	0.079	0.079	0.079	0.079	0.079	0.105	0.418	0.411	0.413	0.408	0.410	0.416	0.407	0.404	0.401	0.079	0.079	0.105	0.415	0.418	0.409	0.412	0.423	0.430	0.420	0.430	0.417	0.079	0.079	0.105	0.415	0.473	0.445	0.398	0.412	0.400	0.382	0.419	0.384	0.078	0.079	0.106	0.424	0.444	0.445	0.450	0.417	0.402	0.376	0.410	0.390	0.079	0.078	0.105	0.455	0.449	0.480	0.427	0.420	0.462	0.412	0.417	0.409	0.078	0.078	0.105	0.437	0.492	0.496	0.452	0.417	0.468	0.392	0.453	0.412	0.079	0.079	0.079	0.079	0.078	0.079	0.078	0.079	0.078	0.079	0.079	0.078	0.079
1:50:00	0.079	0.079	0.086	0.079	0.079	0.079	0.079	0.079	0.079	0.079	0.079	0.079	0.079	0.105	0.427	0.416	0.418	0.416	0.418	0.425	0.420	0.419	0.412	0.079	0.079	0.105	0.422	0.424	0.415	0.420	0.436	0.453	0.430	0.444	0.421	0.079	0.079	0.105	0.426	0.463	0.449	0.403	0.418	0.408	0.389	0.428	0.392	0.079	0.079	0.106	0.453	0.441	0.440	0.436	0.424	0.408	0.383	0.420	0.394	0.079	0.079	0.106	0.447	0.448	0.496	0.427	0.428	0.460	0.414	0.424	0.415	0.079	0.079	0.106	0.444	0.487	0.492	0.455	0.433	0.471	0.401	0.464	0.419	0.079	0.079	0.079	0.079	0.079	0.079	0.079	0.079	0.079	0.079	0.079	0.078	0.079
2:00:00	0.079	0.079	0.086	0.079	0.080	0.079	0.079	0.079	0.079	0.079	0.079	0.080	0.079	0.105	0.432	0.424	0.424	0.420	0.424	0.436	0.427	0.425	0.418	0.079	0.079	0.105	0.427	0.428	0.421	0.426	0.444	0.467	0.439	0.453	0.425	0.079	0.079	0.105	0.440	0.462	0.458	0.409	0.423	0.420	0.398	0.432	0.396	0.079	0.079	0.106	0.442	0.443	0.451	0.449	0.433	0.414	0.390	0.430	0.402	0.079	0.079	0.106	0.458	0.455	0.497	0.429	0.439	0.468	0.422	0.434	0.425	0.079	0.079	0.106	0.456	0.485	0.501	0.460	0.453	0.484	0.408	0.467	0.425	0.079	0.079	0.079	0.079	0.079	0.079	0.079	0.079	0.079	0.080	0.079	0.078	0.080
2:10:00	0.079	0.079	0.085	0.079	0.080	0.079	0.079	0.080	0.079	0.079	0.079	0.080	0.079	0.105	0.439	0.429	0.430	0.425	0.432	0.440	0.434	0.439	0.428	0.079	0.079	0.105	0.434	0.432	0.426	0.433	0.452	0.459	0.447	0.459	0.433	0.079	0.079	0.105	0.436	0.459	0.446	0.415	0.428	0.423	0.406	0.435	0.409	0.079	0.079	0.106	0.443	0.449	0.449	0.447	0.430	0.418	0.398	0.437	0.412	0.079	0.078	0.106	0.457	0.459	0.492	0.427	0.436	0.469	0.430	0.433	0.422	0.079	0.078	0.106	0.462	0.495	0.518	0.458	0.443	0.483	0.415	0.470	0.434	0.079	0.079	0.079	0.079	0.078	0.079	0.079	0.079	0.079	0.079	0.079	0.078	0.079
2:20:00	0.079	0.079	0.087	0.079	0.080	0.080	0.079	0.080	0.079	0.079	0.079	0.080	0.079	0.105	0.446	0.438	0.438	0.432	0.442	0.456	0.440	0.446	0.432	0.079	0.079	0.106	0.441	0.440	0.432	0.440	0.459	0.480	0.456	0.470	0.441	0.079	0.079	0.105	0.449	0.474	0.454	0.422	0.433	0.435	0.416	0.452	0.415	0.079	0.079	0.106	0.449	0.466	0.460	0.465	0.437	0.426	0.408	0.448	0.417	0.079	0.079	0.106	0.464	0.476	0.500	0.437	0.440	0.465	0.444	0.441	0.433	0.079	0.079	0.106	0.456	0.501	0.515	0.458	0.472	0.500	0.422	0.468	0.435	0.079	0.079	0.079	0.079	0.079	0.079	0.079	0.079	0.079	0.080	0.079	0.078	0.080
2:30:00	0.079	0.079	0.087	0.079	0.080	0.079	0.079	0.079	0.079	0.079	0.079	0.080	0.079	0.105	0.449	0.445	0.444	0.431	0.450	0.455	0.444	0.449	0.446	0.079	0.079	0.105	0.445	0.442	0.437	0.446	0.459	0.508	0.462	0.479	0.447	0.079	0.079	0.105	0.445	0.469	0.453	0.430	0.439	0.433	0.426	0.451	0.426	0.079	0.079	0.106	0.455	0.465	0.471	0.467	0.439	0.432	0.417	0.452	0.426	0.079	0.079	0.105	0.471	0.479	0.507	0.440	0.444	0.456	0.459	0.448	0.432	0.079	0.079	0.105	0.457	0.502	0.517	0.459	0.455	0.513	0.428	0.469	0.438	0.079	0.079	0.079	0.079	0.079	0.079	0.079	0.079	0.079	0.080	0.079	0.079	0.080
2:40:00	0.079	0.079	0.087	0.079	0.080	0.080	0.079	0.080	0.079	0.079	0.079	0.080	0.079	0.105	0.457	0.452	0.454	0.435	0.456	0.476	0.448	0.457	0.451	0.080	0.079	0.106	0.454	0.452	0.447	0.460	0.465	0.498	0.469	0.486	0.455	0.079	0.079	0.105	0.454	0.472	0.470	0.441	0.445	0.444	0.435	0.456	0.439	0.079	0.079	0.106	0.460	0.472	0.486	0.460	0.448	0.442	0.426	0.462	0.436	0.080	0.079	0.106	0.480	0.483	0.521	0.445	0.455	0.467	0.467	0.461	0.437	0.079	0.079	0.106	0.463	0.506	0.524	0.462	0.460	0.507	0.437	0.490	0.442	0.079	0.079	0.079	0.080	0.079	0.079	0.079	0.080	0.079	0.080	0.079	0.079	0.080
2:50:00	0.079	0.079	0.087	0.079	0.080	0.080	0.079	0.080	0.079	0.079	0.079	0.080	0.079	0.105	0.464	0.460	0.459	0.442	0.457	0.490	0.455	0.463	0.460	0.079	0.079	0.106	0.462	0.459	0.448	0.468	0.475	0.516	0.473	0.496	0.465	0.079	0.079	0.105	0.461	0.483	0.476	0.449	0.454	0.460	0.441	0.470	0.452	0.079	0.079	0.106	0.468	0.480	0.495	0.465	0.453	0.448	0.433	0.482	0.449	0.080	0.079	0.106	0.486	0.483	0.525	0.452	0.462	0.472	0.469	0.469	0.454	0.079	0.079	0.106	0.470	0.509	0.528	0.473	0.465	0.515	0.448	0.507	0.453	0.079	0.079	0.079	0.080	0.079	0.079	0.079	0.080	0.079	0.080	0.079	0.079	0.080
3:00:00	0.079	0.078	0.087	0.079	0.080	0.080	0.079	0.080	0.079	0.079	0.079	0.080	0.079	0.105	0.472	0.465	0.466	0.452	0.464	0.491	0.461	0.465	0.470	0.080	0.079	0.106	0.469	0.466	0.455	0.476	0.478	0.497	0.477	0.498	0.470	0.079	0.079	0.105	0.468	0.484	0.477	0.452	0.460	0.456	0.447	0.468	0.455	0.079	0.079	0.106	0.474	0.478	0.487	0.464	0.458	0.450	0.439	0.471	0.451	0.079	0.079	0.106	0.483	0.487	0.520	0.454	0.465	0.475	0.470	0.470	0.460	0.079	0.079	0.106	0.482	0.514	0.536	0.477	0.471	0.506	0.454	0.504	0.459	0.079	0.079	0.079	0.079	0.079	0.079	0.079	0.079	0.079	0.080	0.079	0.078	0.080
3:10:00	0.079	0.079	0.086	0.079	0.080	0.079	0.079	0.080	0.079	0.079	0.079	0.080	0.079	0.105	0.479	0.470	0.471	0.472	0.469	0.494	0.473	0.472	0.477	0.079	0.079	0.105	0.474	0.471	0.462	0.482	0.480	0.501	0.483	0.507	0.474	0.079	0.079	0.105	0.473	0.481	0.479	0.455	0.469	0.461	0.448	0.480	0.461	0.079	0.079	0.106	0.478	0.479	0.494	0.463	0.463	0.454	0.446	0.481	0.462	0.079	0.079	0.106	0.496	0.492	0.527	0.466	0.473	0.486	0.473	0.476	0.473	0.079	0.079	0.106	0.489	0.524	0.539	0.491	0.490	0.517	0.463	0.523	0.466	0.079	0.079	0.079	0.079	0.079	0.079	0.079	0.079	0.079	0.080	0.079	0.078	0.080
3:20:00	0.079	0.079	0.086	0.079	0.080	0.079	0.079	0.080	0.079	0.079	0.079	0.080	0.079	0.105	0.481	0.474	0.473	0.473	0.479	0.492	0.479	0.479	0.484	0.079	0.079	0.105	0.476	0.474	0.465	0.489	0.485	0.497	0.489	0.508	0.487	0.079	0.079	0.105	0.471	0.475	0.477	0.459	0.477	0.471	0.454	0.482	0.464	0.079	0.079	0.106	0.476	0.477	0.485	0.462	0.469	0.459	0.459	0.483	0.474	0.079	0.079	0.106	0.501	0.493	0.520	0.468	0.470	0.485	0.473	0.479	0.470	0.079	0.079	0.106	0.488	0.518	0.539	0.488	0.488	0.515	0.469	0.514	0.470	0.079	0.079	0.079	0.079	0.079	0.079	0.079	0.079	0.079	0.080	0.079	0.078	0.080
3:30:00	0.079	0.079	0.086	0.079	0.080	0.079	0.079	0.080	0.079	0.079	0.079	0.080	0.079	0.105	0.491	0.478	0.481	0.479	0.483	0.498	0.480	0.489	0.485	0.079	0.079	0.105	0.488	0.481	0.475	0.493	0.494	0.514	0.495	0.514	0.498	0.079	0.079	0.105	0.482	0.483	0.485	0.465	0.484	0.477	0.457	0.484	0.473	0.079	0.079	0.106	0.484	0.484	0.494	0.469	0.475	0.471	0.464	0.490	0.482	0.079	0.079	0.105	0.502	0.497	0.525	0.475	0.481	0.495	0.476	0.487	0.477	0.079	0.079	0.105	0.500	0.521	0.541	0.493	0.492	0.518	0.474	0.519	0.477	0.079	0.079	0.079	0.079	0.079	0.079	0.079	0.079	0.079	0.080	0.079	0.078	0.080
3:40:00	0.079	0.079	0.086	0.079	0.080	0.080	0.079	0.080	0.079	0.079	0.079	0.080	0.079	0.105	0.496	0.485	0.493	0.481	0.490	0.504	0.486	0.495	0.489	0.079	0.079	0.105	0.493	0.489	0.486	0.497	0.501	0.517	0.502	0.520	0.505	0.079	0.079	0.105	0.489	0.485	0.488	0.469	0.490	0.486	0.463	0.494	0.485	0.079	0.079	0.106	0.490	0.489	0.498	0.473	0.481	0.481	0.469	0.500	0.483	0.080	0.079	0.105	0.504	0.503	0.528	0.480	0.490	0.502	0.483	0.496	0.485	0.079	0.079	0.105	0.510	0.525	0.545	0.496	0.500	0.523	0.477	0.525	0.479	0.079	0.079	0.079	0.079	0.079	0.079	0.079	0.079	0.079	0.080	0.079	0.078	0.080
3:50:00	0.079	0.079	0.087	0.079	0.080	0.080	0.079	0.080	0.079	0.079	0.079	0.080	0.079	0.105	0.502	0.493	0.501	0.485	0.494	0.510	0.491	0.500	0.492	0.080	0.079	0.105	0.498	0.498	0.496	0.502	0.505	0.520	0.510	0.524	0.511	0.079	0.079	0.105	0.496	0.485	0.490	0.475	0.499	0.487	0.470	0.499	0.489	0.079	0.079	0.106	0.497	0.489	0.499	0.477	0.490	0.487	0.480	0.497	0.482	0.080	0.079	0.106	0.512	0.508	0.526	0.484	0.489	0.505	0.485	0.502	0.483	0.079	0.079	0.105	0.524	0.529	0.545	0.497	0.501	0.523	0.480	0.519	0.489	0.079	0.079	0.079	0.079	0.079	0.079	0.079	0.079	0.079	0.080	0.079	0.078	0.080
4:00:00	0.079	0.079	0.087	0.079	0.080	0.080	0.079	0.080	0.079	0.079	0.079	0.080	0.079	0.105	0.509	0.497	0.508	0.493	0.503	0.513	0.494	0.505	0.496	0.080	0.079	0.105	0.502	0.503	0.505	0.506	0.509	0.525	0.510	0.529	0.515	0.079	0.079	0.105	0.500	0.490	0.495	0.476	0.501	0.488	0.471	0.502	0.492	0.079	0.079	0.106	0.503	0.495	0.502	0.480	0.492	0.491	0.479	0.504	0.492	0.080	0.079	0.105	0.516	0.510	0.527	0.488	0.495	0.510	0.490	0.507	0.490	0.079	0.079	0.105	0.526	0.530	0.545	0.502	0.508	0.527	0.486	0.531	0.494	0.079	0.079	0.079	0.079	0.079	0.079	0.079	0.079	0.079	0.080	0.079	0.079	0.080
4:10:00	0.079	0.079	0.087	0.079	0.080	0.080	0.079	0.080	0.079	0.079	0.080	0.080	0.079	0.105	0.519	0.503	0.513	0.494	0.506	0.515	0.497	0.513	0.501	0.080	0.079	0.105	0.508	0.508	0.510	0.510	0.512	0.529	0.512	0.535	0.518	0.079	0.079	0.105	0.503	0.493	0.497	0.480	0.507	0.497	0.475	0.509	0.494	0.079	0.079	0.106	0.510	0.499	0.504	0.483	0.501	0.498	0.481	0.509	0.497	0.080	0.079	0.105	0.520	0.520	0.530	0.491	0.500	0.517	0.501	0.514	0.491	0.079	0.079	0.105	0.540	0.535	0.551	0.505	0.513	0.529	0.489	0.531	0.499	0.079	0.079	0.079	0.079	0.079	0.079	0.079	0.080	0.079	0.080	0.079	0.079	0.080
4:20:00	0.080	0.079	0.087	0.080	0.080	0.080	0.080	0.080	0.080	0.079	0.080	0.080	0.079	0.105	0.520	0.511	0.519	0.500	0.515	0.526	0.501	0.521	0.507	0.080	0.080	0.105	0.517	0.515	0.510	0.516	0.520	0.535	0.513	0.546	0.520	0.079	0.079	0.105	0.509	0.499	0.503	0.487	0.510	0.505	0.476	0.519	0.500	0.079	0.079	0.106	0.513	0.502	0.509	0.486	0.506	0.502	0.484	0.511	0.499	0.080	0.079	0.106	0.522	0.522	0.534	0.495	0.507	0.520	0.501	0.519	0.497	0.079	0.079	0.105	0.545	0.539	0.552	0.509	0.519	0.534	0.493	0.534	0.503	0.079	0.079	0.079	0.080	0.079	0.079	0.079	0.080	0.079	0.080	0.079	0.079	0.080
4:30:00	0.080	0.079	0.087	0.079	0.080	0.080	0.080	0.080	0.080	0.080	0.080	0.080	0.079	0.105	0.529	0.519	0.525	0.504	0.520	0.534	0.506	0.531	0.510	0.080	0.079	0.105	0.525	0.523	0.519	0.521	0.527	0.541	0.515	0.550	0.526	0.079	0.079	0.105	0.515	0.504	0.507	0.490	0.514	0.508	0.478	0.522	0.508	0.079	0.079	0.106	0.517	0.507	0.514	0.489	0.505	0.506	0.486	0.516	0.502	0.080	0.079	0.106	0.528	0.526	0.538	0.500	0.512	0.523	0.504	0.523	0.502	0.079	0.079	0.105	0.536	0.541	0.555	0.513	0.524	0.540	0.499	0.542	0.509	0.079	0.079	0.079	0.079	0.079	0.079	0.079	0.080	0.079	0.080	0.079	0.079	0.080
4:40:00	0.079	0.079	0.087	0.079	0.080	0.080	0.079	0.080	0.079	0.079	0.080	0.080	0.079	0.105	0.539	0.525	0.529	0.507	0.524	0.541	0.509	0.544	0.516	0.080	0.079	0.106	0.530	0.531	0.527	0.524	0.534	0.547	0.521	0.554	0.530	0.079	0.079	0.105	0.521	0.510	0.511	0.493	0.520	0.514	0.484	0.526	0.513	0.079	0.079	0.106	0.522	0.509	0.519	0.493	0.508	0.517	0.490	0.524	0.509	0.080	0.079	0.106	0.531	0.529	0.538	0.502	0.515	0.526	0.508	0.531	0.506	0.079	0.079	0.106	0.537	0.543	0.557	0.518	0.529	0.540	0.503	0.541	0.517	0.079	0.079	0.079	0.079	0.079	0.079	0.079	0.080	0.079	0.080	0.079	0.079	0.080
4:50:00	0.079	0.079	0.087	0.079	0.080	0.080	0.079	0.080	0.079	0.079	0.079	0.080	0.079	0.105	0.544	0.525	0.536	0.513	0.529	0.546	0.515	0.553	0.520	0.080	0.079	0.105	0.537	0.536	0.531	0.526	0.540	0.557	0.525	0.554	0.537	0.079	0.079	0.105	0.523	0.514	0.516	0.495	0.523	0.515	0.492	0.532	0.517	0.079	0.079	0.106	0.524	0.516	0.523	0.494	0.511	0.519	0.492	0.525	0.510	0.080	0.079	0.105	0.535	0.530	0.543	0.506	0.522	0.531	0.512	0.533	0.509	0.079	0.079	0.105	0.546	0.550	0.560	0.522	0.539	0.546	0.505	0.548	0.523	0.079	0.079	0.079	0.079	0.079	0.079	0.079	0.079	0.079	0.080	0.079	0.079	0.080
5:00:00	0.079	0.079	0.087	0.079	0.080	0.080	0.079	0.080	0.079	0.079	0.079	0.080	0.079	0.105	0.553	0.532	0.538	0.517	0.536	0.544	0.522	0.551	0.527	0.080	0.079	0.105	0.544	0.542	0.536	0.534	0.546	0.563	0.528	0.555	0.541	0.079	0.079	0.105	0.527	0.518	0.522	0.501	0.530	0.516	0.495	0.536	0.517	0.079	0.079	0.106	0.530	0.521	0.528	0.499	0.518	0.522	0.496	0.527	0.513	0.080	0.079	0.105	0.539	0.533	0.548	0.510	0.525	0.535	0.517	0.536	0.513	0.079	0.079	0.105	0.549	0.550	0.561	0.527	0.545	0.549	0.508	0.553	0.529	0.079	0.079	0.079	0.079	0.079	0.079	0.079	0.079	0.079	0.080	0.079	0.078	0.080
5:10:00	0.079	0.079	0.087	0.080	0.080	0.080	0.079	0.080	0.079	0.079	0.079	0.080	0.079	0.105	0.558	0.541	0.542	0.521	0.542	0.546	0.525	0.559	0.530	0.080	0.079	0.105	0.549	0.542	0.541	0.537	0.550	0.570	0.535	0.563	0.540	0.079	0.079	0.105	0.533	0.520	0.528	0.511	0.534	0.520	0.497	0.547	0.523	0.079	0.079	0.106	0.536	0.526	0.530	0.505	0.526	0.526	0.498	0.534	0.523	0.080	0.079	0.105	0.542	0.537	0.550	0.516	0.528	0.539	0.521	0.545	0.525	0.079	0.079	0.105	0.561	0.553	0.564	0.533	0.548	0.552	0.513	0.557	0.533	0.079	0.079	0.079	0.079	0.079	0.079	0.079	0.079	0.079	0.080	0.079	0.079	0.080
5:20:00	0.080	0.079	0.086	0.080	0.080	0.080	0.079	0.080	0.079	0.079	0.080	0.080	0.079	0.105	0.560	0.543	0.545	0.525	0.543	0.552	0.529	0.561	0.534	0.080	0.079	0.105	0.553	0.547	0.547	0.541	0.555	0.573	0.535	0.565	0.545	0.079	0.079	0.105	0.538	0.525	0.534	0.519	0.541	0.524	0.501	0.549	0.525	0.079	0.079	0.106	0.540	0.534	0.536	0.509	0.529	0.527	0.501	0.535	0.525	0.080	0.079	0.105	0.544	0.542	0.555	0.521	0.531	0.542	0.521	0.548	0.531	0.079	0.079	0.105	0.566	0.556	0.568	0.535	0.554	0.559	0.515	0.564	0.537	0.079	0.079	0.079	0.080	0.079	0.079	0.079	0.080	0.079	0.080	0.079	0.079	0.080
5:30:00	0.080	0.079	0.087	0.080	0.080	0.080	0.080	0.080	0.080	0.080	0.080	0.080	0.079	0.105	0.566	0.548	0.549	0.528	0.546	0.555	0.534	0.567	0.538	0.080	0.079	0.105	0.558	0.554	0.555	0.546	0.560	0.571	0.541	0.570	0.551	0.079	0.079	0.105	0.543	0.532	0.540	0.528	0.549	0.532	0.505	0.554	0.526	0.079	0.079	0.106	0.546	0.543	0.541	0.514	0.536	0.529	0.504	0.537	0.532	0.080	0.079	0.105	0.548	0.546	0.560	0.528	0.537	0.545	0.524	0.550	0.537	0.079	0.079	0.105	0.570	0.560	0.571	0.539	0.561	0.564	0.516	0.569	0.542	0.079	0.079	0.079	0.079	0.079	0.079	0.079	0.080	0.079	0.080	0.079	0.079	0.080
5:40:00	0.080	0.079	0.087	0.080	0.080	0.080	0.080	0.080	0.080	0.080	0.080	0.081	0.079	0.105	0.569	0.550	0.556	0.537	0.548	0.560	0.537	0.572	0.544	0.080	0.079	0.105	0.564	0.560	0.560	0.552	0.564	0.580	0.554	0.578	0.555	0.079	0.079	0.105	0.549	0.537	0.547	0.535	0.554	0.534	0.511	0.554	0.526	0.079	0.079	0.106	0.549	0.547	0.546	0.518	0.544	0.535	0.505	0.548	0.540	0.080	0.079	0.105	0.553	0.551	0.564	0.536	0.543	0.549	0.532	0.559	0.543	0.079	0.079	0.105	0.573	0.564	0.575	0.543	0.563	0.567	0.523	0.571	0.550	0.079	0.079	0.079	0.079	0.079	0.079	0.079	0.080	0.079	0.080	0.079	0.079	0.080
5:50:00	0.080	0.079	0.087	0.080	0.080	0.080	0.080	0.080	0.080	0.079	0.079	0.080	0.079	0.105	0.576	0.556	0.560	0.541	0.556	0.565	0.540	0.574	0.549	0.080	0.079	0.105	0.568	0.564	0.567	0.557	0.568	0.584	0.560	0.580	0.559	0.079	0.079	0.105	0.557	0.542	0.553	0.536	0.558	0.538	0.514	0.555	0.532	0.079	0.079	0.105	0.553	0.553	0.551	0.522	0.548	0.541	0.512	0.551	0.539	0.080	0.079	0.105	0.558	0.556	0.567	0.541	0.549	0.553	0.539	0.563	0.547	0.079	0.079	0.105	0.574	0.569	0.579	0.546	0.566	0.571	0.527	0.577	0.556	0.079	0.079	0.079	0.079	0.079	0.079	0.079	0.079	0.079	0.080	0.079	0.079	0.080
6:00:00	0.080	0.079	0.087	0.080	0.080	0.080	0.080	0.080	0.080	0.080	0.080	0.081	0.079	0.105	0.583	0.561	0.563	0.545	0.565	0.569	0.544	0.578	0.556	0.080	0.079	0.105	0.576	0.569	0.573	0.563	0.575	0.588	0.565	0.582	0.564	0.080	0.079	0.105	0.562	0.549	0.557	0.539	0.560	0.542	0.518	0.561	0.538	0.080	0.079	0.106	0.560	0.561	0.557	0.527	0.553	0.547	0.514	0.558	0.546	0.080	0.079	0.105	0.566	0.564	0.571	0.546	0.560	0.558	0.544	0.567	0.553	0.080	0.079	0.105	0.577	0.575	0.584	0.549	0.570	0.574	0.533	0.580	0.561	0.080	0.080	0.079	0.080	0.079	0.080	0.080	0.080	0.080	0.080	0.080	0.079	0.081
6:10:00	0.080	0.079	0.088	0.080	0.080	0.080	0.080	0.080	0.080	0.080	0.080	0.081	0.080	0.105	0.589	0.567	0.567	0.548	0.568	0.577	0.545	0.587	0.558	0.080	0.080	0.105	0.581	0.573	0.577	0.566	0.583	0.591	0.568	0.584	0.567	0.080	0.079	0.105	0.568	0.559	0.559	0.542	0.563	0.550	0.523	0.566	0.539	0.080	0.079	0.106	0.567	0.570	0.561	0.530	0.557	0.548	0.517	0.560	0.551	0.080	0.079	0.105	0.572	0.572	0.578	0.547	0.567	0.560	0.549	0.572	0.547	0.080	0.079	0.105	0.583	0.582	0.590	0.554	0.575	0.580	0.537	0.586	0.560	0.080	0.080	0.080	0.080	0.079	0.080	0.079	0.080	0.079	0.080	0.080	0.079	0.080
6:20:00	0.080	0.079	0.087	0.080	0.080	0.080	0.080	0.080	0.080	0.080	0.080	0.080	0.079	0.105	0.597	0.577	0.571	0.550	0.573	0.584	0.547	0.589	0.563	0.080	0.079	0.105	0.584	0.579	0.583	0.570	0.581	0.593	0.571	0.588	0.572	0.079	0.079	0.104	0.574	0.567	0.562	0.544	0.571	0.561	0.528	0.572	0.546	0.079	0.079	0.105	0.576	0.573	0.567	0.536	0.565	0.553	0.522	0.564	0.552	0.080	0.079	0.105	0.580	0.578	0.585	0.550	0.573	0.562	0.554	0.574	0.549	0.079	0.079	0.105	0.593	0.589	0.597	0.557	0.578	0.584	0.541	0.592	0.562	0.079	0.079	0.079	0.080	0.079	0.079	0.079	0.080	0.079	0.080	0.079	0.079	0.080
6:30:00	0.080	0.079	0.087	0.080	0.080	0.080	0.080	0.080	0.080	0.080	0.080	0.080	0.079	0.105	0.607	0.581	0.575	0.559	0.579	0.589	0.550	0.592	0.568	0.080	0.079	0.106	0.591	0.585	0.588	0.574	0.588	0.603	0.571	0.592	0.578	0.080	0.079	0.105	0.583	0.573	0.569	0.549	0.572	0.568	0.530	0.582	0.553	0.080	0.079	0.106	0.584	0.578	0.574	0.545	0.570	0.561	0.525	0.572	0.557	0.080	0.079	0.106	0.592	0.588	0.590	0.554	0.579	0.568	0.558	0.579	0.558	0.080	0.079	0.105	0.600	0.594	0.603	0.563	0.583	0.586	0.549	0.598	0.568	0.080	0.080	0.079	0.080	0.079	0.079	0.079	0.080	0.079	0.080	0.080	0.079	0.080
6:40:00	0.080	0.079	0.087	0.080	0.080	0.080	0.080	0.080	0.080	0.080	0.080	0.080	0.079	0.105	0.613	0.585	0.580	0.560	0.583	0.593	0.553	0.593	0.571	0.080	0.079	0.105	0.597	0.589	0.591	0.575	0.594	0.606	0.573	0.596	0.580	0.079	0.079	0.105	0.590	0.579	0.574	0.551	0.578	0.571	0.532	0.588	0.556	0.079	0.079	0.105	0.592	0.584	0.581	0.550	0.574	0.568	0.529	0.575	0.557	0.080	0.079	0.105	0.602	0.595	0.594	0.558	0.583	0.571	0.563	0.584	0.559	0.079	0.079	0.105	0.607	0.598	0.609	0.568	0.590	0.590	0.553	0.604	0.568	0.079	0.080	0.079	0.080	0.079	0.079	0.079	0.080	0.079	0.080	0.080	0.079	0.081
6:50:00	0.080	0.079	0.087	0.080	0.080	0.080	0.080	0.080	0.080	0.080	0.080	0.080	0.079	0.105	0.621	0.593	0.583	0.563	0.588	0.598	0.559	0.599	0.574	0.080	0.079	0.105	0.604	0.596	0.595	0.576	0.600	0.611	0.577	0.604	0.586	0.080	0.079	0.105	0.598	0.585	0.580	0.554	0.583	0.574	0.535	0.591	0.559	0.079	0.079	0.106	0.601	0.590	0.587	0.556	0.580	0.577	0.533	0.580	0.563	0.080	0.079	0.105	0.610	0.600	0.599	0.564	0.585	0.576	0.568	0.588	0.564	0.079	0.079	0.105	0.612	0.602	0.611	0.573	0.595	0.590	0.558	0.609	0.572	0.079	0.080	0.079	0.079	0.079	0.079	0.079	0.080	0.079	0.080	0.079	0.079	0.081
7:00:00	0.080	0.079	0.087	0.080	0.080	0.080	0.080	0.080	0.080	0.080	0.080	0.080	0.079	0.105	0.624	0.592	0.589	0.571	0.593	0.608	0.564	0.607	0.577	0.080	0.079	0.105	0.610	0.601	0.598	0.582	0.608	0.621	0.581	0.605	0.591	0.080	0.079	0.104	0.606	0.588	0.587	0.560	0.586	0.576	0.537	0.598	0.558	0.080	0.079	0.105	0.607	0.592	0.592	0.563	0.588	0.582	0.535	0.587	0.572	0.080	0.079	0.105	0.614	0.608	0.603	0.570	0.589	0.587	0.572	0.596	0.570	0.080	0.079	0.105	0.620	0.607	0.615	0.577	0.601	0.595	0.566	0.612	0.577	0.080	0.080	0.079	0.080	0.079	0.079	0.079	0.080	0.079	0.080	0.080	0.079	0.081
7:10:00	0.080	0.079	0.087	0.080	0.080	0.080	0.080	0.080	0.080	0.080	0.080	0.080	0.080	0.105	0.625	0.599	0.593	0.573	0.597	0.610	0.570	0.604	0.580	0.080	0.080	0.105	0.617	0.605	0.602	0.583	0.604	0.621	0.583	0.604	0.598	0.080	0.079	0.105	0.614	0.591	0.593	0.563	0.588	0.579	0.540	0.597	0.557	0.080	0.079	0.106	0.612	0.598	0.597	0.566	0.593	0.586	0.538	0.592	0.575	0.080	0.079	0.105	0.621	0.609	0.606	0.572	0.595	0.593	0.572	0.600	0.573	0.080	0.079	0.105	0.624	0.609	0.618	0.580	0.608	0.599	0.571	0.615	0.581	0.080	0.080	0.079	0.080	0.079	0.080	0.079	0.080	0.079	0.080	0.080	0.079	0.081
7:20:00	0.080	0.079	0.086	0.080	0.080	0.080	0.080	0.080	0.080	0.080	0.080	0.080	0.079	0.105	0.628	0.603	0.599	0.578	0.602	0.615	0.576	0.610	0.582	0.080	0.079	0.105	0.622	0.611	0.606	0.588	0.604	0.625	0.586	0.607	0.601	0.080	0.079	0.105	0.616	0.595	0.597	0.568	0.592	0.583	0.543	0.598	0.563	0.080	0.079	0.106	0.617	0.604	0.601	0.569	0.598	0.589	0.539	0.597	0.581	0.080	0.079	0.105	0.629	0.611	0.613	0.574	0.601	0.598	0.575	0.605	0.578	0.079	0.079	0.105	0.627	0.611	0.621	0.584	0.615	0.602	0.573	0.617	0.585	0.080	0.080	0.079	0.079	0.079	0.079	0.079	0.080	0.079	0.080	0.079	0.079	0.081
7:30:00	0.080	0.079	0.087	0.080	0.080	0.080	0.080	0.081	0.080	0.080	0.080	0.081	0.080	0.105	0.633	0.604	0.602	0.585	0.606	0.619	0.576	0.609	0.585	0.080	0.080	0.105	0.625	0.612	0.611	0.590	0.608	0.631	0.588	0.615	0.604	0.080	0.079	0.105	0.622	0.598	0.602	0.572	0.598	0.590	0.545	0.605	0.568	0.080	0.079	0.106	0.624	0.608	0.602	0.574	0.602	0.596	0.541	0.603	0.583	0.080	0.079	0.105	0.634	0.613	0.618	0.580	0.608	0.604	0.579	0.612	0.584	0.080	0.079	0.105	0.636	0.616	0.627	0.590	0.619	0.608	0.579	0.621	0.592	0.080	0.080	0.079	0.080	0.079	0.079	0.079	0.080	0.079	0.080	0.080	0.079	0.081
7:40:00	0.080	0.079	0.087	0.080	0.080	0.080	0.080	0.080	0.080	0.080	0.080	0.081	0.079	0.105	0.637	0.610	0.608	0.586	0.607	0.623	0.578	0.621	0.591	0.080	0.079	0.105	0.630	0.617	0.617	0.594	0.609	0.630	0.593	0.619	0.607	0.080	0.079	0.104	0.625	0.600	0.606	0.574	0.600	0.592	0.546	0.609	0.573	0.080	0.079	0.105	0.627	0.611	0.605	0.576	0.599	0.599	0.546	0.604	0.579	0.080	0.079	0.105	0.638	0.615	0.618	0.583	0.609	0.604	0.581	0.612	0.588	0.080	0.079	0.105	0.643	0.617	0.629	0.592	0.622	0.610	0.581	0.624	0.596	0.080	0.080	0.079	0.080	0.079	0.079	0.079	0.080	0.079	0.080	0.080	0.079	0.081
7:50:00	0.080	0.079	0.088	0.080	0.080	0.080	0.080	0.080	0.080	0.080	0.080	0.081	0.080	0.105	0.647	0.616	0.609	0.592	0.618	0.632	0.580	0.628	0.595	0.080	0.080	0.105	0.636	0.621	0.622	0.601	0.613	0.636	0.594	0.622	0.609	0.080	0.079	0.105	0.626	0.606	0.612	0.580	0.602	0.595	0.548	0.613	0.575	0.080	0.079	0.106	0.629	0.613	0.609	0.581	0.603	0.602	0.547	0.610	0.584	0.080	0.079	0.105	0.642	0.618	0.620	0.589	0.613	0.609	0.586	0.617	0.595	0.080	0.079	0.105	0.651	0.622	0.632	0.595	0.628	0.613	0.585	0.627	0.601	0.080	0.080	0.080	0.080	0.080	0.080	0.080	0.080	0.080	0.081	0.080	0.079	0.081
8:00:00	0.080	0.079	0.088	0.080	0.081	0.080	0.080	0.081	0.080	0.080	0.080	0.081	0.080	0.105	0.650	0.618	0.612	0.592	0.621	0.629	0.583	0.625	0.598	0.080	0.080	0.105	0.638	0.622	0.624	0.602	0.618	0.634	0.595	0.621	0.612	0.080	0.080	0.104	0.628	0.611	0.613	0.583	0.604	0.598	0.549	0.613	0.576	0.080	0.080	0.105	0.632	0.617	0.612	0.582	0.607	0.605	0.549	0.610	0.580	0.080	0.079	0.105	0.647	0.619	0.623	0.592	0.616	0.612	0.590	0.620	0.597	0.080	0.079	0.105	0.651	0.627	0.636	0.597	0.634	0.618	0.590	0.629	0.601	0.080	0.080	0.080	0.080	0.079	0.080	0.080	0.080	0.080	0.080	0.080	0.079	0.081
8:10:00	0.080	0.079	0.088	0.080	0.080	0.080	0.080	0.080	0.080	0.080	0.080	0.081	0.080	0.105	0.652	0.625	0.619	0.595	0.621	0.627	0.590	0.624	0.602	0.080	0.080	0.105	0.640	0.625	0.626	0.606	0.619	0.637	0.600	0.626	0.614	0.080	0.079	0.105	0.632	0.617	0.614	0.586	0.609	0.602	0.553	0.619	0.584	0.080	0.079	0.105	0.637	0.620	0.616	0.584	0.610	0.607	0.556	0.611	0.583	0.080	0.079	0.105	0.653	0.622	0.626	0.596	0.618	0.614	0.594	0.623	0.599	0.080	0.079	0.105	0.653	0.629	0.636	0.599	0.637	0.620	0.594	0.631	0.607	0.080	0.080	0.079	0.080	0.079	0.080	0.080	0.080	0.080	0.080	0.080	0.079	0.080
8:20:00	0.080	0.079	0.087	0.080	0.080	0.080	0.080	0.081	0.080	0.080	0.080	0.081	0.079	0.105	0.653	0.626	0.622	0.603	0.628	0.633	0.594	0.624	0.602	0.080	0.079	0.105	0.642	0.628	0.632	0.609	0.626	0.645	0.603	0.628	0.617	0.080	0.079	0.105	0.636	0.620	0.616	0.591	0.612	0.605	0.556	0.620	0.589	0.079	0.079	0.106	0.643	0.624	0.622	0.587	0.619	0.611	0.555	0.616	0.585	0.080	0.079	0.105	0.656	0.627	0.630	0.602	0.624	0.619	0.597	0.628	0.603	0.080	0.079	0.105	0.657	0.633	0.639	0.603	0.639	0.627	0.596	0.636	0.612	0.080	0.080	0.079	0.080	0.079	0.079	0.079	0.080	0.079	0.080	0.080	0.079	0.080
8:30:00	0.080	0.079	0.087	0.080	0.080	0.080	0.080	0.080	0.080	0.080	0.080	0.080	0.079	0.105	0.659	0.628	0.622	0.601	0.626	0.631	0.596	0.625	0.608	0.080	0.080	0.105	0.646	0.631	0.634	0.609	0.629	0.646	0.603	0.633	0.616	0.080	0.079	0.104	0.641	0.623	0.619	0.591	0.613	0.608	0.558	0.621	0.585	0.079	0.079	0.105	0.648	0.627	0.623	0.588	0.621	0.612	0.560	0.616	0.588	0.080	0.079	0.105	0.659	0.627	0.634	0.605	0.625	0.620	0.599	0.629	0.607	0.080	0.079	0.105	0.661	0.635	0.640	0.605	0.641	0.631	0.599	0.638	0.613	0.080	0.080	0.079	0.080	0.079	0.079	0.079	0.080	0.079	0.080	0.080	0.079	0.080
8:40:00	0.080	0.079	0.087	0.080	0.080	0.080	0.080	0.081	0.080	0.080	0.080	0.080	0.080	0.105	0.666	0.634	0.625	0.603	0.631	0.638	0.600	0.629	0.610	0.080	0.080	0.105	0.650	0.636	0.638	0.612	0.631	0.645	0.603	0.634	0.617	0.080	0.079	0.105	0.642	0.626	0.621	0.593	0.614	0.613	0.563	0.621	0.588	0.079	0.079	0.105	0.651	0.630	0.627	0.591	0.621	0.616	0.563	0.619	0.592	0.080	0.079	0.105	0.663	0.628	0.638	0.606	0.625	0.622	0.601	0.632	0.605	0.080	0.079	0.105	0.668	0.636	0.643	0.607	0.644	0.634	0.601	0.642	0.618	0.080	0.080	0.080	0.080	0.079	0.079	0.079	0.080	0.079	0.080	0.080	0.079	0.080
8:50:00	0.080	0.079	0.087	0.080	0.081	0.080	0.080	0.080	0.080	0.080	0.080	0.080	0.080	0.105	0.668	0.637	0.625	0.613	0.638	0.638	0.596	0.630	0.611	0.080	0.080	0.105	0.654	0.638	0.640	0.616	0.632	0.645	0.605	0.636	0.619	0.080	0.080	0.104	0.644	0.628	0.624	0.597	0.616	0.614	0.562	0.623	0.589	0.080	0.079	0.105	0.653	0.633	0.632	0.596	0.625	0.618	0.565	0.624	0.597	0.080	0.079	0.105	0.666	0.632	0.644	0.608	0.628	0.627	0.604	0.636	0.606	0.080	0.079	0.105	0.671	0.639	0.647	0.611	0.649	0.638	0.606	0.649	0.622	0.080	0.080	0.080	0.080	0.080	0.080	0.080	0.080	0.080	0.080	0.080	0.079	0.080
9:00:00	0.080	0.079	0.087	0.080	0.081	0.080	0.080	0.081	0.080	0.080	0.080	0.080	0.080	0.105	0.673	0.641	0.628	0.612	0.634	0.636	0.600	0.635	0.616	0.080	0.080	0.105	0.658	0.639	0.640	0.617	0.633	0.644	0.605	0.637	0.622	0.080	0.080	0.104	0.647	0.631	0.627	0.598	0.615	0.615	0.565	0.627	0.589	0.080	0.079	0.105	0.657	0.634	0.631	0.598	0.625	0.620	0.567	0.625	0.598	0.080	0.079	0.105	0.666	0.633	0.646	0.610	0.630	0.630	0.606	0.637	0.609	0.080	0.079	0.105	0.673	0.642	0.648	0.611	0.651	0.638	0.608	0.651	0.622	0.080	0.080	0.080	0.080	0.079	0.080	0.080	0.080	0.080	0.080	0.080	0.079	0.080
9:10:00	0.080	0.079	0.086	0.080	0.081	0.080	0.080	0.081	0.080	0.080	0.080	0.080	0.079	0.105	0.676	0.643	0.633	0.618	0.640	0.641	0.601	0.642	0.623	0.080	0.080	0.105	0.661	0.642	0.645	0.622	0.636	0.646	0.609	0.638	0.628	0.080	0.079	0.104	0.649	0.634	0.629	0.601	0.617	0.618	0.567	0.631	0.591	0.080	0.079	0.105	0.658	0.635	0.633	0.600	0.626	0.622	0.568	0.628	0.600	0.080	0.079	0.105	0.665	0.637	0.649	0.612	0.633	0.633	0.609	0.639	0.610	0.080	0.079	0.105	0.676	0.644	0.651	0.613	0.652	0.640	0.609	0.653	0.622	0.080	0.080	0.079	0.080	0.079	0.079	0.079	0.080	0.079	0.080	0.080	0.079	0.081
9:20:00	0.080	0.079	0.088	0.080	0.080	0.080	0.080	0.081	0.080	0.080	0.080	0.080	0.080	0.105	0.677	0.647	0.637	0.623	0.642	0.649	0.599	0.641	0.621	0.080	0.080	0.105	0.661	0.646	0.648	0.622	0.637	0.646	0.609	0.642	0.626	0.080	0.079	0.104	0.652	0.636	0.634	0.603	0.620	0.617	0.565	0.632	0.590	0.080	0.079	0.105	0.657	0.634	0.635	0.603	0.628	0.625	0.569	0.630	0.601	0.080	0.079	0.105	0.668	0.642	0.651	0.615	0.637	0.639	0.607	0.643	0.611	0.080	0.079	0.105	0.678	0.648	0.654	0.618	0.654	0.646	0.614	0.658	0.624	0.080	0.080	0.079	0.080	0.079	0.080	0.080	0.080	0.080	0.080	0.080	0.079	0.081
9:30:00	0.080	0.079	0.088	0.080	0.081	0.080	0.080	0.081	0.080	0.080	0.080	0.080	0.080	0.105	0.678	0.649	0.638	0.618	0.639	0.645	0.602	0.639	0.621	0.080	0.080	0.105	0.661	0.647	0.648	0.621	0.642	0.649	0.611	0.639	0.625	0.080	0.080	0.104	0.654	0.636	0.635	0.604	0.625	0.619	0.566	0.632	0.589	0.080	0.080	0.105	0.659	0.635	0.636	0.603	0.629	0.626	0.573	0.632	0.598	0.080	0.079	0.105	0.669	0.644	0.652	0.616	0.639	0.640	0.607	0.645	0.611	0.080	0.080	0.105	0.679	0.650	0.656	0.619	0.656	0.647	0.614	0.658	0.628	0.080	0.080	0.080	0.080	0.080	0.080	0.080	0.080	0.080	0.081	0.080	0.080	0.081
9:40:00	0.080	0.080	0.087	0.080	0.081	0.080	0.080	0.081	0.080	0.080	0.080	0.080	0.080	0.105	0.680	0.650	0.640	0.620	0.639	0.644	0.604	0.640	0.623	0.080	0.080	0.105	0.665	0.649	0.650	0.622	0.643	0.650	0.613	0.643	0.628	0.080	0.080	0.104	0.655	0.636	0.637	0.605	0.629	0.620	0.568	0.636	0.591	0.080	0.080	0.105	0.660	0.637	0.637	0.604	0.629	0.627	0.576	0.635	0.602	0.080	0.080	0.105	0.669	0.644	0.652	0.618	0.638	0.640	0.610	0.645	0.613	0.080	0.080	0.105	0.680	0.653	0.656	0.621	0.658	0.647	0.614	0.659	0.629	0.080	0.080	0.080	0.080	0.080	0.080	0.080	0.080	0.080	0.081	0.080	0.079	0.081
9:50:00	0.080	0.079	0.087	0.080	0.081	0.080	0.080	0.081	0.080	0.080	0.080	0.080	0.080	0.105	0.683	0.656	0.643	0.628	0.645	0.651	0.606	0.645	0.624	0.080	0.080	0.105	0.668	0.653	0.656	0.627	0.642	0.652	0.613	0.645	0.630	0.080	0.080	0.104	0.657	0.638	0.640	0.609	0.631	0.619	0.568	0.639	0.595	0.080	0.080	0.105	0.662	0.640	0.641	0.607	0.628	0.629	0.574	0.638	0.607	0.080	0.079	0.105	0.672	0.644	0.654	0.621	0.641	0.644	0.612	0.648	0.617	0.080	0.079	0.105	0.684	0.654	0.659	0.626	0.661	0.649	0.617	0.660	0.627	0.080	0.080	0.080	0.080	0.079	0.080	0.080	0.080	0.080	0.080	0.080	0.079	0.081
10:00:00	0.080	0.079	0.088	0.080	0.081	0.080	0.080	0.081	0.080	0.080	0.080	0.080	0.080	0.105	0.690	0.655	0.645	0.627	0.647	0.650	0.605	0.644	0.625	0.081	0.080	0.105	0.670	0.654	0.658	0.625	0.645	0.653	0.612	0.641	0.629	0.080	0.080	0.105	0.660	0.640	0.642	0.610	0.630	0.622	0.568	0.638	0.595	0.080	0.080	0.106	0.663	0.643	0.642	0.608	0.630	0.629	0.575	0.638	0.603	0.080	0.079	0.105	0.673	0.645	0.655	0.624	0.642	0.645	0.611	0.650	0.623	0.080	0.079	0.105	0.687	0.657	0.662	0.629	0.663	0.651	0.618	0.662	0.630	0.080	0.080	0.080	0.080	0.080	0.080	0.080	0.080	0.080	0.081	0.080	0.079	0.081
10:10:00	0.080	0.079	0.088	0.080	0.081	0.080	0.080	0.081	0.080	0.080	0.080	0.080	0.080	0.105	0.694	0.658	0.646	0.625	0.648	0.653	0.607	0.647	0.629	0.080	0.080	0.105	0.675	0.655	0.658	0.625	0.648	0.655	0.615	0.641	0.633	0.080	0.079	0.104	0.662	0.642	0.644	0.610	0.630	0.622	0.569	0.634	0.598	0.080	0.079	0.105	0.664	0.645	0.643	0.608	0.631	0.631	0.578	0.638	0.603	0.080	0.079	0.105	0.676	0.645	0.657	0.623	0.642	0.645	0.612	0.646	0.626	0.080	0.079	0.105	0.691	0.659	0.663	0.630	0.664	0.651	0.616	0.663	0.628	0.080	0.080	0.080	0.080	0.079	0.080	0.080	0.080	0.080	0.080	0.080	0.079	0.081
10:20:00	0.080	0.079	0.087	0.080	0.081	0.080	0.080	0.081	0.080	0.080	0.080	0.080	0.080	0.105	0.695	0.660	0.650	0.631	0.654	0.652	0.613	0.654	0.634	0.080	0.080	0.105	0.678	0.656	0.659	0.628	0.652	0.660	0.617	0.646	0.635	0.080	0.080	0.104	0.662	0.643	0.646	0.612	0.631	0.624	0.570	0.635	0.600	0.080	0.079	0.105	0.665	0.647	0.646	0.611	0.633	0.634	0.578	0.638	0.604	0.080	0.079	0.105	0.680	0.648	0.659	0.624	0.645	0.648	0.612	0.650	0.625	0.080	0.079	0.105	0.692	0.663	0.667	0.633	0.667	0.655	0.619	0.666	0.630	0.080	0.080	0.080	0.080	0.080	0.080	0.080	0.080	0.080	0.080	0.080	0.079	0.081
10:30:00	0.080	0.079	0.086	0.080	0.081	0.080	0.080	0.081	0.080	0.080	0.080	0.080	0.080	0.104	0.696	0.662	0.651	0.625	0.652	0.647	0.614	0.649	0.631	0.080	0.080	0.105	0.678	0.656	0.659	0.625	0.650	0.657	0.618	0.644	0.632	0.080	0.080	0.104	0.664	0.645	0.646	0.612	0.629	0.626	0.572	0.635	0.597	0.079	0.079	0.105	0.666	0.648	0.647	0.613	0.635	0.634	0.580	0.637	0.603	0.080	0.079	0.105	0.682	0.650	0.660	0.625	0.647	0.648	0.614	0.654	0.622	0.080	0.079	0.105	0.692	0.663	0.666	0.633	0.670	0.657	0.622	0.666	0.630	0.080	0.080	0.080	0.080	0.080	0.080	0.080	0.080	0.080	0.080	0.080	0.079	0.081
10:40:00	0.080	0.079	0.087	0.081	0.081	0.081	0.080	0.081	0.080	0.080	0.080	0.080	0.080	0.105	0.699	0.665	0.651	0.623	0.654	0.655	0.611	0.645	0.634	0.081	0.080	0.105	0.680	0.658	0.660	0.625	0.648	0.656	0.620	0.645	0.631	0.080	0.080	0.104	0.667	0.646	0.646	0.612	0.629	0.626	0.575	0.634	0.597	0.080	0.080	0.105	0.668	0.649	0.646	0.613	0.635	0.635	0.583	0.639	0.605	0.080	0.080	0.105	0.684	0.653	0.661	0.625	0.647	0.650	0.616	0.656	0.619	0.080	0.080	0.105	0.692	0.663	0.668	0.631	0.672	0.658	0.621	0.666	0.631	0.080	0.080	0.080	0.080	0.080	0.080	0.080	0.080	0.080	0.081	0.080	0.080	0.081
10:50:00	0.080	0.079	0.086	0.081	0.081	0.081	0.080	0.081	0.080	0.080	0.080	0.080	0.080	0.105	0.703	0.667	0.654	0.626	0.657	0.655	0.610	0.646	0.632	0.081	0.080	0.105	0.681	0.661	0.662	0.627	0.649	0.654	0.621	0.648	0.634	0.080	0.080	0.104	0.668	0.649	0.648	0.615	0.631	0.627	0.576	0.634	0.597	0.080	0.080	0.105	0.669	0.651	0.650	0.616	0.638	0.639	0.582	0.642	0.608	0.080	0.080	0.105	0.686	0.654	0.664	0.626	0.651	0.653	0.619	0.656	0.620	0.080	0.079	0.105	0.696	0.668	0.672	0.636	0.674	0.661	0.625	0.670	0.631	0.080	0.080	0.080	0.080	0.080	0.080	0.080	0.080	0.080	0.081	0.080	0.079	0.081
11:00:00	0.080	0.079	0.088	0.081	0.081	0.081	0.080	0.081	0.080	0.080	0.080	0.080	0.080	0.105	0.706	0.666	0.657	0.625	0.658	0.653	0.611	0.649	0.633	0.081	0.080	0.105	0.682	0.662	0.662	0.626	0.649	0.652	0.620	0.649	0.636	0.080	0.080	0.104	0.669	0.652	0.649	0.615	0.632	0.624	0.577	0.633	0.598	0.080	0.080	0.105	0.670	0.654	0.652	0.616	0.638	0.643	0.583	0.643	0.607	0.080	0.080	0.105	0.686	0.655	0.665	0.626	0.652	0.652	0.617	0.655	0.624	0.080	0.080	0.105	0.696	0.670	0.674	0.637	0.676	0.661	0.624	0.670	0.632	0.080	0.080	0.080	0.080	0.080	0.080	0.080	0.080	0.080	0.081	0.080	0.079	0.080
11:10:00	0.080	0.079	0.087	0.081	0.081	0.080	0.080	0.081	0.080	0.080	0.080	0.080	0.080	0.104	0.704	0.669	0.659	0.629	0.660	0.657	0.611	0.652	0.636	0.081	0.080	0.105	0.683	0.664	0.661	0.627	0.648	0.654	0.620	0.648	0.638	0.080	0.080	0.104	0.669	0.653	0.650	0.614	0.633	0.625	0.578	0.634	0.601	0.080	0.079	0.105	0.671	0.654	0.653	0.616	0.638	0.642	0.584	0.641	0.609	0.080	0.080	0.105	0.687	0.656	0.665	0.627	0.653	0.650	0.617	0.655	0.623	0.080	0.079	0.105	0.696	0.672	0.676	0.638	0.676	0.662	0.625	0.671	0.629	0.080	0.080	0.080	0.080	0.080	0.080	0.080	0.080	0.080	0.081	0.080	0.080	0.080
11:20:00	0.080	0.079	0.088	0.081	0.081	0.081	0.080	0.081	0.080	0.080	0.080	0.081	0.080	0.105	0.706	0.670	0.658	0.630	0.658	0.655	0.609	0.650	0.628	0.081	0.080	0.105	0.684	0.664	0.663	0.629	0.647	0.655	0.621	0.650	0.636	0.081	0.080	0.104	0.670	0.653	0.652	0.615	0.632	0.624	0.578	0.635	0.602	0.080	0.080	0.105	0.671	0.656	0.655	0.618	0.640	0.645	0.584	0.641	0.610	0.080	0.080	0.105	0.689	0.658	0.667	0.629	0.655	0.654	0.618	0.659	0.622	0.080	0.080	0.105	0.699	0.677	0.679	0.643	0.680	0.668	0.629	0.674	0.633	0.080	0.081	0.080	0.080	0.080	0.080	0.080	0.080	0.080	0.081	0.080	0.080	0.081
11:30:00	0.080	0.079	0.088	0.081	0.081	0.081	0.080	0.081	0.080	0.080	0.081	0.081	0.080	0.105	0.710	0.672	0.659	0.627	0.657	0.658	0.613	0.650	0.630	0.081	0.080	0.105	0.685	0.664	0.663	0.630	0.647	0.655	0.623	0.649	0.637	0.080	0.080	0.104	0.672	0.654	0.651	0.615	0.632	0.626	0.578	0.636	0.601	0.080	0.080	0.105	0.673	0.657	0.655	0.617	0.639	0.645	0.587	0.641	0.608	0.080	0.080	0.105	0.691	0.658	0.666	0.631	0.654	0.653	0.617	0.660	0.622	0.080	0.080	0.105	0.704	0.679	0.680	0.643	0.681	0.667	0.627	0.674	0.633	0.080	0.080	0.080	0.080	0.080	0.080	0.080	0.080	0.080	0.081	0.080	0.080	0.080
11:40:00	0.080	0.079	0.087	0.081	0.081	0.081	0.080	0.081	0.080	0.080	0.080	0.080	0.080	0.104	0.713	0.677	0.663	0.632	0.668	0.661	0.616	0.657	0.632	0.081	0.080	0.105	0.686	0.666	0.666	0.633	0.649	0.659	0.621	0.652	0.636	0.080	0.080	0.104	0.673	0.655	0.651	0.617	0.634	0.625	0.578	0.636	0.601	0.079	0.080	0.105	0.674	0.657	0.652	0.618	0.639	0.645	0.588	0.640	0.610	0.080	0.080	0.105	0.693	0.659	0.666	0.633	0.654	0.652	0.617	0.658	0.625	0.080	0.079	0.105	0.706	0.681	0.682	0.645	0.683	0.668	0.626	0.674	0.632	0.080	0.079	0.080	0.080	0.080	0.080	0.080	0.080	0.080	0.081	0.080	0.079	0.080
11:50:00	0.080	0.079	0.087	0.081	0.081	0.081	0.081	0.081	0.080	0.080	0.081	0.080	0.080	0.105	0.713	0.676	0.665	0.629	0.660	0.656	0.614	0.656	0.630	0.081	0.080	0.105	0.687	0.666	0.666	0.631	0.647	0.654	0.619	0.652	0.637	0.080	0.080	0.105	0.673	0.654	0.652	0.617	0.636	0.624	0.578	0.637	0.602	0.080	0.080	0.105	0.675	0.657	0.653	0.619	0.642	0.644	0.588	0.638	0.610	0.080	0.080	0.105	0.693	0.659	0.669	0.636	0.656	0.654	0.617	0.660	0.623	0.080	0.080	0.105	0.707	0.682	0.682	0.648	0.684	0.670	0.628	0.678	0.639	0.080	0.079	0.080	0.080	0.080	0.080	0.080	0.080	0.080	0.081	0.080	0.080	0.081
12:00:00	0.080	0.079	0.088	0.081	0.081	0.081	0.080	0.081	0.080	0.080	0.080	0.080	0.080	0.104	0.713	0.676	0.664	0.629	0.659	0.652	0.613	0.654	0.630	0.081	0.080	0.105	0.689	0.665	0.663	0.631	0.649	0.655	0.619	0.650	0.638	0.080	0.080	0.104	0.674	0.653	0.651	0.616	0.639	0.625	0.579	0.637	0.602	0.079	0.080	0.105	0.675	0.658	0.651	0.617	0.640	0.643	0.588	0.640	0.611	0.080	0.080	0.105	0.695	0.658	0.669	0.635	0.655	0.651	0.616	0.659	0.623	0.080	0.079	0.105	0.708	0.681	0.679	0.646	0.684	0.667	0.626	0.675	0.636	0.080	0.079	0.080	0.080	0.080	0.080	0.080	0.080	0.080	0.081	0.080	0.079	0.080
12:10:00	0.080	0.079	0.087	0.081	0.081	0.081	0.080	0.081	0.080	0.080	0.080	0.080	0.080	0.105	0.717	0.679	0.670	0.634	0.664	0.654	0.616	0.657	0.632	0.081	0.080	0.105	0.690	0.668	0.665	0.634	0.651	0.657	0.619	0.649	0.640	0.080	0.080	0.104	0.673	0.652	0.653	0.619	0.640	0.625	0.580	0.639	0.604	0.079	0.080	0.105	0.675	0.657	0.652	0.620	0.641	0.643	0.588	0.639	0.613	0.080	0.080	0.105	0.696	0.660	0.670	0.633	0.656	0.652	0.617	0.656	0.623	0.080	0.080	0.105	0.714	0.683	0.684	0.650	0.687	0.672	0.632	0.677	0.636	0.080	0.079	0.080	0.080	0.080	0.080	0.080	0.080	0.080	0.081	0.080	0.080	0.080
12:20:00	0.080	0.079	0.087	0.081	0.081	0.081	0.080	0.081	0.080	0.080	0.079	0.080	0.080	0.104	0.720	0.679	0.667	0.629	0.659	0.653	0.614	0.655	0.631	0.081	0.080	0.105	0.691	0.666	0.663	0.632	0.649	0.655	0.618	0.649	0.638	0.080	0.080	0.104	0.674	0.654	0.653	0.617	0.638	0.623	0.579	0.640	0.605	0.079	0.080	0.105	0.676	0.656	0.653	0.621	0.642	0.642	0.588	0.638	0.613	0.080	0.080	0.105	0.697	0.662	0.671	0.632	0.659	0.654	0.616	0.658	0.625	0.080	0.080	0.105	0.716	0.686	0.685	0.650	0.688	0.674	0.636	0.679	0.638	0.080	0.079	0.080	0.080	0.080	0.080	0.080	0.080	0.080	0.081	0.080	0.080	0.081
12:30:00	0.080	0.079	0.087	0.081	0.081	0.081	0.080	0.081	0.079	0.080	0.079	0.080	0.080	0.104	0.718	0.678	0.668	0.630	0.656	0.651	0.612	0.656	0.631	0.081	0.080	0.105	0.691	0.667	0.663	0.632	0.648	0.654	0.619	0.651	0.639	0.080	0.080	0.104	0.674	0.654	0.653	0.616	0.638	0.622	0.579	0.639	0.606	0.079	0.080	0.105	0.675	0.657	0.653	0.620	0.643	0.643	0.588	0.637	0.612	0.080	0.080	0.105	0.695	0.663	0.672	0.634	0.660	0.658	0.614	0.660	0.625	0.080	0.080	0.105	0.712	0.689	0.687	0.651	0.689	0.676	0.637	0.681	0.638	0.080	0.079	0.080	0.080	0.080	0.080	0.080	0.080	0.080	0.081	0.080	0.080	0.081
12:40:00	0.080	0.079	0.088	0.081	0.081	0.081	0.081	0.081	0.080	0.080	0.079	0.080	0.080	0.105	0.720	0.679	0.668	0.630	0.655	0.654	0.615	0.654	0.627	0.081	0.080	0.105	0.693	0.667	0.663	0.631	0.649	0.651	0.617	0.651	0.640	0.080	0.080	0.104	0.674	0.654	0.652	0.615	0.640	0.621	0.579	0.638	0.605	0.079	0.080	0.105	0.677	0.655	0.651	0.619	0.643	0.644	0.590	0.637	0.613	0.080	0.080	0.105	0.696	0.661	0.671	0.632	0.662	0.655	0.615	0.660	0.624	0.080	0.080	0.105	0.713	0.689	0.687	0.649	0.689	0.676	0.634	0.680	0.638	0.080	0.079	0.080	0.080	0.080	0.080	0.080	0.080	0.080	0.081	0.080	0.080	0.081
12:50:00	0.080	0.079	0.087	0.081	0.081	0.081	0.080	0.081	0.080	0.080	0.079	0.080	0.080	0.104	0.720	0.685	0.672	0.637	0.661	0.652	0.620	0.659	0.630	0.081	0.080	0.105	0.692	0.670	0.664	0.634	0.648	0.651	0.619	0.652	0.641	0.080	0.080	0.104	0.674	0.653	0.651	0.616	0.640	0.620	0.580	0.639	0.607	0.079	0.080	0.105	0.678	0.654	0.648	0.618	0.644	0.643	0.591	0.636	0.613	0.080	0.080	0.105	0.697	0.662	0.671	0.632	0.661	0.653	0.616	0.661	0.624	0.080	0.080	0.105	0.714	0.691	0.688	0.653	0.691	0.678	0.633	0.681	0.636	0.080	0.079	0.080	0.080	0.080	0.080	0.080	0.080	0.080	0.081	0.080	0.080	0.081
13:00:00	0.080	0.080	0.087	0.081	0.081	0.081	0.081	0.081	0.080	0.081	0.080	0.080	0.080	0.104	0.722	0.685	0.668	0.630	0.657	0.653	0.616	0.658	0.630	0.081	0.080	0.105	0.693	0.669	0.661	0.631	0.647	0.652	0.618	0.654	0.639	0.080	0.080	0.104	0.675	0.653	0.651	0.614	0.637	0.619	0.580	0.639	0.608	0.080	0.080	0.105	0.678	0.651	0.649	0.617	0.644	0.641	0.590	0.636	0.613	0.080	0.080	0.105	0.697	0.661	0.670	0.632	0.660	0.653	0.614	0.659	0.625	0.080	0.080	0.105	0.714	0.691	0.690	0.653	0.691	0.678	0.632	0.684	0.639	0.080	0.080	0.080	0.080	0.080	0.080	0.080	0.081	0.080	0.081	0.080	0.080	0.081
13:10:00	0.081	0.080	0.088	0.081	0.081	0.081	0.081	0.081	0.080	0.081	0.080	0.080	0.080	0.105	0.725	0.686	0.666	0.631	0.656	0.654	0.614	0.661	0.627	0.081	0.080	0.105	0.695	0.669	0.660	0.630	0.647	0.654	0.620	0.651	0.640	0.080	0.080	0.104	0.675	0.653	0.649	0.613	0.636	0.619	0.580	0.638	0.608	0.080	0.080	0.105	0.678	0.650	0.647	0.615	0.641	0.641	0.589	0.636	0.613	0.080	0.080	0.105	0.698	0.659	0.668	0.631	0.657	0.649	0.614	0.655	0.625	0.080	0.080	0.105	0.713	0.690	0.688	0.649	0.691	0.676	0.631	0.682	0.638	0.080	0.080	0.080	0.080	0.080	0.080	0.080	0.081	0.080	0.081	0.080	0.080	0.081
13:20:00	0.080	0.080	0.087	0.081	0.081	0.081	0.081	0.081	0.080	0.081	0.080	0.080	0.080	0.104	0.724	0.686	0.667	0.633	0.655	0.652	0.615	0.658	0.630	0.081	0.080	0.105	0.694	0.670	0.659	0.632	0.647	0.652	0.619	0.649	0.641	0.080	0.080	0.104	0.675	0.654	0.649	0.611	0.636	0.619	0.580	0.636	0.608	0.080	0.080	0.105	0.678	0.650	0.647	0.617	0.642	0.640	0.589	0.637	0.614	0.080	0.080	0.105	0.698	0.660	0.669	0.633	0.658	0.650	0.614	0.654	0.626	0.080	0.080	0.105	0.713	0.693	0.691	0.652	0.693	0.678	0.634	0.683	0.639	0.080	0.080	0.080	0.080	0.080	0.080	0.080	0.080	0.080	0.081	0.080	0.080	0.081
13:30:00	0.080	0.079	0.088	0.081	0.081	0.081	0.081	0.081	0.080	0.081	0.080	0.080	0.080	0.104	0.726	0.687	0.665	0.631	0.656	0.655	0.614	0.658	0.630	0.081	0.080	0.105	0.696	0.669	0.659	0.630	0.646	0.652	0.619	0.650	0.643	0.080	0.080	0.104	0.676	0.655	0.648	0.611	0.635	0.617	0.581	0.636	0.609	0.079	0.080	0.105	0.679	0.649	0.644	0.615	0.640	0.637	0.590	0.636	0.615	0.080	0.080	0.105	0.699	0.659	0.668	0.632	0.658	0.649	0.614	0.652	0.626	0.080	0.080	0.105	0.715	0.691	0.686	0.649	0.692	0.675	0.630	0.682	0.639	0.080	0.080	0.080	0.080	0.080	0.080	0.080	0.080	0.080	0.081	0.080	0.080	0.081
13:40:00	0.080	0.079	0.087	0.081	0.081	0.081	0.081	0.081	0.080	0.081	0.080	0.080	0.080	0.104	0.725	0.685	0.670	0.632	0.655	0.653	0.614	0.657	0.633	0.081	0.080	0.105	0.695	0.668	0.658	0.631	0.647	0.650	0.618	0.648	0.642	0.080	0.080	0.104	0.676	0.655	0.646	0.611	0.634	0.616	0.581	0.635	0.609	0.079	0.080	0.105	0.678	0.648	0.641	0.614	0.637	0.634	0.590	0.634	0.615	0.080	0.080	0.105	0.698	0.658	0.667	0.630	0.656	0.646	0.614	0.650	0.625	0.080	0.080	0.105	0.716	0.692	0.684	0.648	0.691	0.672	0.630	0.681	0.638	0.080	0.080	0.080	0.080	0.080	0.080	0.080	0.080	0.080	0.081	0.080	0.080	0.081
13:50:00	0.080	0.079	0.087	0.081	0.081	0.081	0.081	0.081	0.080	0.081	0.080	0.080	0.080	0.104	0.727	0.687	0.665	0.632	0.653	0.650	0.615	0.659	0.635	0.081	0.080	0.105	0.693	0.669	0.657	0.631	0.646	0.649	0.618	0.650	0.642	0.079	0.080	0.104	0.675	0.655	0.647	0.609	0.635	0.617	0.582	0.636	0.610	0.079	0.080	0.105	0.679	0.646	0.641	0.615	0.638	0.635	0.590	0.635	0.614	0.080	0.080	0.105	0.698	0.658	0.668	0.633	0.658	0.648	0.613	0.651	0.626	0.080	0.080	0.105	0.719	0.695	0.687	0.652	0.692	0.676	0.633	0.682	0.638	0.080	0.080	0.080	0.080	0.080	0.080	0.080	0.080	0.080	0.081	0.080	0.080	0.080
14:00:00	0.080	0.079	0.087	0.080	0.081	0.081	0.080	0.081	0.080	0.080	0.079	0.080	0.080	0.104	0.727	0.686	0.665	0.631	0.657	0.653	0.613	0.661	0.634	0.079	0.080	0.104	0.695	0.668	0.657	0.631	0.646	0.650	0.618	0.650	0.644	0.079	0.080	0.104	0.675	0.655	0.646	0.609	0.635	0.618	0.581	0.637	0.609	0.079	0.080	0.105	0.679	0.646	0.639	0.614	0.637	0.632	0.590	0.635	0.612	0.080	0.080	0.105	0.699	0.655	0.666	0.631	0.657	0.646	0.614	0.648	0.625	0.079	0.080	0.105	0.718	0.694	0.686	0.650	0.691	0.673	0.630	0.682	0.637	0.080	0.080	0.080	0.080	0.080	0.080	0.080	0.080	0.080	0.081	0.080	0.080	0.080
14:10:00	0.080	0.079	0.087	0.081	0.081	0.081	0.080	0.081	0.080	0.081	0.080	0.080	0.080	0.104	0.726	0.691	0.668	0.635	0.661	0.655	0.616	0.663	0.636	0.080	0.080	0.105	0.695	0.669	0.658	0.634	0.648	0.651	0.619	0.649	0.642	0.080	0.080	0.104	0.673	0.653	0.647	0.610	0.635	0.620	0.582	0.637	0.610	0.079	0.080	0.105	0.678	0.646	0.639	0.614	0.636	0.630	0.590	0.635	0.614	0.080	0.080	0.105	0.699	0.657	0.665	0.632	0.657	0.645	0.614	0.647	0.626	0.080	0.080	0.105	0.718	0.694	0.688	0.652	0.692	0.675	0.632	0.681	0.636	0.080	0.080	0.080	0.080	0.080	0.080	0.080	0.080	0.080	0.081	0.080	0.080	0.080
14:20:00	0.080	0.079	0.086	0.081	0.081	0.080	0.080	0.081	0.079	0.081	0.080	0.081	0.080	0.104	0.727	0.688	0.664	0.631	0.655	0.654	0.612	0.663	0.635	0.079	0.080	0.105	0.695	0.668	0.656	0.632	0.645	0.648	0.617	0.649	0.642	0.080	0.080	0.104	0.673	0.654	0.646	0.609	0.634	0.619	0.581	0.635	0.611	0.079	0.080	0.105	0.678	0.645	0.640	0.612	0.634	0.628	0.590	0.632	0.615	0.080	0.080	0.105	0.699	0.658	0.663	0.633	0.657	0.646	0.612	0.649	0.625	0.079	0.080	0.105	0.718	0.695	0.689	0.650	0.692	0.676	0.637	0.682	0.637	0.080	0.080	0.080	0.080	0.080	0.080	0.080	0.080	0.080	0.081	0.080	0.080	0.080
14:30:00	0.080	0.079	0.088	0.081	0.081	0.080	0.080	0.081	0.079	0.081	0.080	0.080	0.080	0.104	0.727	0.688	0.664	0.632	0.656	0.652	0.612	0.660	0.636	0.079	0.080	0.105	0.696	0.667	0.655	0.631	0.648	0.648	0.618	0.648	0.642	0.080	0.080	0.104	0.673	0.653	0.644	0.609	0.634	0.617	0.581	0.635	0.608	0.079	0.080	0.105	0.678	0.643	0.638	0.611	0.633	0.627	0.591	0.633	0.615	0.080	0.080	0.105	0.699	0.657	0.661	0.630	0.656	0.643	0.613	0.646	0.625	0.079	0.080	0.105	0.721	0.694	0.686	0.649	0.692	0.675	0.633	0.684	0.634	0.080	0.080	0.080	0.080	0.080	0.080	0.080	0.080	0.080	0.081	0.080	0.080	0.080
14:40:00	0.080	0.080	0.088	0.081	0.080	0.081	0.081	0.082	0.080	0.081	0.080	0.081	0.080	0.104	0.728	0.686	0.664	0.633	0.653	0.652	0.613	0.661	0.635	0.080	0.080	0.105	0.696	0.668	0.654	0.631	0.646	0.648	0.618	0.647	0.641	0.080	0.080	0.104	0.671	0.652	0.644	0.609	0.633	0.615	0.581	0.634	0.608	0.080	0.080	0.105	0.677	0.642	0.638	0.611	0.632	0.625	0.590	0.633	0.616	0.080	0.080	0.105	0.699	0.658	0.661	0.630	0.657	0.643	0.613	0.646	0.626	0.080	0.080	0.105	0.722	0.694	0.686	0.651	0.693	0.676	0.631	0.682	0.636	0.081	0.080	0.080	0.081	0.080	0.081	0.080	0.081	0.081	0.081	0.081	0.080	0.081
14:50:00	0.080	0.080	0.088	0.081	0.080	0.080	0.081	0.082	0.080	0.081	0.080	0.081	0.080	0.104	0.729	0.687	0.662	0.632	0.656	0.651	0.614	0.661	0.636	0.080	0.080	0.105	0.697	0.667	0.654	0.631	0.645	0.646	0.618	0.648	0.644	0.080	0.080	0.104	0.672	0.653	0.643	0.608	0.633	0.615	0.581	0.634	0.610	0.080	0.080	0.105	0.677	0.641	0.636	0.610	0.632	0.624	0.590	0.630	0.617	0.080	0.080	0.105	0.699	0.657	0.660	0.628	0.655	0.641	0.612	0.645	0.625	0.080	0.080	0.105	0.723	0.693	0.682	0.650	0.693	0.673	0.629	0.683	0.637	0.081	0.080	0.080	0.081	0.080	0.080	0.080	0.081	0.080	0.081	0.081	0.080	0.080
15:00:00	0.080	0.079	0.087	0.081	0.080	0.080	0.081	0.081	0.080	0.081	0.080	0.081	0.080	0.104	0.726	0.688	0.665	0.635	0.658	0.651	0.616	0.657	0.641	0.080	0.080	0.104	0.696	0.667	0.654	0.633	0.644	0.644	0.619	0.645	0.643	0.080	0.080	0.104	0.671	0.652	0.642	0.608	0.632	0.614	0.581	0.633	0.611	0.080	0.080	0.105	0.677	0.640	0.634	0.610	0.630	0.622	0.590	0.630	0.615	0.080	0.080	0.105	0.699	0.654	0.659	0.629	0.653	0.639	0.612	0.644	0.624	0.079	0.080	0.105	0.722	0.695	0.684	0.651	0.692	0.672	0.626	0.682	0.637	0.080	0.080	0.080	0.080	0.080	0.080	0.080	0.080	0.080	0.081	0.080	0.080	0.080
15:10:01	0.080	0.079	0.087	0.081	0.080	0.080	0.081	0.082	0.080	0.081	0.080	0.081	0.080	0.105	0.727	0.685	0.660	0.630	0.657	0.650	0.615	0.660	0.638	0.080	0.080	0.105	0.696	0.665	0.650	0.631	0.642	0.644	0.617	0.645	0.643	0.080	0.080	0.104	0.670	0.651	0.640	0.607	0.631	0.611	0.580	0.632	0.612	0.080	0.080	0.105	0.676	0.638	0.632	0.608	0.629	0.620	0.589	0.628	0.616	0.080	0.080	0.105	0.697	0.652	0.657	0.628	0.652	0.639	0.610	0.643	0.623	0.080	0.080	0.105	0.720	0.695	0.685	0.651	0.692	0.672	0.628	0.683	0.637	0.080	0.080	0.080	0.081	0.080	0.080	0.080	0.081	0.081	0.081	0.081	0.080	0.081
15:20:01	0.080	0.079	0.087	0.081	0.080	0.080	0.080	0.081	0.080	0.081	0.080	0.081	0.079	0.104	0.728	0.688	0.661	0.631	0.657	0.650	0.612	0.659	0.642	0.080	0.080	0.104	0.697	0.663	0.649	0.630	0.641	0.644	0.618	0.644	0.644	0.079	0.080	0.104	0.669	0.651	0.638	0.606	0.630	0.609	0.580	0.633	0.611	0.079	0.080	0.105	0.675	0.636	0.630	0.607	0.627	0.619	0.589	0.625	0.615	0.080	0.080	0.105	0.696	0.651	0.654	0.625	0.650	0.637	0.608	0.639	0.624	0.079	0.080	0.105	0.720	0.693	0.682	0.648	0.690	0.671	0.627	0.678	0.635	0.080	0.080	0.080	0.080	0.080	0.080	0.080	0.080	0.080	0.081	0.080	0.080	0.080
15:30:01	0.080	0.080	0.086	0.081	0.080	0.080	0.080	0.081	0.079	0.081	0.080	0.081	0.079	0.104	0.727	0.686	0.662	0.634	0.657	0.650	0.615	0.660	0.643	0.079	0.080	0.104	0.696	0.664	0.647	0.631	0.641	0.640	0.618	0.642	0.644	0.079	0.080	0.104	0.667	0.648	0.637	0.606	0.629	0.609	0.579	0.630	0.612	0.079	0.080	0.105	0.673	0.635	0.627	0.606	0.626	0.618	0.589	0.620	0.615	0.080	0.080	0.104	0.694	0.651	0.653	0.627	0.650	0.634	0.609	0.637	0.623	0.079	0.080	0.104	0.719	0.694	0.682	0.649	0.689	0.671	0.627	0.678	0.636	0.080	0.080	0.080	0.080	0.080	0.080	0.080	0.080	0.080	0.081	0.080	0.080	0.080
15:40:01	0.080	0.080	0.086	0.081	0.080	0.080	0.080	0.081	0.080	0.081	0.080	0.081	0.079	0.104	0.728	0.686	0.659	0.630	0.655	0.650	0.615	0.657	0.641	0.079	0.080	0.104	0.696	0.663	0.645	0.629	0.639	0.638	0.616	0.644	0.642	0.079	0.080	0.104	0.667	0.647	0.635	0.604	0.628	0.608	0.579	0.629	0.612	0.080	0.080	0.105	0.674	0.633	0.626	0.605	0.624	0.616	0.588	0.620	0.614	0.080	0.080	0.105	0.694	0.650	0.650	0.624	0.649	0.633	0.608	0.635	0.624	0.080	0.080	0.104	0.718	0.694	0.679	0.647	0.689	0.667	0.626	0.676	0.634	0.080	0.080	0.080	0.081	0.081	0.080	0.080	0.081	0.080	0.081	0.081	0.080	0.081
15:50:01	0.080	0.080	0.087	0.081	0.080	0.080	0.081	0.081	0.080	0.081	0.080	0.081	0.079	0.104	0.726	0.685	0.659	0.631	0.658	0.648	0.613	0.658	0.642	0.079	0.080	0.105	0.695	0.662	0.644	0.628	0.639	0.636	0.616	0.642	0.640	0.080	0.080	0.104	0.666	0.646	0.633	0.604	0.627	0.607	0.579	0.631	0.610	0.080	0.080	0.105	0.673	0.632	0.624	0.604	0.623	0.614	0.589	0.621	0.614	0.080	0.080	0.105	0.694	0.646	0.648	0.622	0.647	0.630	0.607	0.632	0.625	0.079	0.080	0.105	0.720	0.692	0.679	0.648	0.688	0.665	0.626	0.676	0.637	0.080	0.080	0.080	0.080	0.080	0.080	0.080	0.081	0.080	0.081	0.081	0.080	0.080
16:00:01	0.080	0.080	0.086	0.081	0.080	0.080	0.080	0.081	0.080	0.081	0.080	0.081	0.079	0.104	0.726	0.683	0.657	0.634	0.658	0.650	0.614	0.657	0.641	0.079	0.080	0.104	0.694	0.661	0.642	0.630	0.639	0.635	0.616	0.640	0.641	0.079	0.080	0.104	0.664	0.644	0.632	0.604	0.627	0.606	0.579	0.628	0.610	0.080	0.080	0.105	0.671	0.630	0.622	0.604	0.622	0.612	0.589	0.619	0.613	0.080	0.080	0.105	0.694	0.646	0.647	0.624	0.647	0.631	0.606	0.633	0.625	0.079	0.080	0.105	0.720	0.695	0.682	0.650	0.688	0.667	0.628	0.680	0.638	0.080	0.080	0.080	0.080	0.080	0.080	0.080	0.081	0.080	0.081	0.081	0.080	0.081
16:10:01	0.080	0.080	0.087	0.081	0.080	0.080	0.080	0.081	0.080	0.081	0.080	0.080	0.079	0.104	0.726	0.685	0.654	0.634	0.656	0.648	0.616	0.657	0.642	0.080	0.080	0.104	0.693	0.659	0.639	0.628	0.637	0.634	0.615	0.640	0.645	0.080	0.080	0.104	0.664	0.642	0.629	0.602	0.626	0.603	0.579	0.628	0.610	0.080	0.080	0.105	0.671	0.628	0.619	0.602	0.619	0.609	0.588	0.617	0.615	0.080	0.080	0.104	0.693	0.645	0.644	0.620	0.645	0.628	0.605	0.632	0.628	0.080	0.080	0.104	0.718	0.691	0.676	0.647	0.686	0.663	0.626	0.675	0.636	0.080	0.080	0.080	0.080	0.081	0.081	0.080	0.081	0.081	0.081	0.081	0.080	0.081
16:20:01	0.080	0.080	0.088	0.081	0.081	0.080	0.081	0.081	0.080	0.081	0.080	0.080	0.080	0.104	0.725	0.685	0.656	0.639	0.655	0.649	0.618	0.657	0.644	0.080	0.080	0.105	0.692	0.660	0.639	0.630	0.636	0.631	0.616	0.637	0.645	0.080	0.080	0.104	0.662	0.639	0.628	0.602	0.624	0.602	0.578	0.624	0.611	0.080	0.080	0.105	0.670	0.626	0.617	0.602	0.617	0.606	0.587	0.614	0.615	0.080	0.080	0.105	0.692	0.645	0.643	0.620	0.645	0.625	0.607	0.630	0.629	0.080	0.080	0.105	0.716	0.691	0.676	0.647	0.686	0.665	0.626	0.673	0.636	0.080	0.080	0.081	0.081	0.081	0.081	0.081	0.081	0.081	0.082	0.081	0.081	0.080
16:30:01	0.080	0.080	0.088	0.081	0.081	0.080	0.081	0.081	0.080	0.081	0.080	0.080	0.080	0.104	0.726	0.683	0.653	0.631	0.659	0.648	0.617	0.658	0.643	0.080	0.081	0.104	0.691	0.657	0.636	0.627	0.634	0.630	0.614	0.636	0.643	0.080	0.080	0.104	0.661	0.638	0.625	0.599	0.623	0.600	0.576	0.625	0.613	0.080	0.080	0.105	0.669	0.623	0.613	0.600	0.615	0.604	0.586	0.613	0.615	0.080	0.080	0.105	0.690	0.643	0.640	0.618	0.643	0.624	0.605	0.626	0.625	0.080	0.080	0.104	0.717	0.689	0.674	0.645	0.687	0.664	0.625	0.673	0.636	0.080	0.080	0.080	0.081	0.081	0.081	0.080	0.081	0.081	0.080	0.081	0.080	0.080
16:40:01	0.080	0.079	0.087	0.081	0.080	0.080	0.081	0.080	0.080	0.081	0.080	0.080	0.079	0.104	0.727	0.683	0.652	0.630	0.657	0.643	0.615	0.655	0.639	0.079	0.080	0.104	0.691	0.656	0.634	0.626	0.632	0.627	0.613	0.633	0.640	0.080	0.080	0.104	0.661	0.637	0.622	0.598	0.622	0.599	0.576	0.622	0.612	0.080	0.080	0.105	0.669	0.620	0.610	0.599	0.615	0.603	0.586	0.610	0.613	0.080	0.079	0.105	0.690	0.642	0.639	0.616	0.641	0.624	0.605	0.623	0.626	0.079	0.080	0.105	0.724	0.688	0.673	0.647	0.688	0.661	0.626	0.670	0.636	0.080	0.080	0.080	0.080	0.080	0.080	0.080	0.081	0.080	0.080	0.081	0.080	0.080
16:50:01	0.080	0.080	0.087	0.081	0.081	0.080	0.081	0.081	0.080	0.081	0.080	0.080	0.080	0.104	0.725	0.682	0.650	0.629	0.657	0.645	0.616	0.656	0.643	0.080	0.080	0.105	0.689	0.656	0.631	0.624	0.631	0.626	0.612	0.633	0.642	0.080	0.080	0.104	0.659	0.635	0.619	0.598	0.620	0.596	0.575	0.619	0.611	0.080	0.080	0.105	0.667	0.619	0.608	0.598	0.613	0.601	0.584	0.607	0.613	0.080	0.079	0.105	0.689	0.640	0.638	0.615	0.641	0.621	0.604	0.622	0.624	0.080	0.080	0.105	0.726	0.691	0.672	0.647	0.691	0.660	0.624	0.669	0.637	0.080	0.080	0.080	0.081	0.081	0.081	0.080	0.081	0.081	0.080	0.081	0.080	0.080
17:00:01	0.080	0.080	0.087	0.081	0.080	0.080	0.081	0.081	0.080	0.081	0.080	0.080	0.079	0.104	0.723	0.682	0.648	0.628	0.655	0.646	0.617	0.655	0.639	0.079	0.080	0.104	0.687	0.654	0.628	0.623	0.629	0.623	0.612	0.631	0.641	0.079	0.079	0.104	0.656	0.633	0.616	0.596	0.617	0.594	0.574	0.618	0.610	0.079	0.080	0.105	0.665	0.618	0.605	0.596	0.611	0.599	0.584	0.604	0.615	0.080	0.079	0.105	0.688	0.639	0.637	0.613	0.640	0.617	0.602	0.621	0.624	0.079	0.080	0.105	0.724	0.692	0.673	0.646	0.688	0.659	0.624	0.666	0.637	0.080	0.079	0.079	0.080	0.080	0.079	0.080	0.081	0.080	0.080	0.081	0.080	0.080
17:10:01	0.079	0.080	0.086	0.081	0.080	0.080	0.080	0.081	0.079	0.080	0.080	0.080	0.079	0.104	0.724	0.681	0.648	0.633	0.651	0.643	0.617	0.655	0.643	0.079	0.080	0.104	0.686	0.655	0.626	0.624	0.629	0.621	0.613	0.629	0.643	0.080	0.079	0.104	0.655	0.630	0.613	0.597	0.615	0.592	0.574	0.616	0.611	0.079	0.080	0.105	0.664	0.616	0.602	0.596	0.611	0.597	0.584	0.603	0.615	0.080	0.079	0.104	0.687	0.638	0.632	0.614	0.639	0.613	0.603	0.619	0.624	0.079	0.080	0.104	0.724	0.693	0.676	0.646	0.683	0.659	0.623	0.668	0.637	0.080	0.079	0.079	0.080	0.080	0.079	0.080	0.081	0.080	0.080	0.081	0.080	0.080
17:20:01	0.080	0.080	0.087	0.081	0.081	0.080	0.081	0.081	0.080	0.080	0.080	0.080	0.080	0.104	0.724	0.680	0.646	0.630	0.657	0.645	0.619	0.655	0.639	0.079	0.081	0.104	0.683	0.652	0.622	0.622	0.627	0.619	0.612	0.628	0.643	0.079	0.080	0.104	0.653	0.629	0.611	0.595	0.613	0.589	0.573	0.614	0.610	0.079	0.080	0.105	0.662	0.613	0.599	0.594	0.609	0.594	0.583	0.601	0.615	0.080	0.079	0.105	0.686	0.636	0.628	0.612	0.637	0.613	0.602	0.616	0.625	0.080	0.080	0.105	0.718	0.689	0.669	0.646	0.681	0.655	0.621	0.664	0.637	0.080	0.079	0.079	0.081	0.081	0.080	0.081	0.081	0.080	0.080	0.081	0.081	0.080
17:30:01	0.079	0.080	0.086	0.081	0.081	0.080	0.081	0.081	0.079	0.080	0.080	0.080	0.079	0.104	0.725	0.681	0.645	0.634	0.657	0.643	0.620	0.654	0.640	0.079	0.080	0.104	0.683	0.651	0.621	0.623	0.626	0.617	0.611	0.626	0.641	0.079	0.079	0.104	0.651	0.627	0.609	0.595	0.612	0.587	0.572	0.611	0.608	0.079	0.079	0.105	0.659	0.609	0.594	0.593	0.606	0.593	0.581	0.598	0.615	0.080	0.079	0.105	0.684	0.632	0.626	0.612	0.635	0.609	0.602	0.613	0.623	0.079	0.080	0.104	0.715	0.686	0.666	0.646	0.682	0.654	0.619	0.662	0.637	0.080	0.079	0.079	0.081	0.081	0.079	0.080	0.081	0.080	0.080	0.081	0.081	0.080
17:40:01	0.079	0.080	0.087	0.081	0.081	0.080	0.081	0.081	0.080	0.080	0.080	0.080	0.080	0.104	0.723	0.676	0.644	0.632	0.655	0.641	0.620	0.655	0.641	0.079	0.080	0.104	0.679	0.647	0.617	0.621	0.624	0.613	0.611	0.624	0.642	0.079	0.080	0.104	0.648	0.624	0.606	0.593	0.610	0.585	0.571	0.610	0.611	0.079	0.080	0.105	0.657	0.605	0.588	0.591	0.604	0.590	0.580	0.598	0.612	0.080	0.079	0.104	0.681	0.630	0.625	0.610	0.632	0.606	0.600	0.610	0.622	0.080	0.080	0.104	0.713	0.685	0.661	0.645	0.680	0.654	0.620	0.659	0.637	0.080	0.079	0.079	0.081	0.081	0.079	0.080	0.081	0.080	0.080	0.081	0.081	0.080
17:50:01	0.079	0.080	0.087	0.081	0.081	0.080	0.081	0.081	0.080	0.080	0.080	0.081	0.080	0.104	0.724	0.677	0.642	0.630	0.653	0.643	0.620	0.652	0.639	0.079	0.081	0.104	0.677	0.647	0.614	0.620	0.622	0.613	0.610	0.623	0.643	0.080	0.080	0.104	0.646	0.622	0.603	0.591	0.608	0.583	0.570	0.610	0.608	0.080	0.080	0.105	0.655	0.605	0.588	0.590	0.602	0.589	0.580	0.595	0.613	0.080	0.079	0.104	0.679	0.628	0.622	0.608	0.631	0.602	0.599	0.606	0.622	0.080	0.080	0.104	0.711	0.683	0.658	0.645	0.679	0.649	0.618	0.657	0.636	0.080	0.079	0.079	0.081	0.081	0.080	0.081	0.081	0.080	0.080	0.081	0.080	0.080
18:00:01	0.080	0.080	0.088	0.080	0.081	0.080	0.081	0.081	0.080	0.080	0.080	0.081	0.080	0.104	0.720	0.676	0.641	0.634	0.651	0.640	0.618	0.650	0.641	0.080	0.081	0.104	0.675	0.646	0.611	0.620	0.621	0.609	0.609	0.620	0.643	0.080	0.080	0.104	0.643	0.620	0.601	0.591	0.605	0.582	0.569	0.605	0.609	0.080	0.080	0.105	0.653	0.602	0.584	0.589	0.600	0.586	0.578	0.593	0.612	0.080	0.079	0.104	0.677	0.625	0.620	0.607	0.628	0.597	0.600	0.603	0.620	0.080	0.080	0.104	0.712	0.681	0.659	0.645	0.675	0.650	0.617	0.656	0.638	0.080	0.079	0.079	0.081	0.081	0.080	0.081	0.081	0.080	0.080	0.081	0.080	0.080
18:10:01	0.080	0.080	0.088	0.080	0.081	0.080	0.081	0.081	0.080	0.080	0.080	0.080	0.080	0.104	0.719	0.676	0.636	0.629	0.653	0.638	0.619	0.650	0.639	0.080	0.081	0.104	0.672	0.643	0.608	0.617	0.620	0.605	0.608	0.619	0.644	0.080	0.080	0.104	0.641	0.617	0.598	0.589	0.603	0.579	0.568	0.603	0.610	0.080	0.080	0.105	0.651	0.598	0.581	0.587	0.598	0.582	0.578	0.590	0.612	0.080	0.079	0.104	0.678	0.624	0.620	0.605	0.626	0.595	0.597	0.602	0.619	0.080	0.080	0.104	0.711	0.682	0.655	0.644	0.671	0.646	0.617	0.653	0.638	0.080	0.079	0.079	0.081	0.081	0.080	0.080	0.081	0.080	0.080	0.081	0.080	0.080
18:20:01	0.080	0.080	0.088	0.081	0.081	0.081	0.081	0.081	0.080	0.081	0.081	0.081	0.080	0.104	0.716	0.675	0.634	0.630	0.655	0.635	0.617	0.649	0.639	0.080	0.081	0.105	0.671	0.641	0.606	0.618	0.619	0.604	0.607	0.615	0.643	0.080	0.080	0.104	0.639	0.615	0.594	0.588	0.601	0.575	0.566	0.599	0.607	0.080	0.080	0.105	0.649	0.596	0.578	0.587	0.596	0.579	0.576	0.586	0.610	0.080	0.079	0.105	0.677	0.622	0.614	0.603	0.622	0.592	0.596	0.598	0.619	0.080	0.080	0.105	0.710	0.678	0.653	0.643	0.671	0.641	0.616	0.650	0.638	0.080	0.079	0.079	0.081	0.081	0.080	0.081	0.081	0.080	0.080	0.081	0.080	0.081
18:30:01	0.080	0.080	0.087	0.080	0.081	0.080	0.080	0.081	0.080	0.080	0.080	0.080	0.080	0.104	0.715	0.673	0.633	0.631	0.654	0.636	0.618	0.649	0.642	0.079	0.080	0.104	0.668	0.639	0.602	0.617	0.617	0.602	0.607	0.615	0.640	0.079	0.079	0.104	0.635	0.611	0.589	0.587	0.600	0.574	0.565	0.598	0.607	0.079	0.080	0.105	0.645	0.592	0.574	0.585	0.595	0.577	0.574	0.585	0.609	0.080	0.079	0.104	0.674	0.618	0.610	0.602	0.618	0.588	0.596	0.597	0.619	0.080	0.080	0.104	0.707	0.678	0.652	0.642	0.666	0.637	0.617	0.652	0.639	0.080	0.079	0.079	0.080	0.080	0.079	0.080	0.081	0.080	0.080	0.081	0.080	0.080
18:40:01	0.080	0.080	0.086	0.080	0.081	0.080	0.080	0.081	0.080	0.080	0.080	0.081	0.080	0.104	0.714	0.672	0.631	0.632	0.652	0.634	0.619	0.649	0.640	0.079	0.080	0.104	0.666	0.636	0.600	0.616	0.615	0.599	0.607	0.614	0.644	0.079	0.079	0.104	0.633	0.609	0.587	0.585	0.596	0.571	0.565	0.597	0.607	0.079	0.080	0.105	0.644	0.590	0.569	0.583	0.593	0.573	0.574	0.581	0.608	0.080	0.079	0.104	0.670	0.618	0.607	0.600	0.617	0.587	0.595	0.593	0.619	0.080	0.080	0.104	0.703	0.678	0.650	0.643	0.664	0.637	0.616	0.647	0.637	0.080	0.079	0.079	0.081	0.081	0.079	0.080	0.081	0.080	0.080	0.081	0.080	0.080
18:50:01	0.080	0.080	0.086	0.080	0.081	0.080	0.080	0.081	0.080	0.080	0.080	0.081	0.079	0.104	0.712	0.672	0.632	0.637	0.647	0.631	0.622	0.648	0.644	0.079	0.081	0.104	0.665	0.637	0.600	0.617	0.614	0.596	0.608	0.613	0.644	0.080	0.079	0.104	0.632	0.608	0.585	0.585	0.594	0.569	0.564	0.594	0.608	0.080	0.080	0.105	0.645	0.589	0.567	0.583	0.592	0.570	0.572	0.578	0.610	0.080	0.079	0.104	0.667	0.616	0.603	0.599	0.614	0.584	0.596	0.590	0.619	0.079	0.080	0.104	0.703	0.677	0.646	0.642	0.662	0.635	0.614	0.644	0.637	0.080	0.079	0.079	0.081	0.081	0.079	0.081	0.080	0.080	0.080	0.081	0.080	0.081
19:00:01	0.080	0.080	0.087	0.081	0.081	0.081	0.081	0.081	0.080	0.080	0.080	0.081	0.079	0.104	0.709	0.671	0.629	0.635	0.647	0.632	0.620	0.645	0.644	0.080	0.081	0.104	0.663	0.633	0.597	0.614	0.612	0.595	0.607	0.612	0.641	0.080	0.080	0.104	0.629	0.603	0.581	0.583	0.594	0.566	0.563	0.593	0.610	0.079	0.080	0.105	0.642	0.586	0.566	0.581	0.591	0.569	0.571	0.578	0.609	0.080	0.079	0.104	0.666	0.612	0.601	0.597	0.611	0.583	0.594	0.588	0.618	0.079	0.080	0.104	0.702	0.675	0.641	0.641	0.658	0.632	0.614	0.642	0.639	0.080	0.079	0.079	0.081	0.081	0.080	0.081	0.080	0.080	0.080	0.081	0.080	0.081
19:10:01	0.080	0.080	0.086	0.080	0.081	0.080	0.081	0.081	0.080	0.080	0.080	0.081	0.079	0.104	0.709	0.670	0.628	0.634	0.644	0.631	0.624	0.644	0.644	0.080	0.081	0.104	0.660	0.633	0.593	0.613	0.609	0.593	0.606	0.609	0.641	0.080	0.079	0.104	0.627	0.601	0.580	0.581	0.593	0.562	0.562	0.591	0.608	0.079	0.079	0.105	0.638	0.585	0.564	0.579	0.588	0.566	0.570	0.573	0.611	0.080	0.079	0.104	0.664	0.606	0.599	0.594	0.608	0.579	0.594	0.582	0.619	0.079	0.080	0.104	0.700	0.671	0.638	0.640	0.655	0.629	0.613	0.637	0.637	0.080	0.079	0.079	0.081	0.081	0.079	0.081	0.080	0.080	0.080	0.081	0.080	0.080
19:20:01	0.080	0.080	0.087	0.080	0.081	0.081	0.080	0.081	0.080	0.080	0.080	0.080	0.079	0.104	0.708	0.669	0.627	0.639	0.642	0.629	0.620	0.644	0.644	0.080	0.081	0.104	0.658	0.631	0.591	0.613	0.607	0.591	0.605	0.607	0.641	0.080	0.079	0.104	0.624	0.599	0.577	0.581	0.590	0.562	0.561	0.589	0.608	0.079	0.079	0.105	0.635	0.581	0.561	0.578	0.585	0.560	0.569	0.573	0.610	0.080	0.079	0.104	0.662	0.604	0.595	0.593	0.606	0.575	0.594	0.579	0.618	0.079	0.080	0.104	0.696	0.672	0.634	0.639	0.655	0.625	0.613	0.636	0.639	0.080	0.079	0.079	0.081	0.081	0.080	0.081	0.080	0.080	0.080	0.081	0.080	0.080
19:30:01	0.080	0.080	0.087	0.081	0.081	0.081	0.081	0.081	0.080	0.080	0.080	0.081	0.079	0.104	0.704	0.668	0.624	0.633	0.647	0.628	0.621	0.646	0.645	0.080	0.081	0.104	0.655	0.628	0.587	0.612	0.606	0.591	0.605	0.606	0.643	0.080	0.080	0.104	0.621	0.597	0.574	0.578	0.588	0.559	0.559	0.586	0.609	0.079	0.080	0.105	0.633	0.578	0.557	0.575	0.584	0.558	0.568	0.569	0.607	0.080	0.079	0.104	0.660	0.602	0.590	0.591	0.604	0.571	0.590	0.576	0.618	0.080	0.080	0.104	0.694	0.668	0.633	0.638	0.651	0.623	0.609	0.630	0.638	0.080	0.080	0.079	0.081	0.081	0.080	0.081	0.080	0.080	0.080	0.081	0.080	0.080
19:40:01	0.080	0.080	0.087	0.081	0.081	0.081	0.081	0.081	0.080	0.080	0.080	0.081	0.080	0.104	0.701	0.670	0.622	0.639	0.643	0.624	0.627	0.643	0.649	0.080	0.081	0.104	0.652	0.628	0.587	0.614	0.606	0.587	0.603	0.601	0.642	0.079	0.080	0.104	0.618	0.596	0.572	0.577	0.584	0.555	0.558	0.582	0.609	0.079	0.079	0.105	0.630	0.575	0.553	0.574	0.580	0.555	0.566	0.566	0.610	0.080	0.079	0.104	0.658	0.597	0.588	0.591	0.601	0.569	0.589	0.573	0.620	0.080	0.080	0.104	0.691	0.666	0.631	0.637	0.647	0.620	0.608	0.628	0.638	0.080	0.079	0.080	0.081	0.081	0.080	0.081	0.080	0.080	0.080	0.081	0.080	0.080
19:50:01	0.080	0.080	0.087	0.081	0.081	0.081	0.081	0.081	0.080	0.080	0.080	0.080	0.079	0.104	0.698	0.666	0.620	0.633	0.644	0.627	0.627	0.640	0.647	0.080	0.081	0.104	0.651	0.624	0.583	0.613	0.602	0.585	0.602	0.598	0.636	0.079	0.079	0.103	0.616	0.594	0.568	0.574	0.582	0.551	0.556	0.583	0.609	0.079	0.079	0.104	0.628	0.570	0.550	0.571	0.577	0.554	0.564	0.564	0.607	0.080	0.079	0.104	0.655	0.594	0.588	0.589	0.600	0.567	0.586	0.571	0.617	0.079	0.080	0.104	0.688	0.664	0.627	0.634	0.645	0.616	0.611	0.628	0.638	0.080	0.079	0.079	0.081	0.079	0.080	0.081	0.080	0.080	0.080	0.081	0.080	0.080
20:00:01	0.080	0.080	0.087	0.081	0.081	0.081	0.081	0.081	0.080	0.081	0.080	0.081	0.079	0.104	0.698	0.665	0.620	0.630	0.641	0.625	0.625	0.638	0.649	0.080	0.081	0.104	0.652	0.622	0.583	0.614	0.600	0.582	0.600	0.600	0.639	0.079	0.079	0.104	0.615	0.592	0.567	0.573	0.579	0.548	0.556	0.578	0.606	0.079	0.079	0.105	0.628	0.566	0.549	0.570	0.577	0.549	0.563	0.560	0.613	0.080	0.079	0.104	0.650	0.595	0.584	0.587	0.599	0.565	0.585	0.568	0.616	0.080	0.080	0.104	0.692	0.663	0.627	0.635	0.643	0.616	0.608	0.623	0.638	0.080	0.079	0.079	0.081	0.079	0.080	0.081	0.080	0.080	0.080	0.081	0.080	0.080
20:10:01	0.079	0.080	0.086	0.081	0.081	0.080	0.080	0.081	0.080	0.080	0.080	0.080	0.079	0.104	0.696	0.664	0.617	0.636	0.636	0.620	0.624	0.635	0.648	0.080	0.081	0.104	0.648	0.620	0.579	0.614	0.598	0.578	0.596	0.596	0.638	0.080	0.079	0.104	0.611	0.590	0.562	0.571	0.574	0.546	0.554	0.574	0.607	0.079	0.079	0.104	0.626	0.565	0.546	0.568	0.574	0.545	0.560	0.557	0.610	0.080	0.079	0.104	0.648	0.591	0.582	0.585	0.595	0.561	0.583	0.565	0.614	0.080	0.080	0.104	0.685	0.659	0.627	0.632	0.641	0.612	0.607	0.619	0.638	0.080	0.079	0.079	0.081	0.079	0.080	0.081	0.080	0.080	0.080	0.081	0.080	0.080
20:20:01	0.080	0.080	0.087	0.081	0.081	0.080	0.081	0.081	0.080	0.080	0.080	0.080	0.079	0.104	0.692	0.659	0.614	0.630	0.640	0.617	0.621	0.634	0.651	0.080	0.081	0.104	0.647	0.617	0.578	0.610	0.596	0.574	0.595	0.595	0.636	0.079	0.079	0.104	0.610	0.586	0.561	0.570	0.575	0.546	0.553	0.574	0.604	0.079	0.079	0.105	0.625	0.564	0.543	0.566	0.569	0.541	0.561	0.555	0.610	0.080	0.079	0.104	0.650	0.588	0.579	0.583	0.592	0.558	0.583	0.562	0.616	0.079	0.080	0.104	0.684	0.657	0.621	0.631	0.641	0.610	0.607	0.617	0.637	0.080	0.079	0.079	0.081	0.079	0.080	0.081	0.080	0.080	0.080	0.081	0.080	0.080
20:30:01	0.079	0.080	0.087	0.081	0.081	0.080	0.080	0.081	0.080	0.080	0.080	0.080	0.079	0.104	0.689	0.660	0.619	0.635	0.635	0.614	0.623	0.635	0.654	0.080	0.080	0.104	0.643	0.616	0.577	0.609	0.594	0.572	0.594	0.593	0.635	0.079	0.079	0.103	0.608	0.585	0.557	0.569	0.572	0.543	0.549	0.571	0.606	0.079	0.079	0.104	0.624	0.563	0.540	0.564	0.567	0.540	0.558	0.551	0.609	0.080	0.079	0.104	0.648	0.582	0.578	0.581	0.591	0.555	0.585	0.562	0.617	0.079	0.080	0.104	0.683	0.657	0.619	0.631	0.635	0.607	0.611	0.617	0.638	0.080	0.079	0.079	0.081	0.079	0.079	0.080	0.080	0.080	0.080	0.081	0.080	0.080

