Field Group

Plate Comment:	
Procedure Summary
  Plate Type:              Corning 96 well for LogPhase600
  Plate Number:            3
  Discontinuous Kinetics:  Runtime 01:00:00 (D:HH:MM), Interval 00:10:00 (HH:MM:SS), 145 Reads (max)
  Read:                    600 nm
  Incubator:               On
    Temperature setpoint:  37 °C
    Temperature gradient:  On
  Shaking:                 Off		
			
			

600

Time	A1	A2	A3	A4	A5	A6	A7	A8	A9	A10	A11	A12	B1	B2	B3	B4	B5	B6	B7	B8	B9	B10	B11	B12	C1	C2	C3	C4	C5	C6	C7	C8	C9	C10	C11	C12	D1	D2	D3	D4	D5	D6	D7	D8	D9	D10	D11	D12	E1	E2	E3	E4	E5	E6	E7	E8	E9	E10	E11	E12	F1	F2	F3	F4	F5	F6	F7	F8	F9	F10	F11	F12	G1	G2	G3	G4	G5	G6	G7	G8	G9	G10	G11	G12	H1	H2	H3	H4	H5	H6	H7	H8	H9	H10	H11	H12
0:00:00	0.080	0.080	0.079	0.079	0.079	0.079	0.079	0.079	0.081	0.080	0.080	0.079	0.080	0.105	0.334	0.346	0.340	0.331	0.338	0.340	0.341	0.343	0.335	0.079	0.079	0.107	0.336	0.349	0.337	0.342	0.331	0.340	0.326	0.340	0.338	0.080	0.080	0.107	0.326	0.340	0.344	0.341	0.332	0.341	0.338	0.340	0.337	0.080	0.081	0.107	0.334	0.339	0.334	0.337	0.335	0.342	0.336	0.339	0.347	0.079	0.079	0.108	0.343	0.348	0.347	0.346	0.344	0.349	0.342	0.347	0.343	0.079	0.079	0.107	0.339	0.344	0.336	0.345	0.338	0.345	0.344	0.351	0.340	0.080	0.079	0.079	0.079	0.080	0.079	0.079	0.079	0.079	0.079	0.079	0.079	0.079
0:10:00	0.080	0.080	0.079	0.079	0.078	0.079	0.079	0.079	0.081	0.080	0.080	0.079	0.079	0.105	0.339	0.360	0.349	0.337	0.344	0.347	0.344	0.350	0.336	0.079	0.079	0.107	0.343	0.359	0.345	0.344	0.338	0.347	0.330	0.349	0.340	0.079	0.080	0.107	0.330	0.347	0.351	0.340	0.335	0.347	0.341	0.348	0.339	0.080	0.080	0.107	0.338	0.347	0.341	0.340	0.337	0.347	0.340	0.344	0.345	0.079	0.079	0.108	0.345	0.358	0.354	0.348	0.345	0.354	0.344	0.354	0.344	0.079	0.079	0.107	0.344	0.353	0.344	0.348	0.341	0.351	0.347	0.358	0.341	0.080	0.079	0.079	0.079	0.079	0.079	0.079	0.078	0.079	0.079	0.079	0.079	0.079
0:20:00	0.080	0.080	0.079	0.079	0.079	0.079	0.079	0.079	0.080	0.080	0.080	0.079	0.080	0.105	0.351	0.413	0.365	0.346	0.353	0.363	0.350	0.368	0.345	0.079	0.079	0.107	0.354	0.398	0.359	0.349	0.347	0.362	0.340	0.367	0.350	0.079	0.081	0.107	0.338	0.367	0.362	0.344	0.346	0.356	0.348	0.361	0.346	0.080	0.081	0.107	0.341	0.363	0.349	0.346	0.344	0.357	0.348	0.358	0.351	0.079	0.079	0.108	0.353	0.380	0.363	0.353	0.355	0.363	0.353	0.367	0.354	0.079	0.079	0.107	0.351	0.421	0.353	0.352	0.347	0.362	0.355	0.368	0.346	0.080	0.079	0.079	0.079	0.079	0.079	0.079	0.079	0.079	0.079	0.079	0.079	0.079
0:30:00	0.080	0.080	0.079	0.079	0.079	0.079	0.079	0.079	0.080	0.080	0.080	0.079	0.080	0.106	0.359	0.445	0.373	0.356	0.366	0.362	0.358	0.375	0.350	0.080	0.080	0.107	0.366	0.421	0.404	0.359	0.359	0.365	0.349	0.367	0.356	0.080	0.081	0.107	0.357	0.366	0.373	0.352	0.356	0.366	0.354	0.402	0.356	0.081	0.081	0.108	0.353	0.393	0.362	0.354	0.354	0.366	0.357	0.367	0.360	0.079	0.079	0.108	0.365	0.377	0.377	0.360	0.365	0.377	0.362	0.372	0.361	0.079	0.079	0.107	0.363	0.463	0.370	0.359	0.355	0.406	0.365	0.380	0.359	0.080	0.079	0.079	0.079	0.080	0.079	0.079	0.079	0.079	0.079	0.079	0.079	0.079
0:40:00	0.080	0.080	0.079	0.079	0.079	0.079	0.079	0.079	0.081	0.080	0.080	0.079	0.080	0.106	0.387	0.452	0.388	0.369	0.399	0.413	0.372	0.400	0.375	0.080	0.079	0.107	0.395	0.431	0.470	0.374	0.379	0.419	0.364	0.419	0.376	0.080	0.081	0.107	0.386	0.377	0.382	0.361	0.367	0.378	0.366	0.465	0.376	0.081	0.081	0.107	0.369	0.417	0.416	0.361	0.401	0.375	0.365	0.382	0.376	0.079	0.079	0.108	0.380	0.391	0.424	0.370	0.397	0.392	0.374	0.429	0.383	0.079	0.079	0.107	0.384	0.488	0.429	0.369	0.390	0.455	0.377	0.393	0.378	0.080	0.079	0.079	0.080	0.079	0.079	0.079	0.079	0.079	0.079	0.079	0.079	0.079
0:50:00	0.080	0.080	0.079	0.079	0.078	0.079	0.079	0.079	0.081	0.080	0.079	0.079	0.080	0.106	0.396	0.450	0.404	0.376	0.431	0.490	0.385	0.432	0.382	0.079	0.079	0.107	0.407	0.438	0.459	0.390	0.402	0.444	0.367	0.444	0.401	0.079	0.081	0.107	0.391	0.391	0.391	0.364	0.378	0.396	0.370	0.487	0.375	0.080	0.080	0.108	0.388	0.399	0.425	0.365	0.402	0.394	0.368	0.412	0.371	0.079	0.079	0.108	0.395	0.401	0.427	0.380	0.401	0.420	0.380	0.467	0.408	0.079	0.079	0.107	0.395	0.468	0.463	0.376	0.399	0.440	0.382	0.439	0.415	0.080	0.079	0.079	0.079	0.079	0.079	0.079	0.078	0.079	0.079	0.079	0.079	0.079
1:00:00	0.080	0.080	0.079	0.079	0.079	0.079	0.079	0.079	0.081	0.080	0.080	0.079	0.079	0.106	0.412	0.461	0.418	0.399	0.418	0.506	0.438	0.482	0.406	0.079	0.079	0.107	0.422	0.493	0.466	0.411	0.411	0.492	0.377	0.434	0.406	0.079	0.081	0.107	0.399	0.399	0.405	0.372	0.394	0.414	0.379	0.495	0.392	0.080	0.080	0.108	0.394	0.400	0.440	0.371	0.397	0.420	0.373	0.418	0.380	0.079	0.079	0.108	0.409	0.412	0.440	0.387	0.401	0.423	0.385	0.471	0.406	0.079	0.079	0.107	0.405	0.450	0.445	0.384	0.402	0.436	0.390	0.452	0.425	0.080	0.079	0.079	0.079	0.079	0.079	0.079	0.079	0.079	0.079	0.079	0.079	0.079
1:10:00	0.079	0.080	0.079	0.079	0.079	0.079	0.079	0.079	0.080	0.080	0.080	0.079	0.079	0.105	0.422	0.490	0.431	0.429	0.458	0.509	0.463	0.512	0.420	0.079	0.079	0.106	0.426	0.537	0.479	0.431	0.428	0.518	0.396	0.445	0.403	0.079	0.080	0.106	0.420	0.407	0.410	0.379	0.400	0.432	0.404	0.523	0.391	0.080	0.080	0.107	0.402	0.407	0.441	0.377	0.404	0.411	0.381	0.431	0.393	0.079	0.079	0.107	0.416	0.418	0.442	0.402	0.417	0.446	0.405	0.485	0.419	0.079	0.079	0.107	0.411	0.440	0.428	0.389	0.405	0.454	0.395	0.450	0.413	0.080	0.079	0.079	0.079	0.079	0.079	0.079	0.079	0.079	0.079	0.079	0.079	0.079
1:20:00	0.080	0.080	0.079	0.079	0.079	0.079	0.079	0.079	0.080	0.080	0.080	0.080	0.080	0.105	0.434	0.514	0.438	0.429	0.432	0.482	0.426	0.492	0.404	0.080	0.079	0.107	0.440	0.568	0.499	0.443	0.429	0.521	0.394	0.435	0.395	0.080	0.081	0.107	0.426	0.416	0.422	0.387	0.413	0.442	0.414	0.505	0.383	0.081	0.081	0.107	0.410	0.411	0.441	0.383	0.412	0.410	0.380	0.434	0.390	0.080	0.079	0.107	0.429	0.425	0.451	0.400	0.417	0.447	0.408	0.474	0.424	0.079	0.079	0.107	0.420	0.438	0.438	0.390	0.413	0.474	0.402	0.449	0.404	0.080	0.079	0.078	0.079	0.079	0.079	0.079	0.079	0.079	0.079	0.079	0.079	0.079
1:30:00	0.080	0.080	0.079	0.079	0.078	0.079	0.079	0.079	0.081	0.080	0.080	0.079	0.079	0.105	0.451	0.515	0.450	0.433	0.463	0.492	0.424	0.548	0.421	0.079	0.079	0.106	0.480	0.590	0.520	0.446	0.461	0.539	0.408	0.447	0.414	0.080	0.080	0.106	0.424	0.428	0.434	0.397	0.425	0.450	0.405	0.528	0.395	0.080	0.080	0.107	0.420	0.419	0.447	0.391	0.422	0.423	0.388	0.442	0.400	0.079	0.079	0.107	0.435	0.433	0.459	0.403	0.424	0.455	0.399	0.496	0.439	0.079	0.079	0.106	0.424	0.451	0.446	0.395	0.419	0.483	0.406	0.459	0.413	0.080	0.079	0.078	0.079	0.079	0.079	0.079	0.079	0.079	0.079	0.079	0.079	0.079
1:40:00	0.080	0.080	0.079	0.079	0.079	0.079	0.079	0.079	0.081	0.080	0.080	0.079	0.080	0.105	0.453	0.512	0.462	0.425	0.464	0.495	0.420	0.553	0.416	0.080	0.080	0.106	0.462	0.593	0.500	0.443	0.464	0.542	0.403	0.444	0.414	0.080	0.081	0.106	0.423	0.439	0.438	0.405	0.433	0.451	0.401	0.555	0.396	0.081	0.081	0.107	0.441	0.430	0.442	0.398	0.435	0.428	0.395	0.444	0.396	0.079	0.079	0.107	0.437	0.439	0.457	0.415	0.427	0.467	0.396	0.500	0.436	0.079	0.079	0.107	0.436	0.452	0.459	0.404	0.425	0.481	0.409	0.462	0.412	0.080	0.079	0.079	0.079	0.080	0.079	0.079	0.079	0.079	0.079	0.079	0.079	0.079
1:50:00	0.080	0.080	0.079	0.079	0.079	0.079	0.079	0.079	0.081	0.080	0.080	0.079	0.080	0.105	0.476	0.511	0.484	0.426	0.474	0.529	0.423	0.545	0.421	0.080	0.079	0.107	0.476	0.562	0.498	0.434	0.468	0.562	0.409	0.459	0.419	0.080	0.081	0.107	0.443	0.457	0.449	0.411	0.450	0.459	0.406	0.544	0.401	0.081	0.081	0.107	0.448	0.436	0.456	0.405	0.453	0.439	0.401	0.452	0.400	0.079	0.079	0.108	0.445	0.452	0.463	0.419	0.447	0.471	0.400	0.505	0.425	0.079	0.079	0.107	0.461	0.457	0.456	0.411	0.435	0.483	0.415	0.466	0.412	0.080	0.079	0.079	0.079	0.079	0.079	0.079	0.079	0.079	0.079	0.079	0.079	0.079
2:00:00	0.080	0.080	0.079	0.079	0.079	0.079	0.079	0.079	0.081	0.080	0.080	0.080	0.080	0.105	0.477	0.536	0.492	0.424	0.508	0.539	0.420	0.587	0.427	0.080	0.080	0.107	0.484	0.550	0.515	0.430	0.475	0.576	0.417	0.480	0.428	0.080	0.081	0.107	0.453	0.467	0.462	0.417	0.442	0.479	0.410	0.581	0.408	0.081	0.081	0.107	0.451	0.446	0.471	0.410	0.464	0.462	0.409	0.458	0.409	0.080	0.079	0.108	0.456	0.466	0.475	0.420	0.462	0.481	0.407	0.526	0.421	0.079	0.079	0.107	0.475	0.467	0.472	0.419	0.457	0.498	0.422	0.476	0.419	0.080	0.079	0.079	0.079	0.080	0.079	0.079	0.079	0.079	0.079	0.079	0.079	0.079
2:10:00	0.080	0.080	0.079	0.079	0.079	0.079	0.079	0.079	0.081	0.080	0.080	0.080	0.080	0.105	0.486	0.525	0.502	0.423	0.494	0.522	0.413	0.576	0.416	0.080	0.080	0.107	0.504	0.543	0.516	0.430	0.490	0.557	0.415	0.483	0.422	0.080	0.081	0.107	0.473	0.471	0.475	0.423	0.463	0.490	0.403	0.566	0.406	0.081	0.081	0.107	0.460	0.453	0.495	0.412	0.470	0.469	0.414	0.467	0.409	0.080	0.079	0.108	0.468	0.483	0.483	0.420	0.469	0.483	0.407	0.530	0.414	0.079	0.079	0.107	0.469	0.479	0.475	0.422	0.462	0.498	0.424	0.479	0.419	0.080	0.079	0.079	0.079	0.080	0.079	0.079	0.079	0.079	0.079	0.079	0.079	0.079
2:20:00	0.080	0.080	0.079	0.079	0.079	0.079	0.079	0.079	0.081	0.080	0.080	0.080	0.080	0.106	0.500	0.544	0.512	0.431	0.511	0.550	0.424	0.577	0.434	0.080	0.080	0.107	0.511	0.543	0.538	0.432	0.502	0.556	0.419	0.494	0.432	0.080	0.081	0.107	0.495	0.485	0.487	0.425	0.473	0.509	0.414	0.555	0.412	0.081	0.081	0.107	0.476	0.481	0.502	0.418	0.478	0.486	0.422	0.485	0.416	0.080	0.079	0.108	0.483	0.499	0.497	0.423	0.474	0.495	0.413	0.542	0.423	0.079	0.079	0.107	0.481	0.494	0.488	0.424	0.470	0.506	0.430	0.490	0.426	0.080	0.079	0.079	0.080	0.080	0.079	0.079	0.079	0.079	0.079	0.079	0.079	0.079
2:30:00	0.080	0.080	0.079	0.079	0.079	0.079	0.079	0.079	0.081	0.080	0.080	0.080	0.080	0.106	0.514	0.553	0.522	0.432	0.527	0.556	0.424	0.579	0.426	0.080	0.080	0.107	0.522	0.544	0.540	0.434	0.512	0.559	0.418	0.500	0.434	0.080	0.081	0.107	0.502	0.487	0.489	0.426	0.484	0.516	0.412	0.548	0.417	0.081	0.081	0.108	0.480	0.481	0.508	0.420	0.476	0.492	0.425	0.492	0.418	0.080	0.079	0.108	0.491	0.507	0.498	0.425	0.482	0.515	0.415	0.551	0.421	0.079	0.079	0.107	0.490	0.498	0.493	0.426	0.472	0.508	0.431	0.499	0.428	0.080	0.079	0.079	0.079	0.080	0.079	0.079	0.079	0.079	0.079	0.079	0.079	0.079
2:40:00	0.080	0.080	0.079	0.079	0.079	0.079	0.079	0.079	0.080	0.080	0.080	0.079	0.080	0.105	0.526	0.571	0.531	0.439	0.523	0.560	0.434	0.595	0.436	0.080	0.079	0.107	0.529	0.555	0.557	0.442	0.522	0.581	0.426	0.519	0.440	0.080	0.081	0.107	0.505	0.498	0.505	0.428	0.493	0.536	0.419	0.561	0.423	0.081	0.080	0.107	0.492	0.489	0.513	0.422	0.491	0.500	0.427	0.500	0.422	0.080	0.079	0.108	0.503	0.523	0.513	0.429	0.492	0.520	0.420	0.560	0.426	0.079	0.079	0.107	0.495	0.510	0.507	0.429	0.480	0.520	0.434	0.508	0.431	0.080	0.079	0.079	0.079	0.079	0.079	0.079	0.079	0.079	0.079	0.079	0.079	0.079
2:50:00	0.080	0.080	0.079	0.079	0.079	0.079	0.079	0.079	0.080	0.080	0.080	0.079	0.079	0.105	0.529	0.580	0.543	0.445	0.528	0.571	0.441	0.607	0.442	0.080	0.079	0.106	0.535	0.561	0.565	0.444	0.525	0.589	0.433	0.538	0.443	0.080	0.081	0.106	0.511	0.507	0.517	0.429	0.500	0.543	0.426	0.558	0.431	0.081	0.080	0.107	0.501	0.500	0.522	0.425	0.502	0.509	0.432	0.514	0.429	0.080	0.079	0.107	0.514	0.532	0.530	0.427	0.503	0.518	0.425	0.580	0.426	0.079	0.079	0.107	0.502	0.521	0.522	0.432	0.490	0.529	0.439	0.519	0.436	0.080	0.079	0.079	0.079	0.079	0.079	0.079	0.079	0.079	0.079	0.079	0.079	0.079
3:00:00	0.080	0.081	0.079	0.079	0.079	0.079	0.079	0.080	0.081	0.081	0.080	0.080	0.080	0.105	0.533	0.578	0.546	0.447	0.542	0.566	0.441	0.601	0.446	0.080	0.080	0.107	0.545	0.566	0.571	0.449	0.530	0.583	0.435	0.546	0.450	0.080	0.081	0.107	0.520	0.517	0.524	0.434	0.511	0.539	0.425	0.566	0.435	0.081	0.081	0.107	0.509	0.514	0.526	0.429	0.511	0.517	0.436	0.519	0.432	0.080	0.079	0.108	0.522	0.534	0.539	0.428	0.515	0.521	0.429	0.578	0.428	0.079	0.079	0.107	0.512	0.531	0.527	0.435	0.500	0.527	0.443	0.520	0.438	0.080	0.079	0.078	0.079	0.079	0.079	0.079	0.079	0.079	0.079	0.079	0.079	0.079
3:10:00	0.080	0.080	0.079	0.079	0.079	0.079	0.079	0.079	0.081	0.080	0.080	0.080	0.080	0.105	0.539	0.582	0.557	0.451	0.555	0.569	0.446	0.613	0.454	0.080	0.080	0.106	0.552	0.572	0.577	0.453	0.533	0.599	0.438	0.558	0.458	0.080	0.081	0.106	0.525	0.531	0.528	0.440	0.520	0.553	0.429	0.573	0.442	0.081	0.081	0.107	0.515	0.523	0.538	0.434	0.520	0.526	0.444	0.525	0.440	0.080	0.079	0.107	0.533	0.537	0.549	0.433	0.519	0.537	0.433	0.588	0.435	0.079	0.079	0.107	0.525	0.543	0.527	0.438	0.512	0.531	0.447	0.533	0.442	0.080	0.079	0.079	0.080	0.080	0.079	0.079	0.079	0.079	0.079	0.080	0.079	0.079
3:20:00	0.080	0.080	0.079	0.079	0.079	0.079	0.079	0.079	0.081	0.080	0.080	0.080	0.080	0.105	0.556	0.588	0.567	0.451	0.559	0.575	0.452	0.617	0.453	0.080	0.079	0.106	0.551	0.576	0.583	0.454	0.552	0.603	0.443	0.564	0.461	0.080	0.081	0.106	0.534	0.541	0.531	0.445	0.531	0.571	0.433	0.577	0.445	0.081	0.080	0.107	0.521	0.528	0.544	0.441	0.528	0.534	0.449	0.530	0.448	0.079	0.079	0.107	0.538	0.541	0.554	0.435	0.526	0.552	0.435	0.587	0.438	0.079	0.079	0.107	0.536	0.550	0.539	0.444	0.523	0.538	0.449	0.541	0.446	0.080	0.079	0.079	0.079	0.079	0.079	0.079	0.079	0.079	0.079	0.079	0.079	0.079
3:30:00	0.080	0.080	0.079	0.079	0.079	0.079	0.079	0.079	0.081	0.080	0.080	0.080	0.080	0.105	0.565	0.591	0.578	0.455	0.566	0.586	0.461	0.616	0.455	0.080	0.080	0.106	0.554	0.580	0.587	0.458	0.556	0.614	0.449	0.569	0.466	0.080	0.081	0.106	0.544	0.553	0.535	0.450	0.537	0.583	0.439	0.580	0.449	0.081	0.081	0.107	0.530	0.541	0.551	0.445	0.536	0.542	0.452	0.536	0.450	0.080	0.079	0.107	0.548	0.548	0.565	0.439	0.535	0.562	0.439	0.586	0.442	0.079	0.079	0.107	0.546	0.561	0.547	0.450	0.536	0.545	0.453	0.553	0.449	0.080	0.079	0.079	0.080	0.080	0.079	0.079	0.079	0.079	0.079	0.079	0.079	0.079
3:40:00	0.080	0.080	0.079	0.080	0.079	0.079	0.079	0.079	0.081	0.080	0.080	0.080	0.080	0.105	0.578	0.592	0.584	0.461	0.571	0.591	0.466	0.621	0.465	0.080	0.080	0.107	0.562	0.588	0.594	0.461	0.562	0.615	0.455	0.576	0.472	0.080	0.081	0.107	0.549	0.566	0.545	0.455	0.548	0.589	0.446	0.587	0.456	0.081	0.081	0.107	0.546	0.551	0.557	0.449	0.544	0.553	0.458	0.545	0.455	0.080	0.080	0.108	0.555	0.555	0.572	0.443	0.543	0.566	0.445	0.591	0.446	0.079	0.079	0.107	0.555	0.568	0.557	0.455	0.546	0.554	0.458	0.559	0.452	0.080	0.080	0.079	0.080	0.080	0.079	0.080	0.079	0.079	0.079	0.079	0.079	0.079
3:50:00	0.080	0.080	0.079	0.079	0.079	0.079	0.079	0.080	0.081	0.080	0.080	0.080	0.080	0.106	0.590	0.600	0.591	0.463	0.579	0.596	0.466	0.629	0.467	0.080	0.080	0.107	0.576	0.598	0.599	0.465	0.566	0.619	0.457	0.583	0.475	0.080	0.081	0.107	0.559	0.572	0.552	0.457	0.556	0.592	0.448	0.590	0.461	0.081	0.081	0.107	0.562	0.556	0.563	0.453	0.553	0.560	0.462	0.551	0.461	0.080	0.080	0.108	0.559	0.565	0.579	0.446	0.553	0.571	0.448	0.592	0.450	0.079	0.079	0.107	0.560	0.573	0.567	0.459	0.559	0.559	0.463	0.567	0.455	0.080	0.080	0.079	0.080	0.080	0.079	0.079	0.079	0.079	0.079	0.079	0.079	0.079
4:00:00	0.080	0.080	0.079	0.079	0.079	0.079	0.079	0.079	0.081	0.080	0.080	0.080	0.080	0.106	0.593	0.610	0.597	0.470	0.586	0.604	0.471	0.636	0.473	0.080	0.080	0.107	0.587	0.607	0.605	0.472	0.572	0.628	0.462	0.588	0.478	0.080	0.081	0.107	0.559	0.581	0.561	0.459	0.563	0.599	0.451	0.602	0.464	0.081	0.081	0.107	0.568	0.559	0.571	0.458	0.563	0.567	0.467	0.559	0.466	0.080	0.079	0.108	0.567	0.573	0.585	0.453	0.561	0.580	0.452	0.595	0.458	0.079	0.079	0.107	0.567	0.578	0.572	0.463	0.569	0.569	0.467	0.575	0.459	0.080	0.079	0.079	0.080	0.080	0.079	0.079	0.079	0.079	0.079	0.079	0.079	0.079
4:10:00	0.081	0.080	0.079	0.079	0.079	0.079	0.079	0.079	0.081	0.080	0.080	0.080	0.080	0.105	0.598	0.612	0.602	0.472	0.595	0.613	0.474	0.643	0.480	0.080	0.080	0.107	0.591	0.613	0.610	0.477	0.578	0.631	0.467	0.594	0.484	0.080	0.081	0.107	0.571	0.590	0.566	0.464	0.570	0.603	0.455	0.607	0.469	0.081	0.081	0.107	0.579	0.568	0.583	0.462	0.572	0.574	0.469	0.569	0.472	0.080	0.080	0.108	0.575	0.579	0.589	0.457	0.568	0.588	0.456	0.600	0.465	0.079	0.079	0.107	0.575	0.587	0.579	0.468	0.580	0.577	0.471	0.578	0.464	0.080	0.080	0.079	0.080	0.080	0.079	0.080	0.079	0.079	0.079	0.080	0.079	0.080
4:20:00	0.080	0.080	0.079	0.079	0.079	0.079	0.079	0.079	0.080	0.080	0.080	0.080	0.080	0.105	0.604	0.618	0.608	0.476	0.611	0.618	0.481	0.647	0.485	0.080	0.079	0.106	0.594	0.618	0.613	0.480	0.590	0.634	0.470	0.598	0.489	0.080	0.081	0.106	0.580	0.595	0.575	0.468	0.579	0.609	0.459	0.614	0.474	0.081	0.081	0.107	0.581	0.578	0.590	0.466	0.576	0.580	0.471	0.578	0.476	0.080	0.079	0.107	0.581	0.586	0.596	0.460	0.576	0.597	0.461	0.604	0.467	0.079	0.079	0.106	0.580	0.591	0.587	0.473	0.584	0.587	0.473	0.586	0.469	0.080	0.079	0.079	0.079	0.079	0.079	0.079	0.079	0.079	0.080	0.080	0.079	0.080
4:30:00	0.080	0.080	0.079	0.080	0.079	0.079	0.079	0.080	0.081	0.081	0.080	0.080	0.080	0.105	0.614	0.627	0.615	0.480	0.616	0.622	0.487	0.656	0.490	0.080	0.080	0.106	0.599	0.623	0.620	0.483	0.601	0.638	0.475	0.608	0.493	0.080	0.081	0.106	0.583	0.598	0.584	0.471	0.591	0.617	0.463	0.621	0.477	0.081	0.081	0.107	0.588	0.585	0.595	0.468	0.583	0.587	0.472	0.585	0.481	0.080	0.080	0.107	0.591	0.594	0.604	0.464	0.582	0.605	0.465	0.613	0.472	0.080	0.079	0.106	0.588	0.597	0.595	0.477	0.588	0.594	0.477	0.592	0.473	0.080	0.080	0.079	0.080	0.080	0.079	0.080	0.079	0.079	0.080	0.080	0.079	0.080
4:40:00	0.080	0.080	0.079	0.079	0.079	0.079	0.079	0.079	0.081	0.080	0.080	0.080	0.080	0.105	0.625	0.636	0.623	0.484	0.625	0.627	0.490	0.658	0.494	0.080	0.080	0.106	0.605	0.631	0.630	0.486	0.609	0.642	0.479	0.617	0.497	0.080	0.081	0.106	0.591	0.602	0.587	0.476	0.599	0.621	0.466	0.622	0.480	0.081	0.081	0.107	0.597	0.590	0.601	0.471	0.591	0.593	0.476	0.591	0.484	0.080	0.079	0.107	0.605	0.602	0.612	0.468	0.589	0.611	0.467	0.623	0.476	0.079	0.079	0.106	0.597	0.602	0.600	0.479	0.593	0.600	0.481	0.600	0.477	0.080	0.079	0.078	0.079	0.079	0.079	0.079	0.079	0.079	0.079	0.079	0.079	0.079
4:50:00	0.080	0.080	0.079	0.079	0.079	0.079	0.079	0.079	0.081	0.080	0.080	0.080	0.080	0.105	0.631	0.644	0.629	0.491	0.628	0.632	0.494	0.665	0.499	0.080	0.080	0.106	0.611	0.642	0.637	0.489	0.612	0.652	0.481	0.621	0.499	0.080	0.081	0.106	0.603	0.608	0.592	0.479	0.603	0.625	0.469	0.625	0.485	0.081	0.081	0.107	0.599	0.596	0.601	0.474	0.599	0.600	0.478	0.595	0.488	0.080	0.079	0.107	0.620	0.608	0.622	0.471	0.598	0.615	0.469	0.629	0.479	0.079	0.079	0.106	0.602	0.610	0.609	0.481	0.599	0.604	0.485	0.608	0.482	0.080	0.080	0.079	0.080	0.080	0.079	0.080	0.079	0.079	0.079	0.080	0.079	0.079
5:00:00	0.080	0.080	0.079	0.079	0.079	0.079	0.079	0.079	0.081	0.080	0.080	0.080	0.080	0.105	0.638	0.653	0.634	0.496	0.635	0.637	0.501	0.669	0.504	0.080	0.080	0.106	0.620	0.651	0.643	0.493	0.620	0.661	0.486	0.626	0.507	0.080	0.081	0.106	0.609	0.614	0.599	0.483	0.610	0.633	0.475	0.634	0.489	0.081	0.081	0.107	0.606	0.600	0.607	0.476	0.605	0.609	0.480	0.601	0.492	0.080	0.079	0.107	0.625	0.616	0.630	0.474	0.608	0.622	0.474	0.633	0.484	0.079	0.079	0.106	0.611	0.618	0.617	0.483	0.607	0.611	0.491	0.614	0.488	0.080	0.079	0.079	0.080	0.080	0.079	0.079	0.079	0.079	0.079	0.079	0.079	0.079
5:10:00	0.080	0.080	0.079	0.080	0.079	0.079	0.079	0.079	0.081	0.081	0.080	0.080	0.080	0.105	0.652	0.661	0.643	0.502	0.640	0.639	0.504	0.670	0.507	0.080	0.080	0.106	0.629	0.655	0.649	0.498	0.621	0.666	0.492	0.628	0.513	0.080	0.081	0.106	0.617	0.620	0.609	0.486	0.618	0.641	0.478	0.643	0.494	0.081	0.081	0.107	0.615	0.608	0.616	0.480	0.611	0.615	0.484	0.610	0.495	0.080	0.080	0.107	0.631	0.622	0.638	0.478	0.616	0.631	0.481	0.637	0.489	0.079	0.079	0.107	0.620	0.624	0.626	0.487	0.611	0.620	0.495	0.622	0.495	0.080	0.080	0.079	0.080	0.080	0.079	0.080	0.079	0.079	0.079	0.080	0.079	0.080
5:20:00	0.080	0.080	0.079	0.080	0.079	0.079	0.079	0.080	0.081	0.081	0.080	0.080	0.080	0.105	0.663	0.669	0.650	0.508	0.644	0.648	0.509	0.678	0.512	0.080	0.080	0.106	0.637	0.660	0.656	0.502	0.632	0.671	0.496	0.641	0.519	0.080	0.081	0.106	0.621	0.628	0.618	0.490	0.623	0.650	0.481	0.649	0.499	0.081	0.081	0.107	0.618	0.617	0.623	0.485	0.617	0.627	0.487	0.619	0.499	0.080	0.080	0.107	0.638	0.631	0.646	0.480	0.624	0.634	0.485	0.641	0.494	0.080	0.079	0.106	0.628	0.629	0.634	0.491	0.619	0.627	0.500	0.631	0.500	0.080	0.080	0.079	0.080	0.080	0.079	0.079	0.079	0.079	0.079	0.080	0.079	0.080
5:30:00	0.081	0.081	0.079	0.080	0.079	0.079	0.079	0.080	0.081	0.081	0.080	0.080	0.080	0.105	0.671	0.678	0.657	0.510	0.653	0.659	0.513	0.682	0.517	0.080	0.080	0.107	0.646	0.664	0.662	0.506	0.638	0.678	0.501	0.651	0.526	0.080	0.081	0.107	0.627	0.633	0.624	0.493	0.632	0.656	0.486	0.653	0.505	0.081	0.081	0.107	0.625	0.624	0.626	0.490	0.623	0.638	0.490	0.627	0.502	0.080	0.080	0.108	0.647	0.642	0.648	0.483	0.631	0.638	0.489	0.647	0.500	0.080	0.079	0.107	0.636	0.631	0.643	0.494	0.631	0.632	0.506	0.639	0.502	0.080	0.079	0.079	0.080	0.080	0.079	0.080	0.079	0.079	0.080	0.080	0.079	0.080
5:40:00	0.081	0.081	0.079	0.080	0.079	0.079	0.079	0.080	0.081	0.081	0.080	0.080	0.080	0.105	0.675	0.685	0.666	0.514	0.663	0.668	0.519	0.689	0.525	0.080	0.080	0.107	0.656	0.670	0.668	0.512	0.645	0.682	0.505	0.654	0.532	0.080	0.081	0.107	0.635	0.641	0.634	0.496	0.641	0.655	0.490	0.654	0.510	0.081	0.081	0.107	0.634	0.631	0.632	0.496	0.631	0.646	0.495	0.634	0.507	0.080	0.080	0.108	0.654	0.649	0.653	0.487	0.639	0.643	0.494	0.654	0.505	0.080	0.079	0.107	0.644	0.636	0.651	0.497	0.642	0.638	0.512	0.649	0.506	0.080	0.079	0.079	0.080	0.080	0.079	0.080	0.079	0.079	0.079	0.080	0.079	0.080
5:50:00	0.081	0.080	0.079	0.080	0.079	0.079	0.079	0.080	0.081	0.081	0.080	0.080	0.080	0.105	0.678	0.687	0.670	0.518	0.668	0.679	0.524	0.698	0.527	0.080	0.080	0.107	0.659	0.675	0.674	0.516	0.652	0.687	0.510	0.660	0.534	0.080	0.081	0.107	0.641	0.647	0.639	0.499	0.647	0.660	0.494	0.663	0.515	0.081	0.081	0.107	0.642	0.638	0.638	0.501	0.637	0.651	0.498	0.639	0.511	0.080	0.080	0.108	0.662	0.653	0.659	0.489	0.647	0.644	0.498	0.662	0.509	0.080	0.079	0.107	0.652	0.642	0.658	0.500	0.648	0.645	0.516	0.656	0.509	0.080	0.079	0.079	0.080	0.080	0.079	0.080	0.079	0.079	0.079	0.080	0.079	0.080
6:00:00	0.081	0.080	0.079	0.080	0.079	0.079	0.079	0.079	0.081	0.080	0.080	0.080	0.080	0.105	0.684	0.690	0.681	0.522	0.676	0.683	0.526	0.704	0.530	0.080	0.080	0.107	0.665	0.681	0.678	0.520	0.659	0.692	0.513	0.668	0.537	0.080	0.081	0.107	0.648	0.653	0.646	0.502	0.654	0.665	0.498	0.671	0.519	0.081	0.081	0.107	0.650	0.644	0.647	0.504	0.642	0.653	0.501	0.643	0.516	0.080	0.080	0.108	0.669	0.659	0.665	0.492	0.655	0.651	0.503	0.668	0.513	0.080	0.079	0.107	0.661	0.649	0.667	0.504	0.653	0.651	0.521	0.664	0.514	0.080	0.079	0.079	0.080	0.080	0.079	0.080	0.079	0.079	0.080	0.080	0.079	0.080
6:10:00	0.080	0.080	0.079	0.079	0.079	0.079	0.079	0.079	0.081	0.080	0.080	0.080	0.080	0.105	0.690	0.691	0.687	0.527	0.682	0.689	0.528	0.710	0.535	0.080	0.079	0.106	0.671	0.688	0.684	0.526	0.666	0.695	0.517	0.678	0.537	0.080	0.081	0.106	0.653	0.658	0.649	0.506	0.657	0.666	0.502	0.676	0.525	0.081	0.081	0.107	0.655	0.653	0.654	0.506	0.645	0.659	0.503	0.652	0.517	0.080	0.079	0.107	0.671	0.663	0.669	0.494	0.659	0.659	0.507	0.673	0.520	0.079	0.079	0.106	0.668	0.658	0.674	0.506	0.660	0.657	0.524	0.671	0.519	0.080	0.079	0.079	0.080	0.080	0.079	0.079	0.079	0.079	0.080	0.080	0.079	0.080
6:20:00	0.081	0.080	0.080	0.080	0.079	0.079	0.079	0.080	0.081	0.081	0.080	0.080	0.080	0.105	0.697	0.698	0.692	0.531	0.690	0.698	0.530	0.719	0.539	0.080	0.080	0.106	0.680	0.691	0.689	0.531	0.669	0.700	0.520	0.682	0.539	0.080	0.081	0.106	0.663	0.664	0.655	0.511	0.668	0.670	0.502	0.684	0.529	0.081	0.081	0.107	0.659	0.659	0.660	0.509	0.653	0.666	0.506	0.664	0.521	0.080	0.080	0.107	0.674	0.668	0.672	0.498	0.664	0.666	0.512	0.678	0.523	0.080	0.079	0.107	0.675	0.668	0.679	0.511	0.666	0.663	0.526	0.676	0.527	0.080	0.079	0.079	0.080	0.080	0.080	0.080	0.079	0.080	0.080	0.080	0.080	0.080
6:30:00	0.080	0.080	0.079	0.079	0.079	0.079	0.079	0.079	0.081	0.081	0.080	0.080	0.080	0.105	0.704	0.709	0.700	0.540	0.695	0.704	0.534	0.729	0.544	0.080	0.080	0.106	0.684	0.695	0.698	0.538	0.674	0.711	0.523	0.687	0.542	0.080	0.081	0.106	0.672	0.676	0.661	0.511	0.675	0.680	0.509	0.686	0.530	0.081	0.081	0.107	0.665	0.666	0.666	0.512	0.659	0.673	0.507	0.671	0.523	0.080	0.079	0.107	0.678	0.670	0.674	0.501	0.668	0.672	0.513	0.681	0.528	0.079	0.079	0.106	0.680	0.673	0.681	0.513	0.669	0.672	0.529	0.684	0.530	0.080	0.078	0.078	0.079	0.079	0.079	0.079	0.079	0.079	0.079	0.079	0.079	0.079
6:40:00	0.081	0.080	0.079	0.080	0.079	0.079	0.079	0.080	0.081	0.081	0.080	0.080	0.080	0.105	0.709	0.716	0.708	0.545	0.702	0.712	0.535	0.735	0.550	0.080	0.080	0.106	0.693	0.700	0.704	0.540	0.680	0.714	0.525	0.693	0.547	0.080	0.081	0.106	0.679	0.679	0.668	0.515	0.681	0.686	0.514	0.692	0.536	0.081	0.081	0.107	0.673	0.672	0.671	0.516	0.663	0.680	0.510	0.679	0.527	0.080	0.080	0.107	0.687	0.676	0.679	0.505	0.674	0.676	0.515	0.690	0.533	0.080	0.079	0.106	0.690	0.678	0.684	0.516	0.674	0.681	0.532	0.693	0.535	0.080	0.079	0.079	0.080	0.080	0.080	0.080	0.079	0.079	0.080	0.080	0.080	0.080
6:50:00	0.080	0.080	0.079	0.080	0.079	0.079	0.079	0.080	0.081	0.081	0.080	0.080	0.080	0.105	0.718	0.720	0.718	0.548	0.708	0.719	0.541	0.740	0.556	0.080	0.080	0.106	0.697	0.708	0.708	0.540	0.683	0.720	0.530	0.703	0.552	0.080	0.081	0.106	0.682	0.684	0.675	0.519	0.686	0.695	0.516	0.699	0.542	0.081	0.081	0.107	0.679	0.677	0.675	0.519	0.667	0.688	0.513	0.686	0.530	0.080	0.080	0.107	0.692	0.682	0.684	0.508	0.678	0.681	0.517	0.696	0.536	0.080	0.079	0.106	0.699	0.686	0.688	0.519	0.681	0.687	0.534	0.698	0.537	0.080	0.079	0.079	0.080	0.080	0.079	0.079	0.079	0.079	0.079	0.080	0.079	0.080
7:00:00	0.081	0.080	0.079	0.080	0.079	0.079	0.079	0.080	0.081	0.081	0.080	0.080	0.080	0.105	0.727	0.729	0.727	0.550	0.712	0.722	0.545	0.742	0.563	0.080	0.080	0.106	0.701	0.714	0.716	0.542	0.689	0.724	0.535	0.709	0.558	0.080	0.081	0.106	0.689	0.690	0.683	0.523	0.691	0.699	0.518	0.707	0.547	0.081	0.081	0.107	0.688	0.683	0.678	0.525	0.670	0.698	0.517	0.693	0.536	0.080	0.080	0.107	0.701	0.690	0.689	0.512	0.682	0.688	0.521	0.697	0.541	0.080	0.079	0.106	0.712	0.694	0.698	0.524	0.684	0.694	0.540	0.706	0.543	0.080	0.079	0.079	0.080	0.080	0.079	0.080	0.079	0.079	0.080	0.080	0.079	0.080
7:10:00	0.081	0.080	0.079	0.080	0.079	0.079	0.080	0.080	0.081	0.081	0.080	0.080	0.080	0.105	0.732	0.735	0.733	0.551	0.716	0.727	0.545	0.746	0.564	0.080	0.080	0.107	0.708	0.723	0.724	0.545	0.692	0.727	0.538	0.714	0.564	0.080	0.081	0.106	0.694	0.696	0.688	0.526	0.694	0.705	0.518	0.713	0.552	0.081	0.081	0.107	0.693	0.691	0.684	0.530	0.673	0.706	0.520	0.697	0.541	0.080	0.080	0.107	0.710	0.697	0.695	0.515	0.684	0.695	0.525	0.702	0.544	0.080	0.079	0.107	0.723	0.697	0.705	0.529	0.686	0.702	0.545	0.715	0.546	0.080	0.079	0.079	0.080	0.080	0.080	0.080	0.079	0.079	0.080	0.080	0.080	0.080
7:20:00	0.080	0.081	0.079	0.080	0.079	0.079	0.079	0.080	0.081	0.081	0.080	0.080	0.080	0.105	0.739	0.741	0.740	0.556	0.722	0.736	0.548	0.752	0.569	0.080	0.080	0.106	0.715	0.732	0.734	0.549	0.699	0.734	0.541	0.721	0.569	0.080	0.081	0.106	0.700	0.701	0.692	0.526	0.698	0.711	0.521	0.719	0.558	0.081	0.081	0.107	0.699	0.697	0.690	0.532	0.676	0.714	0.521	0.702	0.545	0.080	0.080	0.107	0.717	0.704	0.698	0.519	0.687	0.699	0.527	0.707	0.548	0.080	0.079	0.106	0.728	0.703	0.710	0.531	0.690	0.709	0.550	0.723	0.547	0.080	0.079	0.079	0.080	0.080	0.079	0.080	0.079	0.079	0.079	0.080	0.079	0.080
7:30:00	0.081	0.081	0.080	0.080	0.079	0.079	0.080	0.080	0.082	0.081	0.080	0.080	0.080	0.105	0.745	0.747	0.743	0.562	0.727	0.737	0.551	0.757	0.574	0.080	0.080	0.107	0.723	0.737	0.741	0.552	0.700	0.739	0.542	0.725	0.572	0.080	0.081	0.107	0.706	0.709	0.702	0.528	0.701	0.718	0.524	0.726	0.563	0.081	0.081	0.107	0.708	0.707	0.697	0.534	0.679	0.721	0.524	0.708	0.549	0.080	0.080	0.108	0.725	0.715	0.704	0.522	0.693	0.704	0.532	0.713	0.549	0.080	0.080	0.107	0.732	0.710	0.716	0.535	0.695	0.716	0.555	0.728	0.552	0.080	0.079	0.079	0.080	0.080	0.080	0.080	0.079	0.079	0.080	0.080	0.080	0.080
7:40:00	0.081	0.080	0.079	0.080	0.079	0.079	0.079	0.080	0.081	0.081	0.080	0.080	0.080	0.105	0.754	0.754	0.745	0.566	0.728	0.744	0.556	0.764	0.574	0.080	0.080	0.107	0.729	0.741	0.745	0.556	0.706	0.742	0.544	0.734	0.574	0.080	0.081	0.107	0.710	0.716	0.704	0.528	0.705	0.728	0.527	0.732	0.566	0.081	0.081	0.107	0.711	0.713	0.704	0.536	0.681	0.726	0.526	0.714	0.551	0.080	0.080	0.108	0.730	0.722	0.712	0.523	0.696	0.710	0.535	0.719	0.552	0.080	0.079	0.107	0.737	0.714	0.714	0.538	0.698	0.725	0.557	0.733	0.554	0.080	0.079	0.079	0.080	0.079	0.079	0.080	0.079	0.079	0.079	0.080	0.079	0.080
7:50:00	0.081	0.080	0.079	0.080	0.079	0.079	0.079	0.080	0.081	0.081	0.080	0.080	0.080	0.105	0.760	0.760	0.750	0.569	0.731	0.748	0.558	0.771	0.578	0.080	0.080	0.106	0.736	0.747	0.748	0.559	0.709	0.748	0.547	0.740	0.577	0.080	0.081	0.106	0.720	0.722	0.709	0.531	0.710	0.732	0.532	0.735	0.569	0.081	0.081	0.107	0.715	0.717	0.708	0.539	0.683	0.731	0.530	0.720	0.553	0.080	0.080	0.107	0.736	0.730	0.716	0.526	0.701	0.715	0.541	0.723	0.557	0.080	0.079	0.106	0.743	0.720	0.718	0.544	0.703	0.730	0.560	0.738	0.559	0.080	0.079	0.079	0.080	0.079	0.080	0.080	0.079	0.080	0.080	0.080	0.080	0.080
8:00:00	0.080	0.080	0.079	0.080	0.079	0.079	0.079	0.080	0.081	0.081	0.080	0.080	0.080	0.105	0.764	0.763	0.755	0.573	0.732	0.752	0.561	0.775	0.586	0.080	0.080	0.106	0.740	0.752	0.749	0.564	0.714	0.755	0.551	0.745	0.580	0.080	0.081	0.106	0.725	0.723	0.711	0.530	0.710	0.734	0.533	0.740	0.571	0.081	0.081	0.107	0.721	0.721	0.714	0.540	0.687	0.731	0.531	0.726	0.557	0.080	0.080	0.107	0.740	0.734	0.722	0.527	0.700	0.721	0.542	0.727	0.558	0.080	0.079	0.106	0.748	0.726	0.718	0.543	0.705	0.735	0.563	0.744	0.560	0.080	0.079	0.079	0.080	0.079	0.079	0.080	0.079	0.079	0.080	0.080	0.079	0.080
8:10:00	0.081	0.081	0.080	0.080	0.079	0.079	0.080	0.080	0.081	0.081	0.080	0.080	0.080	0.105	0.770	0.771	0.765	0.577	0.739	0.757	0.565	0.780	0.594	0.080	0.080	0.106	0.744	0.759	0.752	0.565	0.718	0.764	0.554	0.750	0.585	0.080	0.081	0.106	0.733	0.730	0.716	0.532	0.713	0.742	0.535	0.749	0.574	0.081	0.081	0.107	0.729	0.726	0.718	0.542	0.690	0.733	0.533	0.731	0.560	0.080	0.080	0.107	0.745	0.737	0.727	0.530	0.701	0.726	0.544	0.732	0.562	0.080	0.079	0.106	0.748	0.730	0.722	0.546	0.707	0.739	0.565	0.749	0.565	0.080	0.079	0.078	0.080	0.079	0.079	0.080	0.079	0.079	0.080	0.080	0.079	0.080
8:20:00	0.080	0.080	0.079	0.079	0.079	0.079	0.079	0.080	0.081	0.081	0.080	0.080	0.080	0.105	0.777	0.774	0.768	0.580	0.742	0.762	0.569	0.789	0.598	0.080	0.080	0.106	0.750	0.763	0.757	0.567	0.720	0.768	0.558	0.752	0.594	0.080	0.081	0.106	0.740	0.734	0.720	0.534	0.717	0.744	0.539	0.754	0.575	0.081	0.081	0.107	0.736	0.729	0.722	0.545	0.692	0.740	0.536	0.735	0.562	0.080	0.080	0.107	0.751	0.744	0.731	0.533	0.703	0.733	0.547	0.739	0.563	0.080	0.079	0.106	0.753	0.734	0.729	0.551	0.708	0.745	0.568	0.757	0.568	0.080	0.079	0.079	0.080	0.079	0.079	0.080	0.079	0.079	0.080	0.080	0.079	0.080
8:30:00	0.081	0.081	0.080	0.080	0.079	0.079	0.080	0.080	0.081	0.081	0.080	0.080	0.080	0.105	0.787	0.779	0.772	0.580	0.746	0.766	0.571	0.792	0.594	0.080	0.080	0.106	0.758	0.770	0.760	0.568	0.721	0.764	0.560	0.757	0.599	0.080	0.081	0.106	0.745	0.739	0.724	0.535	0.718	0.743	0.540	0.757	0.576	0.081	0.081	0.107	0.742	0.735	0.724	0.547	0.695	0.742	0.539	0.739	0.566	0.080	0.080	0.107	0.759	0.748	0.734	0.536	0.703	0.739	0.547	0.745	0.562	0.080	0.079	0.106	0.758	0.741	0.736	0.553	0.709	0.752	0.571	0.761	0.569	0.080	0.079	0.079	0.080	0.079	0.080	0.080	0.079	0.079	0.080	0.080	0.080	0.080
8:40:00	0.081	0.080	0.079	0.080	0.079	0.079	0.080	0.080	0.081	0.081	0.080	0.080	0.080	0.105	0.793	0.785	0.778	0.582	0.747	0.774	0.573	0.797	0.592	0.080	0.080	0.106	0.765	0.775	0.767	0.572	0.722	0.770	0.563	0.764	0.600	0.080	0.081	0.106	0.751	0.743	0.729	0.538	0.722	0.751	0.544	0.760	0.579	0.081	0.081	0.107	0.748	0.741	0.729	0.550	0.699	0.747	0.542	0.743	0.571	0.080	0.080	0.107	0.766	0.755	0.740	0.539	0.706	0.745	0.551	0.753	0.565	0.080	0.079	0.106	0.765	0.746	0.744	0.555	0.709	0.759	0.575	0.766	0.571	0.080	0.079	0.079	0.080	0.079	0.080	0.080	0.079	0.079	0.080	0.080	0.080	0.080
8:50:00	0.081	0.080	0.079	0.080	0.079	0.079	0.079	0.080	0.081	0.081	0.080	0.080	0.080	0.105	0.797	0.788	0.785	0.585	0.747	0.783	0.580	0.803	0.595	0.080	0.080	0.106	0.772	0.782	0.774	0.576	0.724	0.779	0.565	0.768	0.598	0.080	0.081	0.106	0.754	0.748	0.736	0.538	0.725	0.755	0.547	0.763	0.580	0.081	0.081	0.107	0.755	0.749	0.733	0.553	0.703	0.752	0.545	0.748	0.576	0.080	0.080	0.107	0.771	0.760	0.743	0.541	0.708	0.748	0.553	0.756	0.568	0.080	0.079	0.106	0.771	0.751	0.749	0.557	0.711	0.765	0.578	0.772	0.576	0.080	0.079	0.079	0.080	0.079	0.079	0.080	0.079	0.079	0.080	0.080	0.080	0.080
9:00:00	0.081	0.081	0.080	0.080	0.079	0.080	0.080	0.080	0.081	0.081	0.080	0.081	0.080	0.105	0.802	0.794	0.789	0.584	0.747	0.789	0.581	0.804	0.597	0.080	0.080	0.106	0.777	0.787	0.776	0.578	0.728	0.784	0.567	0.772	0.596	0.080	0.082	0.106	0.758	0.751	0.743	0.542	0.726	0.760	0.548	0.767	0.580	0.081	0.082	0.107	0.759	0.753	0.737	0.555	0.704	0.753	0.546	0.752	0.580	0.080	0.080	0.107	0.777	0.764	0.748	0.541	0.710	0.751	0.555	0.758	0.569	0.080	0.079	0.106	0.777	0.754	0.753	0.562	0.712	0.767	0.578	0.776	0.581	0.081	0.079	0.079	0.080	0.079	0.080	0.080	0.079	0.079	0.080	0.080	0.080	0.080
9:10:00	0.081	0.081	0.080	0.080	0.079	0.079	0.080	0.080	0.082	0.081	0.080	0.081	0.080	0.105	0.805	0.800	0.792	0.586	0.750	0.794	0.585	0.811	0.601	0.080	0.080	0.106	0.782	0.796	0.779	0.580	0.732	0.792	0.569	0.777	0.598	0.080	0.082	0.106	0.758	0.758	0.747	0.544	0.728	0.765	0.550	0.770	0.582	0.081	0.082	0.107	0.766	0.755	0.740	0.556	0.705	0.758	0.548	0.756	0.583	0.080	0.080	0.107	0.785	0.769	0.753	0.543	0.713	0.755	0.557	0.761	0.572	0.080	0.079	0.106	0.781	0.760	0.756	0.566	0.713	0.772	0.580	0.781	0.586	0.081	0.079	0.079	0.080	0.079	0.080	0.080	0.079	0.079	0.080	0.080	0.080	0.079
9:20:00	0.081	0.081	0.080	0.080	0.079	0.080	0.080	0.080	0.082	0.081	0.080	0.081	0.080	0.105	0.807	0.809	0.794	0.589	0.753	0.802	0.590	0.817	0.605	0.080	0.080	0.107	0.785	0.798	0.784	0.582	0.732	0.798	0.572	0.780	0.603	0.080	0.082	0.107	0.762	0.761	0.751	0.545	0.731	0.769	0.551	0.774	0.582	0.081	0.082	0.107	0.771	0.757	0.743	0.556	0.706	0.761	0.549	0.763	0.586	0.080	0.080	0.108	0.790	0.773	0.756	0.545	0.715	0.759	0.558	0.764	0.574	0.080	0.080	0.107	0.787	0.768	0.758	0.569	0.714	0.778	0.582	0.785	0.588	0.081	0.079	0.079	0.080	0.079	0.080	0.080	0.079	0.079	0.080	0.080	0.080	0.080
9:30:00	0.081	0.081	0.080	0.080	0.079	0.080	0.080	0.080	0.082	0.081	0.080	0.081	0.080	0.105	0.810	0.815	0.800	0.592	0.754	0.808	0.593	0.819	0.606	0.080	0.080	0.106	0.787	0.800	0.792	0.583	0.731	0.801	0.572	0.787	0.606	0.080	0.082	0.106	0.767	0.765	0.754	0.546	0.732	0.772	0.552	0.778	0.583	0.081	0.081	0.107	0.774	0.760	0.746	0.559	0.705	0.763	0.551	0.768	0.587	0.080	0.080	0.107	0.793	0.779	0.759	0.546	0.716	0.762	0.559	0.766	0.576	0.080	0.080	0.106	0.793	0.772	0.764	0.572	0.715	0.784	0.582	0.789	0.591	0.081	0.080	0.079	0.080	0.080	0.080	0.080	0.079	0.080	0.080	0.080	0.080	0.080
9:40:00	0.080	0.080	0.079	0.080	0.079	0.079	0.080	0.080	0.081	0.081	0.080	0.081	0.080	0.105	0.814	0.823	0.804	0.594	0.755	0.813	0.594	0.822	0.611	0.080	0.080	0.106	0.790	0.802	0.797	0.585	0.729	0.805	0.574	0.790	0.610	0.080	0.081	0.106	0.769	0.767	0.756	0.548	0.734	0.777	0.553	0.782	0.585	0.081	0.081	0.106	0.776	0.766	0.749	0.559	0.707	0.767	0.552	0.772	0.587	0.080	0.080	0.107	0.796	0.785	0.762	0.547	0.718	0.765	0.559	0.768	0.578	0.080	0.079	0.106	0.796	0.775	0.769	0.574	0.715	0.787	0.583	0.793	0.592	0.081	0.079	0.079	0.080	0.079	0.080	0.080	0.079	0.080	0.080	0.080	0.080	0.079
9:50:00	0.081	0.081	0.080	0.080	0.079	0.080	0.080	0.080	0.081	0.081	0.080	0.081	0.080	0.105	0.819	0.829	0.805	0.597	0.754	0.817	0.595	0.830	0.613	0.081	0.080	0.106	0.794	0.806	0.800	0.586	0.730	0.807	0.576	0.794	0.614	0.080	0.082	0.106	0.773	0.770	0.760	0.549	0.734	0.780	0.553	0.786	0.587	0.081	0.082	0.107	0.778	0.770	0.751	0.560	0.707	0.770	0.554	0.778	0.589	0.079	0.080	0.107	0.800	0.788	0.766	0.548	0.719	0.768	0.560	0.772	0.579	0.080	0.080	0.106	0.800	0.777	0.773	0.574	0.717	0.790	0.584	0.795	0.592	0.081	0.079	0.079	0.080	0.079	0.080	0.080	0.079	0.080	0.080	0.080	0.080	0.079
10:00:00	0.080	0.081	0.079	0.080	0.079	0.079	0.080	0.080	0.082	0.081	0.080	0.081	0.080	0.105	0.829	0.833	0.808	0.598	0.755	0.816	0.597	0.834	0.616	0.080	0.080	0.106	0.797	0.810	0.802	0.587	0.730	0.810	0.577	0.797	0.615	0.080	0.081	0.106	0.775	0.775	0.763	0.549	0.735	0.783	0.553	0.785	0.586	0.081	0.081	0.106	0.783	0.774	0.753	0.561	0.707	0.773	0.555	0.781	0.592	0.079	0.080	0.107	0.805	0.790	0.769	0.549	0.719	0.770	0.560	0.778	0.579	0.080	0.079	0.106	0.805	0.779	0.774	0.573	0.720	0.794	0.585	0.799	0.594	0.080	0.079	0.078	0.080	0.079	0.079	0.079	0.079	0.079	0.079	0.080	0.079	0.079
10:10:00	0.081	0.081	0.080	0.080	0.079	0.080	0.080	0.080	0.081	0.081	0.080	0.081	0.080	0.105	0.835	0.837	0.814	0.600	0.757	0.818	0.599	0.837	0.618	0.080	0.080	0.106	0.802	0.813	0.806	0.589	0.733	0.813	0.579	0.802	0.617	0.080	0.081	0.106	0.781	0.779	0.766	0.550	0.734	0.783	0.554	0.787	0.588	0.081	0.082	0.106	0.788	0.776	0.754	0.562	0.707	0.775	0.556	0.785	0.597	0.079	0.080	0.107	0.810	0.793	0.772	0.552	0.719	0.774	0.561	0.783	0.582	0.080	0.080	0.106	0.808	0.783	0.774	0.574	0.721	0.797	0.587	0.804	0.597	0.081	0.079	0.079	0.080	0.080	0.080	0.080	0.079	0.079	0.080	0.080	0.080	0.079
10:20:00	0.081	0.080	0.079	0.080	0.079	0.079	0.080	0.080	0.081	0.081	0.080	0.081	0.080	0.105	0.841	0.842	0.817	0.601	0.760	0.822	0.600	0.843	0.623	0.080	0.080	0.106	0.808	0.815	0.809	0.591	0.734	0.820	0.581	0.806	0.622	0.080	0.081	0.106	0.789	0.783	0.767	0.550	0.736	0.784	0.555	0.791	0.590	0.081	0.081	0.106	0.793	0.780	0.758	0.562	0.708	0.777	0.557	0.784	0.602	0.079	0.080	0.107	0.815	0.797	0.773	0.555	0.720	0.779	0.563	0.786	0.584	0.080	0.079	0.106	0.812	0.788	0.777	0.573	0.723	0.799	0.588	0.808	0.598	0.080	0.079	0.079	0.080	0.079	0.079	0.080	0.079	0.079	0.080	0.080	0.079	0.079
10:30:00	0.081	0.081	0.080	0.080	0.079	0.080	0.080	0.080	0.082	0.081	0.080	0.081	0.080	0.105	0.845	0.840	0.818	0.600	0.759	0.824	0.601	0.841	0.626	0.080	0.080	0.106	0.810	0.819	0.813	0.589	0.733	0.816	0.580	0.809	0.619	0.080	0.082	0.106	0.795	0.787	0.771	0.551	0.738	0.788	0.555	0.795	0.590	0.081	0.082	0.107	0.797	0.784	0.759	0.562	0.710	0.779	0.557	0.786	0.605	0.079	0.080	0.107	0.817	0.801	0.773	0.555	0.721	0.783	0.564	0.789	0.581	0.080	0.080	0.106	0.820	0.792	0.784	0.574	0.721	0.799	0.588	0.809	0.601	0.081	0.080	0.079	0.080	0.080	0.080	0.080	0.079	0.080	0.080	0.080	0.080	0.079
10:40:00	0.081	0.081	0.080	0.080	0.080	0.080	0.080	0.080	0.082	0.081	0.080	0.079	0.080	0.105	0.848	0.840	0.821	0.598	0.759	0.827	0.602	0.848	0.627	0.080	0.081	0.106	0.815	0.822	0.816	0.588	0.736	0.819	0.581	0.812	0.618	0.080	0.082	0.106	0.802	0.790	0.775	0.552	0.738	0.793	0.556	0.801	0.591	0.081	0.082	0.107	0.803	0.788	0.762	0.561	0.710	0.781	0.558	0.789	0.607	0.079	0.080	0.107	0.820	0.805	0.775	0.553	0.722	0.784	0.564	0.792	0.580	0.080	0.080	0.106	0.823	0.796	0.789	0.574	0.719	0.799	0.589	0.813	0.601	0.081	0.080	0.079	0.081	0.080	0.080	0.080	0.080	0.080	0.080	0.080	0.080	0.079
10:50:00	0.081	0.081	0.080	0.080	0.079	0.080	0.080	0.080	0.082	0.081	0.080	0.079	0.080	0.105	0.853	0.840	0.822	0.599	0.763	0.832	0.602	0.855	0.629	0.080	0.080	0.106	0.818	0.821	0.820	0.590	0.737	0.823	0.583	0.816	0.619	0.080	0.082	0.106	0.805	0.794	0.776	0.552	0.739	0.796	0.557	0.805	0.593	0.081	0.082	0.107	0.807	0.792	0.763	0.560	0.712	0.784	0.560	0.792	0.607	0.079	0.080	0.107	0.822	0.809	0.776	0.553	0.723	0.786	0.564	0.793	0.579	0.080	0.079	0.106	0.824	0.798	0.792	0.573	0.718	0.801	0.588	0.815	0.603	0.081	0.079	0.079	0.080	0.079	0.080	0.080	0.079	0.079	0.080	0.080	0.080	0.079
11:00:00	0.081	0.081	0.080	0.080	0.079	0.080	0.080	0.080	0.082	0.081	0.080	0.079	0.080	0.105	0.858	0.840	0.825	0.599	0.760	0.837	0.601	0.855	0.627	0.080	0.080	0.106	0.824	0.822	0.824	0.590	0.737	0.822	0.584	0.817	0.619	0.080	0.082	0.106	0.807	0.797	0.780	0.553	0.738	0.795	0.557	0.803	0.595	0.081	0.081	0.107	0.811	0.794	0.765	0.559	0.713	0.787	0.560	0.795	0.606	0.079	0.080	0.107	0.826	0.812	0.776	0.553	0.722	0.789	0.563	0.796	0.579	0.080	0.080	0.106	0.828	0.799	0.796	0.573	0.719	0.804	0.587	0.818	0.603	0.081	0.080	0.079	0.080	0.079	0.080	0.080	0.079	0.079	0.080	0.080	0.080	0.079
11:10:00	0.081	0.081	0.080	0.080	0.079	0.080	0.080	0.080	0.082	0.081	0.080	0.079	0.080	0.105	0.863	0.839	0.833	0.600	0.761	0.842	0.601	0.856	0.627	0.080	0.080	0.106	0.827	0.825	0.824	0.590	0.739	0.827	0.583	0.822	0.621	0.081	0.082	0.106	0.813	0.800	0.784	0.553	0.740	0.797	0.559	0.808	0.597	0.081	0.082	0.107	0.816	0.797	0.765	0.559	0.714	0.790	0.561	0.796	0.605	0.080	0.080	0.107	0.832	0.816	0.776	0.553	0.721	0.793	0.563	0.799	0.578	0.080	0.080	0.106	0.833	0.801	0.799	0.574	0.717	0.809	0.587	0.822	0.602	0.081	0.080	0.079	0.080	0.079	0.080	0.080	0.079	0.080	0.080	0.080	0.080	0.079
11:20:00	0.081	0.081	0.080	0.080	0.080	0.080	0.080	0.080	0.082	0.081	0.080	0.079	0.080	0.105	0.867	0.841	0.837	0.603	0.763	0.845	0.602	0.860	0.629	0.080	0.080	0.106	0.830	0.827	0.824	0.590	0.736	0.831	0.582	0.828	0.623	0.080	0.082	0.106	0.816	0.804	0.786	0.552	0.740	0.801	0.559	0.813	0.598	0.081	0.081	0.107	0.821	0.800	0.766	0.559	0.712	0.792	0.561	0.799	0.604	0.079	0.080	0.107	0.835	0.818	0.778	0.551	0.722	0.797	0.562	0.800	0.579	0.080	0.080	0.106	0.838	0.803	0.799	0.574	0.717	0.812	0.587	0.824	0.601	0.081	0.080	0.079	0.080	0.079	0.080	0.080	0.080	0.080	0.080	0.080	0.080	0.079
11:30:00	0.081	0.080	0.080	0.080	0.080	0.080	0.080	0.080	0.081	0.081	0.080	0.079	0.080	0.104	0.871	0.845	0.837	0.603	0.764	0.843	0.602	0.861	0.628	0.080	0.080	0.106	0.833	0.831	0.826	0.590	0.734	0.832	0.582	0.828	0.623	0.080	0.082	0.106	0.818	0.808	0.788	0.552	0.740	0.803	0.559	0.814	0.598	0.081	0.081	0.106	0.823	0.805	0.767	0.559	0.711	0.794	0.561	0.800	0.604	0.080	0.080	0.107	0.840	0.822	0.780	0.550	0.720	0.798	0.561	0.802	0.578	0.080	0.080	0.106	0.842	0.807	0.799	0.573	0.716	0.814	0.586	0.827	0.600	0.081	0.080	0.079	0.080	0.079	0.080	0.080	0.080	0.080	0.080	0.080	0.080	0.079
11:40:00	0.081	0.081	0.080	0.080	0.080	0.080	0.080	0.080	0.082	0.081	0.080	0.079	0.080	0.105	0.879	0.850	0.837	0.603	0.759	0.843	0.601	0.861	0.629	0.081	0.080	0.106	0.838	0.835	0.829	0.590	0.735	0.832	0.581	0.829	0.621	0.081	0.082	0.106	0.824	0.811	0.787	0.552	0.739	0.806	0.558	0.815	0.598	0.081	0.082	0.106	0.825	0.808	0.769	0.558	0.708	0.794	0.560	0.800	0.605	0.080	0.080	0.107	0.841	0.824	0.782	0.550	0.717	0.799	0.560	0.804	0.578	0.080	0.080	0.106	0.847	0.808	0.799	0.572	0.714	0.816	0.585	0.830	0.599	0.081	0.080	0.078	0.080	0.079	0.080	0.080	0.080	0.080	0.080	0.080	0.080	0.079
11:50:00	0.081	0.080	0.079	0.080	0.079	0.079	0.080	0.080	0.082	0.081	0.080	0.079	0.080	0.104	0.882	0.852	0.840	0.602	0.760	0.843	0.600	0.861	0.631	0.080	0.080	0.106	0.839	0.837	0.831	0.590	0.735	0.832	0.580	0.829	0.621	0.080	0.081	0.106	0.827	0.813	0.787	0.551	0.737	0.806	0.557	0.815	0.595	0.081	0.081	0.106	0.827	0.809	0.769	0.558	0.707	0.797	0.559	0.802	0.605	0.079	0.080	0.107	0.844	0.825	0.783	0.549	0.718	0.798	0.559	0.805	0.575	0.080	0.079	0.106	0.850	0.813	0.800	0.571	0.714	0.819	0.584	0.832	0.599	0.081	0.079	0.078	0.080	0.079	0.079	0.080	0.079	0.079	0.080	0.080	0.079	0.079
12:00:00	0.081	0.081	0.080	0.080	0.080	0.080	0.080	0.080	0.082	0.081	0.080	0.079	0.080	0.105	0.884	0.855	0.841	0.602	0.761	0.845	0.600	0.864	0.629	0.080	0.080	0.106	0.840	0.839	0.832	0.590	0.733	0.834	0.581	0.832	0.622	0.081	0.082	0.106	0.830	0.815	0.792	0.550	0.733	0.809	0.555	0.815	0.596	0.081	0.082	0.106	0.831	0.808	0.772	0.557	0.707	0.799	0.559	0.803	0.604	0.079	0.080	0.107	0.847	0.829	0.782	0.548	0.715	0.798	0.558	0.807	0.575	0.079	0.080	0.106	0.853	0.817	0.801	0.571	0.712	0.819	0.584	0.836	0.598	0.081	0.080	0.079	0.081	0.079	0.080	0.080	0.080	0.080	0.080	0.080	0.080	0.079
12:10:00	0.081	0.081	0.080	0.080	0.079	0.080	0.080	0.080	0.081	0.081	0.080	0.079	0.080	0.104	0.890	0.861	0.845	0.603	0.755	0.850	0.602	0.865	0.629	0.080	0.080	0.106	0.842	0.840	0.834	0.590	0.733	0.840	0.580	0.834	0.622	0.081	0.082	0.106	0.832	0.818	0.794	0.550	0.735	0.812	0.554	0.816	0.597	0.080	0.082	0.106	0.835	0.810	0.772	0.558	0.707	0.799	0.559	0.805	0.602	0.079	0.080	0.107	0.851	0.833	0.781	0.548	0.713	0.799	0.558	0.809	0.574	0.079	0.080	0.106	0.853	0.819	0.801	0.570	0.713	0.819	0.584	0.838	0.599	0.081	0.080	0.079	0.080	0.079	0.080	0.080	0.079	0.080	0.080	0.080	0.080	0.079
12:20:00	0.081	0.081	0.080	0.080	0.080	0.080	0.080	0.080	0.081	0.081	0.080	0.079	0.080	0.105	0.893	0.862	0.848	0.603	0.755	0.853	0.599	0.864	0.626	0.080	0.080	0.106	0.845	0.843	0.835	0.589	0.731	0.841	0.578	0.832	0.621	0.081	0.082	0.106	0.831	0.820	0.796	0.549	0.736	0.813	0.553	0.815	0.595	0.080	0.082	0.106	0.836	0.811	0.774	0.557	0.707	0.799	0.558	0.805	0.603	0.079	0.080	0.107	0.852	0.836	0.785	0.546	0.711	0.799	0.557	0.812	0.574	0.079	0.080	0.106	0.857	0.821	0.804	0.570	0.713	0.823	0.583	0.837	0.599	0.081	0.080	0.079	0.080	0.079	0.080	0.080	0.080	0.080	0.080	0.080	0.080	0.079
12:30:00	0.081	0.081	0.080	0.080	0.080	0.079	0.080	0.080	0.081	0.081	0.080	0.079	0.081	0.105	0.894	0.863	0.848	0.604	0.753	0.857	0.600	0.860	0.627	0.081	0.081	0.106	0.848	0.846	0.836	0.588	0.729	0.844	0.578	0.834	0.620	0.081	0.082	0.106	0.832	0.822	0.796	0.549	0.734	0.811	0.552	0.813	0.595	0.080	0.082	0.107	0.837	0.813	0.775	0.556	0.704	0.797	0.556	0.806	0.602	0.079	0.080	0.107	0.853	0.839	0.786	0.544	0.709	0.800	0.556	0.810	0.573	0.079	0.080	0.106	0.859	0.821	0.806	0.569	0.712	0.827	0.583	0.836	0.599	0.081	0.080	0.079	0.081	0.079	0.080	0.080	0.080	0.080	0.080	0.080	0.080	0.080
12:40:00	0.079	0.081	0.080	0.080	0.080	0.079	0.080	0.080	0.081	0.081	0.080	0.079	0.080	0.105	0.895	0.866	0.850	0.603	0.752	0.858	0.599	0.861	0.628	0.080	0.080	0.106	0.850	0.847	0.838	0.586	0.729	0.841	0.578	0.835	0.621	0.081	0.082	0.106	0.834	0.827	0.794	0.548	0.730	0.811	0.550	0.813	0.595	0.080	0.082	0.107	0.841	0.814	0.775	0.555	0.703	0.797	0.555	0.805	0.601	0.079	0.080	0.107	0.855	0.838	0.786	0.544	0.707	0.799	0.555	0.812	0.572	0.079	0.080	0.106	0.858	0.826	0.805	0.567	0.712	0.826	0.581	0.838	0.599	0.081	0.080	0.079	0.080	0.079	0.080	0.080	0.079	0.079	0.080	0.080	0.080	0.079
12:50:00	0.079	0.081	0.080	0.080	0.080	0.079	0.080	0.080	0.081	0.081	0.080	0.079	0.081	0.105	0.900	0.870	0.854	0.603	0.752	0.861	0.600	0.865	0.632	0.081	0.081	0.106	0.853	0.849	0.838	0.585	0.727	0.842	0.578	0.838	0.623	0.081	0.082	0.106	0.836	0.828	0.796	0.548	0.730	0.811	0.550	0.816	0.595	0.080	0.082	0.107	0.843	0.814	0.778	0.555	0.702	0.796	0.555	0.809	0.601	0.079	0.080	0.107	0.860	0.837	0.784	0.543	0.709	0.800	0.554	0.814	0.571	0.079	0.080	0.106	0.862	0.829	0.808	0.567	0.711	0.826	0.580	0.841	0.598	0.081	0.079	0.079	0.081	0.079	0.080	0.080	0.080	0.080	0.080	0.080	0.080	0.080
13:00:00	0.079	0.081	0.080	0.080	0.080	0.079	0.080	0.080	0.081	0.081	0.079	0.079	0.080	0.105	0.904	0.869	0.858	0.602	0.752	0.857	0.599	0.868	0.630	0.080	0.080	0.106	0.855	0.850	0.838	0.583	0.723	0.843	0.576	0.841	0.622	0.081	0.082	0.106	0.838	0.827	0.798	0.547	0.728	0.807	0.548	0.820	0.597	0.080	0.082	0.107	0.844	0.815	0.783	0.553	0.703	0.796	0.554	0.810	0.600	0.079	0.080	0.107	0.860	0.840	0.783	0.541	0.706	0.800	0.553	0.816	0.570	0.079	0.080	0.106	0.864	0.830	0.810	0.566	0.712	0.826	0.578	0.843	0.597	0.081	0.079	0.079	0.081	0.079	0.080	0.080	0.080	0.080	0.080	0.080	0.080	0.079
13:10:00	0.079	0.080	0.080	0.080	0.079	0.079	0.080	0.080	0.081	0.081	0.079	0.079	0.080	0.104	0.909	0.866	0.862	0.602	0.748	0.858	0.598	0.870	0.629	0.080	0.080	0.106	0.855	0.848	0.838	0.582	0.720	0.841	0.575	0.842	0.621	0.081	0.082	0.106	0.840	0.827	0.801	0.546	0.727	0.808	0.547	0.822	0.597	0.080	0.081	0.106	0.845	0.816	0.784	0.552	0.704	0.794	0.552	0.810	0.600	0.079	0.080	0.107	0.861	0.841	0.784	0.540	0.707	0.800	0.551	0.817	0.569	0.079	0.080	0.106	0.866	0.829	0.811	0.565	0.712	0.823	0.576	0.840	0.594	0.081	0.079	0.079	0.080	0.079	0.080	0.080	0.080	0.080	0.080	0.080	0.080	0.079
13:20:00	0.079	0.081	0.080	0.080	0.080	0.080	0.080	0.080	0.081	0.081	0.079	0.079	0.081	0.104	0.911	0.869	0.863	0.602	0.748	0.859	0.600	0.877	0.628	0.080	0.080	0.106	0.855	0.851	0.838	0.581	0.720	0.841	0.573	0.844	0.619	0.081	0.082	0.106	0.844	0.827	0.802	0.545	0.726	0.809	0.546	0.821	0.596	0.080	0.082	0.106	0.847	0.818	0.783	0.551	0.702	0.794	0.551	0.813	0.599	0.080	0.080	0.107	0.864	0.842	0.786	0.539	0.705	0.801	0.551	0.819	0.569	0.079	0.080	0.106	0.866	0.830	0.810	0.565	0.715	0.823	0.576	0.842	0.593	0.081	0.079	0.079	0.081	0.079	0.080	0.080	0.080	0.080	0.080	0.080	0.080	0.079
13:30:00	0.080	0.081	0.080	0.080	0.080	0.080	0.080	0.080	0.081	0.081	0.080	0.079	0.081	0.105	0.909	0.867	0.863	0.600	0.746	0.856	0.596	0.872	0.628	0.081	0.081	0.106	0.857	0.852	0.837	0.580	0.716	0.838	0.572	0.841	0.618	0.081	0.082	0.106	0.845	0.826	0.800	0.544	0.721	0.808	0.544	0.817	0.595	0.080	0.082	0.106	0.847	0.818	0.780	0.550	0.697	0.794	0.549	0.813	0.598	0.079	0.080	0.107	0.865	0.843	0.784	0.538	0.704	0.801	0.548	0.818	0.568	0.079	0.080	0.106	0.865	0.831	0.807	0.562	0.711	0.823	0.573	0.841	0.591	0.081	0.078	0.078	0.080	0.079	0.080	0.080	0.080	0.080	0.080	0.080	0.080	0.079
13:40:00	0.079	0.081	0.080	0.080	0.079	0.079	0.080	0.080	0.081	0.081	0.079	0.079	0.080	0.104	0.908	0.868	0.861	0.599	0.741	0.856	0.594	0.871	0.629	0.080	0.080	0.106	0.860	0.853	0.837	0.580	0.713	0.838	0.570	0.839	0.616	0.081	0.082	0.105	0.845	0.824	0.799	0.543	0.718	0.811	0.544	0.815	0.592	0.080	0.082	0.106	0.850	0.818	0.779	0.548	0.692	0.793	0.546	0.814	0.597	0.079	0.080	0.107	0.865	0.844	0.784	0.536	0.702	0.801	0.546	0.817	0.567	0.079	0.080	0.106	0.866	0.830	0.805	0.561	0.706	0.821	0.571	0.840	0.590	0.080	0.079	0.079	0.080	0.079	0.080	0.080	0.080	0.080	0.080	0.080	0.080	0.079
13:50:00	0.080	0.081	0.080	0.080	0.080	0.079	0.080	0.080	0.081	0.081	0.079	0.079	0.080	0.104	0.912	0.871	0.863	0.599	0.740	0.860	0.593	0.871	0.628	0.080	0.080	0.105	0.863	0.852	0.835	0.579	0.713	0.835	0.570	0.842	0.616	0.079	0.082	0.105	0.848	0.825	0.797	0.541	0.716	0.811	0.543	0.818	0.591	0.080	0.082	0.106	0.852	0.819	0.779	0.546	0.687	0.794	0.545	0.814	0.595	0.079	0.080	0.107	0.866	0.845	0.782	0.534	0.701	0.800	0.544	0.819	0.566	0.079	0.080	0.106	0.871	0.831	0.805	0.559	0.703	0.826	0.570	0.846	0.589	0.080	0.078	0.079	0.080	0.079	0.080	0.080	0.079	0.079	0.080	0.080	0.080	0.079
14:00:00	0.080	0.081	0.080	0.080	0.080	0.079	0.080	0.080	0.081	0.081	0.079	0.079	0.081	0.104	0.916	0.873	0.863	0.596	0.744	0.861	0.592	0.872	0.627	0.081	0.081	0.106	0.864	0.853	0.832	0.578	0.713	0.833	0.568	0.841	0.616	0.079	0.082	0.106	0.853	0.829	0.798	0.540	0.715	0.807	0.541	0.820	0.588	0.080	0.082	0.106	0.856	0.818	0.778	0.545	0.685	0.792	0.543	0.815	0.595	0.079	0.080	0.107	0.870	0.848	0.781	0.534	0.697	0.801	0.543	0.818	0.565	0.079	0.080	0.106	0.877	0.835	0.808	0.558	0.705	0.826	0.569	0.847	0.588	0.080	0.079	0.079	0.081	0.079	0.080	0.080	0.080	0.080	0.080	0.080	0.080	0.079
14:10:00	0.080	0.081	0.080	0.081	0.080	0.079	0.080	0.080	0.081	0.081	0.079	0.079	0.081	0.104	0.914	0.874	0.864	0.596	0.739	0.865	0.592	0.875	0.626	0.081	0.081	0.106	0.869	0.855	0.832	0.576	0.712	0.834	0.567	0.842	0.616	0.079	0.082	0.106	0.857	0.831	0.798	0.540	0.714	0.810	0.540	0.823	0.586	0.080	0.082	0.107	0.859	0.820	0.780	0.545	0.684	0.791	0.541	0.815	0.595	0.080	0.081	0.107	0.871	0.848	0.780	0.533	0.693	0.802	0.541	0.819	0.565	0.079	0.080	0.106	0.879	0.835	0.809	0.557	0.704	0.827	0.567	0.844	0.585	0.080	0.079	0.079	0.081	0.079	0.080	0.080	0.080	0.080	0.080	0.080	0.080	0.079
14:20:00	0.079	0.081	0.080	0.080	0.080	0.079	0.080	0.080	0.081	0.081	0.079	0.079	0.081	0.105	0.914	0.874	0.862	0.595	0.742	0.866	0.591	0.873	0.626	0.079	0.081	0.106	0.865	0.857	0.830	0.574	0.711	0.832	0.566	0.840	0.616	0.079	0.082	0.106	0.857	0.833	0.798	0.538	0.714	0.810	0.538	0.818	0.587	0.080	0.082	0.106	0.861	0.822	0.782	0.543	0.681	0.790	0.539	0.817	0.593	0.080	0.080	0.107	0.873	0.849	0.781	0.531	0.688	0.802	0.539	0.821	0.564	0.079	0.080	0.106	0.877	0.836	0.810	0.555	0.704	0.826	0.565	0.842	0.583	0.080	0.079	0.079	0.081	0.079	0.080	0.080	0.080	0.080	0.080	0.080	0.080	0.079
14:30:00	0.080	0.081	0.080	0.081	0.080	0.080	0.080	0.080	0.081	0.081	0.080	0.079	0.081	0.105	0.918	0.874	0.861	0.595	0.739	0.865	0.591	0.870	0.626	0.079	0.081	0.106	0.864	0.854	0.829	0.573	0.710	0.835	0.566	0.841	0.616	0.079	0.082	0.106	0.857	0.833	0.801	0.538	0.713	0.812	0.536	0.818	0.585	0.080	0.082	0.107	0.862	0.823	0.781	0.543	0.681	0.789	0.537	0.815	0.592	0.080	0.081	0.107	0.875	0.851	0.776	0.530	0.690	0.799	0.537	0.821	0.563	0.079	0.080	0.106	0.877	0.838	0.810	0.553	0.704	0.821	0.563	0.841	0.581	0.080	0.079	0.079	0.081	0.080	0.080	0.080	0.080	0.080	0.080	0.080	0.080	0.080
14:40:00	0.080	0.081	0.080	0.081	0.080	0.079	0.080	0.080	0.081	0.081	0.079	0.079	0.081	0.104	0.921	0.875	0.866	0.594	0.736	0.868	0.590	0.871	0.623	0.079	0.081	0.106	0.864	0.851	0.828	0.571	0.711	0.840	0.565	0.845	0.613	0.079	0.082	0.106	0.857	0.834	0.802	0.536	0.710	0.812	0.535	0.821	0.584	0.080	0.082	0.107	0.863	0.823	0.778	0.541	0.681	0.787	0.535	0.814	0.590	0.079	0.081	0.107	0.877	0.851	0.773	0.529	0.692	0.797	0.535	0.821	0.561	0.079	0.080	0.106	0.879	0.836	0.811	0.550	0.702	0.820	0.561	0.840	0.580	0.080	0.079	0.079	0.081	0.079	0.080	0.080	0.080	0.080	0.080	0.080	0.080	0.079
14:50:00	0.080	0.081	0.080	0.080	0.080	0.079	0.080	0.080	0.081	0.081	0.079	0.079	0.081	0.104	0.923	0.874	0.872	0.591	0.735	0.866	0.587	0.872	0.619	0.079	0.080	0.105	0.866	0.849	0.826	0.570	0.711	0.841	0.563	0.843	0.610	0.079	0.082	0.105	0.860	0.838	0.803	0.535	0.709	0.809	0.532	0.820	0.584	0.080	0.082	0.106	0.865	0.822	0.777	0.540	0.681	0.786	0.533	0.815	0.588	0.079	0.080	0.106	0.879	0.856	0.773	0.527	0.688	0.797	0.534	0.819	0.560	0.079	0.080	0.106	0.882	0.830	0.811	0.549	0.703	0.819	0.559	0.842	0.579	0.080	0.079	0.079	0.081	0.079	0.080	0.080	0.080	0.080	0.080	0.080	0.080	0.079
15:00:00	0.080	0.081	0.080	0.081	0.080	0.079	0.080	0.080	0.081	0.081	0.080	0.079	0.081	0.105	0.925	0.875	0.872	0.591	0.731	0.864	0.585	0.873	0.618	0.080	0.081	0.106	0.865	0.848	0.827	0.568	0.705	0.836	0.562	0.841	0.609	0.080	0.082	0.106	0.862	0.838	0.802	0.534	0.706	0.809	0.531	0.821	0.582	0.081	0.082	0.106	0.865	0.822	0.773	0.539	0.679	0.785	0.532	0.815	0.588	0.080	0.081	0.107	0.879	0.858	0.776	0.525	0.689	0.797	0.532	0.818	0.559	0.079	0.080	0.106	0.880	0.827	0.807	0.547	0.704	0.821	0.556	0.846	0.577	0.080	0.079	0.079	0.081	0.080	0.080	0.080	0.080	0.080	0.080	0.081	0.080	0.080
15:10:00	0.079	0.081	0.080	0.080	0.079	0.079	0.080	0.080	0.081	0.081	0.079	0.079	0.081	0.104	0.927	0.877	0.870	0.590	0.732	0.861	0.584	0.874	0.617	0.079	0.080	0.105	0.863	0.848	0.827	0.566	0.709	0.832	0.559	0.839	0.608	0.079	0.082	0.105	0.863	0.835	0.798	0.533	0.705	0.808	0.528	0.821	0.578	0.080	0.082	0.106	0.864	0.824	0.769	0.537	0.675	0.784	0.529	0.812	0.585	0.079	0.080	0.106	0.879	0.857	0.775	0.523	0.687	0.798	0.530	0.821	0.557	0.079	0.079	0.105	0.881	0.831	0.803	0.544	0.703	0.822	0.554	0.846	0.576	0.080	0.078	0.078	0.080	0.079	0.079	0.080	0.079	0.079	0.080	0.080	0.080	0.079
15:20:00	0.080	0.081	0.080	0.081	0.080	0.079	0.080	0.080	0.081	0.081	0.079	0.079	0.081	0.104	0.929	0.879	0.868	0.590	0.730	0.861	0.584	0.876	0.616	0.079	0.081	0.105	0.864	0.849	0.825	0.564	0.707	0.831	0.557	0.837	0.605	0.079	0.082	0.105	0.865	0.834	0.796	0.532	0.703	0.806	0.526	0.819	0.577	0.080	0.082	0.106	0.865	0.823	0.769	0.535	0.669	0.781	0.527	0.810	0.584	0.080	0.081	0.106	0.880	0.855	0.773	0.522	0.684	0.796	0.528	0.820	0.556	0.079	0.080	0.106	0.879	0.832	0.803	0.543	0.700	0.820	0.552	0.844	0.576	0.080	0.079	0.079	0.081	0.080	0.080	0.080	0.080	0.080	0.080	0.080	0.080	0.080
15:30:00	0.080	0.081	0.080	0.080	0.080	0.079	0.080	0.080	0.081	0.081	0.079	0.079	0.081	0.104	0.931	0.875	0.870	0.588	0.726	0.862	0.583	0.873	0.616	0.079	0.081	0.105	0.868	0.850	0.826	0.562	0.703	0.833	0.555	0.838	0.603	0.079	0.082	0.105	0.867	0.834	0.794	0.530	0.701	0.802	0.525	0.820	0.576	0.080	0.082	0.106	0.867	0.822	0.771	0.534	0.664	0.781	0.526	0.809	0.582	0.079	0.080	0.107	0.882	0.854	0.773	0.521	0.684	0.794	0.526	0.821	0.555	0.079	0.080	0.106	0.880	0.831	0.806	0.541	0.696	0.820	0.550	0.842	0.575	0.080	0.079	0.079	0.081	0.079	0.080	0.080	0.080	0.080	0.080	0.080	0.080	0.079
15:40:00	0.080	0.081	0.080	0.081	0.080	0.079	0.080	0.080	0.081	0.081	0.079	0.079	0.081	0.104	0.930	0.873	0.870	0.586	0.725	0.860	0.580	0.872	0.614	0.079	0.081	0.106	0.869	0.851	0.825	0.559	0.699	0.834	0.553	0.835	0.601	0.079	0.082	0.105	0.866	0.834	0.794	0.529	0.700	0.799	0.523	0.817	0.574	0.080	0.082	0.106	0.868	0.823	0.768	0.532	0.661	0.780	0.524	0.810	0.581	0.080	0.081	0.107	0.884	0.854	0.772	0.518	0.686	0.793	0.523	0.820	0.553	0.079	0.080	0.106	0.883	0.834	0.804	0.540	0.698	0.822	0.548	0.844	0.575	0.080	0.079	0.079	0.081	0.080	0.080	0.080	0.080	0.080	0.080	0.080	0.080	0.080
15:50:00	0.080	0.081	0.080	0.080	0.080	0.079	0.080	0.080	0.081	0.081	0.079	0.079	0.081	0.104	0.930	0.872	0.869	0.584	0.726	0.859	0.578	0.874	0.613	0.079	0.081	0.106	0.871	0.851	0.827	0.557	0.700	0.828	0.551	0.835	0.599	0.079	0.082	0.106	0.864	0.833	0.795	0.529	0.700	0.796	0.521	0.818	0.572	0.080	0.082	0.106	0.869	0.822	0.763	0.531	0.662	0.780	0.522	0.808	0.578	0.080	0.081	0.107	0.888	0.856	0.770	0.516	0.687	0.790	0.521	0.817	0.551	0.079	0.080	0.106	0.884	0.834	0.805	0.539	0.699	0.822	0.546	0.843	0.570	0.080	0.079	0.079	0.081	0.079	0.080	0.080	0.080	0.080	0.080	0.080	0.080	0.079
16:00:00	0.080	0.081	0.080	0.081	0.080	0.079	0.080	0.080	0.081	0.081	0.079	0.079	0.081	0.105	0.932	0.874	0.866	0.584	0.727	0.864	0.579	0.876	0.612	0.079	0.081	0.106	0.872	0.850	0.826	0.556	0.702	0.826	0.549	0.836	0.600	0.079	0.082	0.106	0.865	0.834	0.795	0.528	0.701	0.794	0.519	0.821	0.572	0.080	0.082	0.106	0.870	0.822	0.760	0.530	0.661	0.778	0.521	0.808	0.578	0.080	0.081	0.107	0.888	0.858	0.770	0.515	0.687	0.789	0.520	0.818	0.551	0.079	0.080	0.106	0.882	0.830	0.803	0.538	0.696	0.820	0.547	0.840	0.570	0.080	0.079	0.079	0.081	0.079	0.080	0.080	0.080	0.080	0.080	0.080	0.080	0.079
16:10:00	0.080	0.081	0.080	0.081	0.080	0.079	0.080	0.080	0.081	0.081	0.079	0.079	0.081	0.105	0.932	0.877	0.868	0.582	0.728	0.862	0.577	0.875	0.610	0.079	0.081	0.106	0.872	0.851	0.823	0.555	0.699	0.823	0.547	0.835	0.598	0.079	0.083	0.106	0.864	0.834	0.793	0.527	0.700	0.791	0.517	0.817	0.573	0.080	0.082	0.107	0.870	0.822	0.755	0.528	0.660	0.777	0.518	0.808	0.577	0.080	0.081	0.107	0.890	0.858	0.769	0.512	0.686	0.788	0.518	0.817	0.551	0.079	0.080	0.106	0.882	0.827	0.797	0.536	0.696	0.819	0.546	0.839	0.571	0.080	0.079	0.079	0.081	0.079	0.080	0.080	0.080	0.080	0.080	0.080	0.080	0.079
16:20:00	0.080	0.081	0.080	0.080	0.080	0.079	0.080	0.080	0.081	0.081	0.079	0.079	0.080	0.104	0.930	0.880	0.864	0.580	0.723	0.862	0.576	0.879	0.610	0.079	0.081	0.105	0.871	0.850	0.824	0.552	0.700	0.828	0.545	0.835	0.598	0.079	0.082	0.105	0.864	0.833	0.793	0.524	0.699	0.790	0.516	0.817	0.571	0.080	0.082	0.106	0.869	0.821	0.755	0.528	0.663	0.774	0.517	0.808	0.575	0.080	0.081	0.106	0.892	0.855	0.769	0.511	0.684	0.789	0.517	0.818	0.549	0.079	0.080	0.105	0.882	0.824	0.795	0.534	0.697	0.816	0.544	0.840	0.568	0.080	0.079	0.079	0.081	0.079	0.080	0.080	0.080	0.080	0.080	0.080	0.080	0.079
16:30:01	0.080	0.081	0.080	0.081	0.080	0.079	0.080	0.080	0.081	0.081	0.080	0.079	0.080	0.104	0.933	0.873	0.866	0.578	0.722	0.860	0.574	0.877	0.605	0.080	0.081	0.105	0.871	0.852	0.819	0.550	0.696	0.821	0.544	0.833	0.596	0.079	0.082	0.105	0.864	0.831	0.791	0.522	0.698	0.788	0.514	0.813	0.570	0.081	0.082	0.106	0.868	0.818	0.752	0.526	0.659	0.771	0.515	0.805	0.573	0.080	0.081	0.106	0.889	0.852	0.762	0.509	0.681	0.788	0.516	0.813	0.549	0.079	0.080	0.106	0.883	0.823	0.796	0.532	0.693	0.811	0.542	0.838	0.565	0.080	0.079	0.079	0.081	0.079	0.080	0.080	0.080	0.080	0.080	0.080	0.080	0.079
16:40:01	0.080	0.081	0.080	0.081	0.080	0.079	0.080	0.080	0.081	0.082	0.080	0.079	0.079	0.104	0.933	0.867	0.865	0.575	0.718	0.857	0.573	0.870	0.605	0.080	0.081	0.105	0.870	0.850	0.815	0.549	0.693	0.815	0.542	0.831	0.594	0.080	0.082	0.105	0.867	0.830	0.789	0.521	0.696	0.787	0.512	0.813	0.568	0.080	0.082	0.106	0.867	0.816	0.749	0.525	0.658	0.765	0.513	0.803	0.572	0.080	0.081	0.106	0.885	0.848	0.755	0.508	0.680	0.787	0.515	0.809	0.547	0.079	0.080	0.106	0.883	0.820	0.797	0.530	0.691	0.809	0.539	0.841	0.564	0.080	0.079	0.078	0.081	0.079	0.080	0.080	0.080	0.080	0.080	0.080	0.080	0.079
16:50:00	0.080	0.081	0.080	0.080	0.080	0.079	0.080	0.080	0.081	0.081	0.079	0.079	0.079	0.104	0.934	0.869	0.863	0.572	0.711	0.857	0.570	0.870	0.605	0.079	0.080	0.105	0.870	0.847	0.814	0.547	0.692	0.816	0.540	0.832	0.593	0.079	0.082	0.105	0.865	0.829	0.787	0.519	0.696	0.788	0.510	0.812	0.569	0.080	0.082	0.106	0.867	0.816	0.747	0.523	0.656	0.762	0.512	0.804	0.572	0.079	0.081	0.106	0.881	0.845	0.751	0.505	0.683	0.786	0.513	0.808	0.546	0.079	0.080	0.105	0.880	0.816	0.797	0.529	0.693	0.806	0.539	0.841	0.563	0.080	0.079	0.079	0.081	0.079	0.080	0.080	0.080	0.080	0.080	0.080	0.080	0.079
17:00:00	0.080	0.081	0.080	0.081	0.080	0.079	0.080	0.080	0.081	0.081	0.079	0.079	0.079	0.104	0.935	0.873	0.864	0.570	0.715	0.856	0.569	0.870	0.603	0.080	0.081	0.105	0.871	0.847	0.812	0.546	0.691	0.820	0.539	0.831	0.592	0.079	0.082	0.105	0.863	0.830	0.786	0.518	0.694	0.790	0.508	0.811	0.569	0.080	0.082	0.106	0.866	0.817	0.747	0.521	0.657	0.760	0.510	0.804	0.572	0.080	0.081	0.106	0.880	0.845	0.752	0.504	0.680	0.783	0.512	0.808	0.545	0.079	0.080	0.105	0.884	0.815	0.796	0.529	0.690	0.803	0.536	0.839	0.562	0.080	0.079	0.079	0.081	0.079	0.080	0.080	0.080	0.080	0.080	0.080	0.080	0.079
17:10:01	0.080	0.081	0.080	0.081	0.080	0.079	0.080	0.080	0.081	0.082	0.080	0.079	0.079	0.104	0.937	0.879	0.862	0.570	0.715	0.855	0.569	0.871	0.604	0.080	0.081	0.105	0.869	0.845	0.809	0.545	0.696	0.819	0.539	0.832	0.592	0.079	0.082	0.105	0.862	0.832	0.784	0.517	0.693	0.787	0.506	0.812	0.570	0.080	0.082	0.106	0.867	0.816	0.747	0.520	0.655	0.761	0.508	0.802	0.569	0.079	0.081	0.106	0.882	0.846	0.748	0.502	0.680	0.780	0.512	0.810	0.544	0.079	0.080	0.106	0.884	0.818	0.798	0.529	0.697	0.802	0.535	0.841	0.563	0.080	0.079	0.079	0.081	0.080	0.080	0.080	0.080	0.080	0.080	0.080	0.080	0.079
17:20:01	0.080	0.081	0.080	0.081	0.080	0.079	0.080	0.080	0.081	0.081	0.080	0.079	0.080	0.104	0.934	0.876	0.861	0.569	0.719	0.854	0.566	0.865	0.602	0.080	0.081	0.106	0.869	0.841	0.807	0.542	0.693	0.808	0.538	0.829	0.590	0.079	0.083	0.106	0.863	0.830	0.781	0.516	0.692	0.783	0.505	0.805	0.567	0.080	0.082	0.106	0.867	0.814	0.748	0.518	0.655	0.759	0.507	0.798	0.570	0.079	0.081	0.107	0.881	0.846	0.745	0.500	0.677	0.777	0.511	0.805	0.542	0.079	0.080	0.106	0.884	0.818	0.793	0.529	0.697	0.801	0.535	0.838	0.561	0.080	0.080	0.079	0.080	0.080	0.080	0.080	0.080	0.080	0.080	0.080	0.080	0.079
17:30:01	0.080	0.081	0.080	0.080	0.080	0.079	0.080	0.080	0.082	0.082	0.080	0.080	0.079	0.104	0.932	0.876	0.864	0.567	0.719	0.852	0.564	0.865	0.600	0.080	0.081	0.105	0.872	0.842	0.806	0.541	0.691	0.806	0.537	0.829	0.589	0.079	0.083	0.106	0.860	0.827	0.783	0.516	0.689	0.781	0.504	0.804	0.566	0.080	0.082	0.106	0.868	0.810	0.745	0.517	0.655	0.757	0.505	0.796	0.567	0.079	0.081	0.107	0.884	0.846	0.744	0.498	0.676	0.775	0.511	0.802	0.542	0.079	0.080	0.106	0.887	0.821	0.789	0.526	0.689	0.803	0.533	0.832	0.559	0.080	0.079	0.079	0.079	0.079	0.080	0.080	0.080	0.080	0.080	0.080	0.080	0.079
17:40:01	0.080	0.081	0.081	0.080	0.080	0.079	0.081	0.080	0.082	0.082	0.080	0.080	0.080	0.105	0.936	0.878	0.862	0.564	0.715	0.849	0.564	0.866	0.602	0.080	0.081	0.106	0.868	0.839	0.804	0.540	0.689	0.802	0.536	0.831	0.589	0.079	0.083	0.106	0.859	0.825	0.784	0.515	0.687	0.780	0.502	0.802	0.565	0.080	0.082	0.107	0.867	0.808	0.741	0.517	0.658	0.756	0.504	0.795	0.567	0.079	0.081	0.107	0.885	0.846	0.746	0.497	0.682	0.772	0.510	0.800	0.540	0.079	0.080	0.106	0.889	0.818	0.793	0.525	0.685	0.804	0.532	0.831	0.557	0.080	0.079	0.079	0.080	0.080	0.081	0.081	0.080	0.080	0.081	0.081	0.080	0.079
17:50:01	0.080	0.081	0.080	0.080	0.080	0.079	0.080	0.080	0.081	0.081	0.080	0.079	0.079	0.104	0.935	0.877	0.863	0.563	0.712	0.847	0.560	0.861	0.599	0.080	0.081	0.106	0.867	0.834	0.803	0.539	0.687	0.798	0.535	0.831	0.587	0.079	0.083	0.106	0.861	0.825	0.783	0.515	0.685	0.778	0.501	0.800	0.563	0.080	0.082	0.106	0.865	0.807	0.739	0.516	0.657	0.752	0.502	0.793	0.566	0.079	0.081	0.107	0.884	0.841	0.747	0.496	0.671	0.771	0.509	0.799	0.540	0.079	0.080	0.106	0.890	0.816	0.795	0.523	0.689	0.800	0.532	0.832	0.557	0.080	0.079	0.079	0.079	0.080	0.080	0.080	0.080	0.080	0.080	0.080	0.080	0.079
18:00:01	0.080	0.081	0.080	0.079	0.080	0.079	0.080	0.080	0.081	0.080	0.080	0.079	0.079	0.104	0.936	0.876	0.862	0.561	0.711	0.847	0.559	0.865	0.599	0.080	0.080	0.105	0.868	0.831	0.800	0.537	0.688	0.801	0.534	0.831	0.588	0.079	0.082	0.105	0.861	0.820	0.784	0.513	0.687	0.777	0.498	0.800	0.562	0.081	0.082	0.106	0.863	0.806	0.737	0.514	0.657	0.751	0.500	0.792	0.564	0.079	0.081	0.106	0.879	0.837	0.747	0.494	0.664	0.772	0.508	0.800	0.540	0.079	0.080	0.105	0.885	0.819	0.792	0.520	0.689	0.799	0.529	0.831	0.557	0.080	0.079	0.079	0.080	0.080	0.080	0.080	0.080	0.080	0.080	0.080	0.080	0.079
18:10:01	0.080	0.081	0.080	0.080	0.080	0.079	0.080	0.080	0.081	0.080	0.080	0.079	0.080	0.104	0.932	0.875	0.860	0.559	0.713	0.847	0.558	0.864	0.597	0.080	0.081	0.105	0.867	0.831	0.792	0.535	0.685	0.803	0.533	0.830	0.585	0.079	0.083	0.105	0.859	0.819	0.779	0.512	0.686	0.773	0.497	0.797	0.561	0.081	0.082	0.106	0.861	0.803	0.733	0.513	0.657	0.748	0.499	0.790	0.563	0.080	0.081	0.106	0.877	0.835	0.744	0.492	0.668	0.775	0.507	0.796	0.538	0.080	0.080	0.106	0.881	0.816	0.789	0.518	0.687	0.794	0.528	0.832	0.554	0.080	0.079	0.079	0.080	0.080	0.080	0.081	0.080	0.080	0.081	0.081	0.081	0.079
18:20:01	0.080	0.081	0.080	0.079	0.080	0.079	0.080	0.080	0.082	0.080	0.080	0.079	0.079	0.104	0.930	0.874	0.859	0.557	0.713	0.848	0.557	0.859	0.596	0.079	0.081	0.105	0.866	0.827	0.790	0.532	0.683	0.798	0.531	0.828	0.583	0.079	0.082	0.105	0.858	0.819	0.774	0.510	0.685	0.770	0.495	0.797	0.558	0.080	0.082	0.106	0.858	0.802	0.732	0.512	0.655	0.747	0.497	0.789	0.561	0.079	0.081	0.106	0.875	0.834	0.739	0.491	0.667	0.772	0.504	0.795	0.537	0.079	0.080	0.105	0.879	0.809	0.788	0.518	0.689	0.794	0.526	0.831	0.555	0.080	0.079	0.078	0.079	0.079	0.080	0.080	0.080	0.080	0.080	0.080	0.080	0.079
18:30:01	0.080	0.081	0.080	0.080	0.080	0.079	0.080	0.080	0.081	0.080	0.080	0.079	0.079	0.104	0.934	0.872	0.858	0.556	0.708	0.852	0.556	0.861	0.595	0.079	0.081	0.105	0.866	0.824	0.795	0.530	0.689	0.801	0.529	0.831	0.581	0.079	0.082	0.105	0.859	0.819	0.774	0.509	0.683	0.770	0.493	0.800	0.558	0.080	0.082	0.106	0.856	0.800	0.733	0.511	0.659	0.746	0.494	0.789	0.559	0.079	0.081	0.106	0.876	0.832	0.737	0.489	0.667	0.772	0.503	0.795	0.536	0.079	0.080	0.105	0.882	0.808	0.784	0.517	0.691	0.796	0.525	0.827	0.553	0.080	0.079	0.079	0.080	0.079	0.080	0.080	0.080	0.080	0.080	0.080	0.080	0.079
18:40:01	0.080	0.081	0.080	0.080	0.080	0.079	0.079	0.080	0.081	0.080	0.079	0.079	0.079	0.104	0.936	0.868	0.859	0.555	0.707	0.848	0.555	0.857	0.594	0.079	0.081	0.105	0.862	0.825	0.795	0.529	0.687	0.799	0.527	0.830	0.579	0.079	0.082	0.105	0.861	0.816	0.773	0.508	0.683	0.765	0.491	0.794	0.556	0.080	0.082	0.106	0.854	0.800	0.730	0.510	0.658	0.740	0.492	0.788	0.556	0.079	0.081	0.106	0.874	0.830	0.734	0.488	0.667	0.773	0.502	0.795	0.536	0.079	0.080	0.105	0.885	0.807	0.777	0.514	0.687	0.795	0.523	0.826	0.550	0.080	0.079	0.079	0.079	0.079	0.080	0.080	0.080	0.080	0.080	0.080	0.080	0.079
18:50:01	0.080	0.081	0.080	0.080	0.080	0.079	0.079	0.080	0.081	0.080	0.079	0.079	0.080	0.104	0.940	0.869	0.865	0.555	0.708	0.844	0.556	0.853	0.593	0.079	0.081	0.105	0.864	0.825	0.793	0.527	0.687	0.801	0.527	0.831	0.579	0.079	0.082	0.105	0.857	0.815	0.774	0.507	0.683	0.767	0.490	0.792	0.554	0.081	0.082	0.106	0.853	0.802	0.731	0.509	0.660	0.737	0.490	0.788	0.556	0.079	0.081	0.106	0.877	0.828	0.736	0.488	0.669	0.771	0.502	0.792	0.536	0.079	0.080	0.105	0.887	0.804	0.776	0.514	0.684	0.794	0.523	0.830	0.549	0.080	0.079	0.079	0.080	0.079	0.080	0.080	0.080	0.080	0.080	0.080	0.080	0.079
19:00:01	0.080	0.081	0.080	0.080	0.080	0.079	0.079	0.080	0.082	0.080	0.079	0.079	0.079	0.104	0.936	0.870	0.865	0.555	0.710	0.847	0.554	0.854	0.594	0.079	0.081	0.105	0.865	0.826	0.794	0.525	0.683	0.800	0.525	0.831	0.577	0.079	0.083	0.105	0.854	0.816	0.773	0.507	0.681	0.764	0.488	0.794	0.553	0.081	0.082	0.106	0.853	0.803	0.732	0.509	0.658	0.732	0.490	0.786	0.556	0.079	0.081	0.106	0.876	0.826	0.733	0.486	0.661	0.767	0.501	0.794	0.536	0.079	0.080	0.106	0.888	0.807	0.779	0.514	0.686	0.792	0.523	0.830	0.547	0.080	0.079	0.079	0.080	0.079	0.080	0.080	0.080	0.080	0.080	0.081	0.080	0.080
19:10:01	0.080	0.081	0.080	0.080	0.080	0.079	0.079	0.080	0.082	0.080	0.079	0.079	0.080	0.104	0.938	0.868	0.855	0.553	0.708	0.849	0.552	0.855	0.592	0.079	0.081	0.106	0.864	0.823	0.793	0.524	0.682	0.793	0.525	0.831	0.574	0.079	0.083	0.106	0.857	0.816	0.775	0.506	0.683	0.762	0.487	0.791	0.551	0.081	0.082	0.106	0.853	0.798	0.731	0.507	0.654	0.730	0.487	0.787	0.555	0.079	0.081	0.106	0.876	0.826	0.732	0.485	0.661	0.765	0.500	0.791	0.534	0.079	0.080	0.106	0.885	0.804	0.782	0.512	0.683	0.789	0.519	0.831	0.545	0.080	0.079	0.079	0.080	0.079	0.079	0.080	0.080	0.080	0.080	0.080	0.080	0.079
19:20:01	0.080	0.082	0.081	0.080	0.080	0.079	0.079	0.080	0.082	0.080	0.079	0.079	0.080	0.104	0.935	0.863	0.854	0.552	0.708	0.846	0.552	0.855	0.593	0.079	0.081	0.106	0.861	0.820	0.790	0.524	0.684	0.795	0.523	0.833	0.575	0.079	0.082	0.106	0.856	0.814	0.771	0.504	0.683	0.763	0.485	0.790	0.549	0.081	0.083	0.106	0.853	0.795	0.727	0.506	0.655	0.729	0.485	0.785	0.555	0.079	0.081	0.107	0.874	0.823	0.732	0.484	0.663	0.765	0.499	0.789	0.534	0.080	0.080	0.106	0.881	0.804	0.779	0.513	0.682	0.789	0.519	0.829	0.544	0.080	0.079	0.079	0.080	0.079	0.080	0.081	0.080	0.080	0.081	0.081	0.080	0.080
19:30:01	0.080	0.081	0.080	0.080	0.080	0.079	0.079	0.080	0.082	0.080	0.079	0.079	0.080	0.104	0.935	0.865	0.858	0.551	0.713	0.845	0.552	0.851	0.593	0.079	0.081	0.105	0.859	0.818	0.789	0.522	0.685	0.788	0.520	0.832	0.572	0.079	0.083	0.105	0.854	0.815	0.767	0.502	0.682	0.763	0.484	0.788	0.548	0.081	0.082	0.106	0.855	0.792	0.726	0.505	0.658	0.729	0.483	0.783	0.554	0.079	0.081	0.106	0.872	0.821	0.732	0.482	0.665	0.762	0.499	0.791	0.533	0.079	0.080	0.106	0.883	0.802	0.777	0.512	0.680	0.788	0.517	0.825	0.544	0.080	0.079	0.079	0.080	0.080	0.080	0.081	0.080	0.080	0.081	0.081	0.080	0.079
19:40:01	0.080	0.081	0.080	0.080	0.080	0.079	0.079	0.080	0.081	0.080	0.079	0.079	0.080	0.104	0.934	0.868	0.857	0.551	0.709	0.847	0.551	0.852	0.591	0.079	0.081	0.105	0.857	0.817	0.783	0.521	0.686	0.786	0.519	0.834	0.569	0.080	0.082	0.105	0.856	0.812	0.765	0.500	0.679	0.761	0.482	0.787	0.546	0.081	0.082	0.106	0.851	0.793	0.725	0.504	0.656	0.722	0.480	0.782	0.552	0.079	0.081	0.106	0.871	0.819	0.732	0.480	0.663	0.761	0.497	0.788	0.532	0.079	0.080	0.105	0.882	0.802	0.773	0.510	0.679	0.787	0.514	0.823	0.542	0.080	0.079	0.079	0.080	0.079	0.080	0.080	0.080	0.080	0.080	0.080	0.080	0.079
19:50:01	0.080	0.081	0.080	0.080	0.080	0.079	0.079	0.080	0.081	0.080	0.080	0.079	0.080	0.104	0.934	0.866	0.858	0.550	0.707	0.843	0.548	0.852	0.590	0.080	0.081	0.105	0.857	0.819	0.786	0.519	0.684	0.783	0.518	0.830	0.567	0.080	0.083	0.105	0.860	0.811	0.765	0.499	0.680	0.756	0.481	0.785	0.546	0.081	0.082	0.106	0.849	0.791	0.723	0.502	0.657	0.721	0.478	0.780	0.550	0.080	0.081	0.106	0.875	0.816	0.731	0.477	0.663	0.759	0.496	0.787	0.530	0.079	0.080	0.105	0.884	0.802	0.774	0.508	0.678	0.786	0.514	0.823	0.540	0.080	0.079	0.079	0.080	0.079	0.080	0.081	0.080	0.080	0.081	0.081	0.079	0.079
20:00:01	0.080	0.081	0.080	0.080	0.080	0.079	0.079	0.080	0.082	0.080	0.079	0.079	0.079	0.104	0.931	0.867	0.854	0.549	0.709	0.838	0.547	0.848	0.588	0.079	0.081	0.105	0.856	0.817	0.786	0.517	0.682	0.785	0.517	0.825	0.565	0.079	0.082	0.105	0.855	0.809	0.762	0.499	0.678	0.756	0.480	0.782	0.544	0.080	0.082	0.106	0.847	0.788	0.720	0.501	0.657	0.719	0.477	0.778	0.547	0.079	0.081	0.106	0.875	0.814	0.729	0.473	0.662	0.759	0.493	0.785	0.528	0.079	0.080	0.105	0.881	0.799	0.771	0.508	0.675	0.784	0.514	0.821	0.539	0.080	0.079	0.078	0.079	0.079	0.079	0.078	0.080	0.080	0.080	0.080	0.078	0.079
20:10:01	0.080	0.081	0.079	0.080	0.080	0.079	0.079	0.080	0.082	0.080	0.079	0.079	0.079	0.104	0.930	0.866	0.854	0.549	0.708	0.836	0.547	0.846	0.590	0.079	0.081	0.105	0.852	0.817	0.780	0.515	0.681	0.787	0.517	0.828	0.565	0.079	0.082	0.105	0.853	0.811	0.764	0.498	0.679	0.758	0.478	0.782	0.544	0.081	0.082	0.106	0.848	0.788	0.719	0.501	0.658	0.719	0.476	0.778	0.547	0.079	0.081	0.106	0.871	0.811	0.729	0.474	0.663	0.762	0.492	0.790	0.528	0.079	0.080	0.105	0.883	0.799	0.772	0.504	0.673	0.784	0.512	0.824	0.539	0.080	0.079	0.079	0.080	0.079	0.080	0.079	0.080	0.080	0.079	0.080	0.079	0.079
20:20:01	0.080	0.081	0.079	0.080	0.080	0.079	0.079	0.080	0.082	0.080	0.079	0.079	0.079	0.104	0.936	0.863	0.855	0.547	0.708	0.834	0.545	0.843	0.585	0.079	0.081	0.105	0.852	0.815	0.778	0.512	0.681	0.783	0.516	0.826	0.563	0.079	0.080	0.105	0.851	0.812	0.764	0.497	0.679	0.754	0.475	0.780	0.541	0.080	0.082	0.105	0.847	0.788	0.720	0.500	0.657	0.716	0.475	0.778	0.544	0.079	0.081	0.106	0.866	0.808	0.724	0.474	0.664	0.761	0.491	0.786	0.527	0.079	0.080	0.105	0.884	0.798	0.772	0.504	0.669	0.785	0.509	0.822	0.537	0.080	0.079	0.079	0.080	0.079	0.079	0.079	0.080	0.080	0.079	0.080	0.078	0.079
20:30:01	0.080	0.081	0.079	0.080	0.080	0.079	0.079	0.080	0.082	0.080	0.079	0.079	0.079	0.104	0.935	0.864	0.858	0.545	0.709	0.835	0.544	0.848	0.585	0.079	0.081	0.105	0.852	0.813	0.779	0.512	0.682	0.783	0.514	0.828	0.563	0.080	0.081	0.105	0.848	0.811	0.764	0.496	0.678	0.749	0.475	0.781	0.541	0.081	0.082	0.106	0.843	0.784	0.718	0.498	0.658	0.714	0.475	0.779	0.544	0.079	0.081	0.106	0.861	0.809	0.719	0.472	0.662	0.761	0.490	0.781	0.526	0.079	0.080	0.105	0.878	0.799	0.770	0.504	0.670	0.782	0.509	0.817	0.536	0.080	0.079	0.079	0.080	0.079	0.080	0.079	0.080	0.080	0.079	0.081	0.079	0.079
20:40:01	0.080	0.081	0.079	0.080	0.080	0.079	0.079	0.081	0.082	0.080	0.080	0.080	0.080	0.104	0.938	0.860	0.861	0.544	0.709	0.837	0.544	0.845	0.584	0.080	0.079	0.105	0.853	0.811	0.779	0.513	0.685	0.785	0.513	0.832	0.561	0.079	0.081	0.105	0.849	0.810	0.764	0.495	0.677	0.749	0.475	0.781	0.541	0.081	0.082	0.106	0.841	0.780	0.716	0.497	0.658	0.713	0.475	0.781	0.544	0.080	0.081	0.106	0.859	0.809	0.719	0.473	0.662	0.753	0.487	0.780	0.523	0.079	0.080	0.105	0.878	0.797	0.773	0.503	0.675	0.781	0.508	0.818	0.536	0.080	0.079	0.079	0.080	0.079	0.080	0.079	0.080	0.080	0.079	0.081	0.079	0.079

