Field Group

Plate Comment:	
Procedure Summary
  Plate Type:              Corning 96 well for LogPhase600
  Plate Number:            2
  Discontinuous Kinetics:  Runtime 01:00:00 (D:HH:MM), Interval 00:10:00 (HH:MM:SS), 145 Reads (max)
  Read:                    600 nm
  Incubator:               On
    Temperature setpoint:  37 °C
    Temperature gradient:  On
  Shaking:                 Off		
			
			

600

Time	A1	A2	A3	A4	A5	A6	A7	A8	A9	A10	A11	A12	B1	B2	B3	B4	B5	B6	B7	B8	B9	B10	B11	B12	C1	C2	C3	C4	C5	C6	C7	C8	C9	C10	C11	C12	D1	D2	D3	D4	D5	D6	D7	D8	D9	D10	D11	D12	E1	E2	E3	E4	E5	E6	E7	E8	E9	E10	E11	E12	F1	F2	F3	F4	F5	F6	F7	F8	F9	F10	F11	F12	G1	G2	G3	G4	G5	G6	G7	G8	G9	G10	G11	G12	H1	H2	H3	H4	H5	H6	H7	H8	H9	H10	H11	H12
0:00:00	0.080	0.079	0.080	0.079	0.082	0.080	0.079	0.079	0.078	0.079	0.078	0.078	0.080	0.105	0.122	0.203	0.127	0.113	0.116	0.163	0.106	0.228	0.470	0.079	0.081	0.102	0.121	0.125	0.244	0.107	0.733	0.282	0.107	0.270	0.255	0.080	0.082	0.103	0.122	0.126	0.291	0.105	0.204	0.186	0.105	0.280	0.266	0.079	0.080	0.102	0.122	0.143	0.149	0.107	0.240	0.178	0.107	0.116	0.261	0.079	0.081	0.103	0.136	0.122	0.140	0.110	0.343	1.044	0.107	0.109	0.389	0.079	0.079	0.103	0.134	0.124	0.159	0.106	0.310	0.154	0.105	0.103	0.138	0.079	0.079	0.079	0.079	0.078	0.079	0.079	0.079	0.080	0.079	0.079	0.079	0.079
0:10:00	0.080	0.079	0.080	0.079	0.081	0.079	0.079	0.079	0.078	0.079	0.078	0.078	0.080	0.105	0.123	0.234	0.125	0.113	0.136	0.166	0.105	0.229	0.437	0.079	0.081	0.102	0.123	0.123	0.247	0.106	0.650	0.306	0.107	0.295	0.267	0.080	0.082	0.103	0.122	0.122	0.265	0.105	0.220	0.195	0.104	0.254	0.267	0.079	0.080	0.102	0.124	0.142	0.148	0.108	0.225	0.184	0.107	0.124	0.247	0.079	0.080	0.103	0.137	0.121	0.134	0.110	0.339	0.961	0.107	0.110	0.338	0.079	0.079	0.103	0.132	0.126	0.163	0.106	0.305	0.148	0.105	0.103	0.137	0.079	0.079	0.078	0.079	0.078	0.079	0.079	0.079	0.079	0.079	0.079	0.079	0.079
0:20:00	0.080	0.079	0.080	0.079	0.081	0.080	0.079	0.079	0.078	0.079	0.078	0.078	0.080	0.105	0.124	0.219	0.126	0.113	0.143	0.170	0.106	0.214	0.415	0.079	0.081	0.102	0.129	0.126	0.239	0.106	0.620	0.294	0.107	0.287	0.247	0.080	0.082	0.103	0.124	0.128	0.268	0.105	0.227	0.200	0.104	0.252	0.255	0.079	0.080	0.102	0.125	0.143	0.153	0.108	0.249	0.184	0.107	0.135	0.245	0.080	0.081	0.103	0.140	0.124	0.135	0.110	0.344	0.922	0.107	0.113	0.323	0.079	0.079	0.103	0.167	0.133	0.164	0.106	0.286	0.147	0.105	0.105	0.142	0.079	0.079	0.078	0.079	0.078	0.079	0.079	0.079	0.079	0.079	0.079	0.079	0.079
0:30:00	0.080	0.079	0.080	0.079	0.081	0.079	0.079	0.079	0.078	0.079	0.078	0.078	0.080	0.105	0.125	0.225	0.128	0.114	0.149	0.173	0.106	0.212	0.402	0.079	0.081	0.102	0.131	0.127	0.243	0.106	0.595	0.294	0.107	0.292	0.245	0.080	0.082	0.103	0.126	0.133	0.267	0.105	0.220	0.206	0.104	0.239	0.251	0.079	0.080	0.102	0.126	0.142	0.150	0.108	0.253	0.190	0.107	0.137	0.247	0.080	0.080	0.103	0.144	0.125	0.136	0.110	0.335	0.901	0.107	0.113	0.313	0.079	0.079	0.102	0.171	0.134	0.163	0.107	0.281	0.151	0.105	0.105	0.140	0.079	0.079	0.078	0.079	0.078	0.079	0.079	0.079	0.079	0.079	0.079	0.079	0.079
0:40:00	0.080	0.079	0.080	0.079	0.081	0.080	0.079	0.079	0.078	0.079	0.078	0.078	0.080	0.105	0.127	0.227	0.129	0.114	0.153	0.176	0.106	0.211	0.393	0.079	0.081	0.102	0.134	0.128	0.245	0.107	0.579	0.291	0.107	0.297	0.245	0.080	0.082	0.103	0.128	0.136	0.270	0.105	0.224	0.211	0.104	0.230	0.240	0.079	0.080	0.102	0.127	0.144	0.152	0.109	0.260	0.189	0.107	0.139	0.247	0.079	0.080	0.103	0.144	0.128	0.139	0.111	0.331	0.887	0.107	0.114	0.307	0.079	0.079	0.103	0.174	0.136	0.165	0.107	0.280	0.153	0.105	0.106	0.139	0.079	0.079	0.078	0.079	0.078	0.079	0.079	0.079	0.079	0.079	0.079	0.079	0.079
0:50:00	0.080	0.079	0.080	0.079	0.082	0.079	0.079	0.079	0.079	0.079	0.078	0.079	0.080	0.104	0.129	0.249	0.129	0.114	0.157	0.179	0.106	0.217	0.397	0.079	0.081	0.102	0.134	0.127	0.254	0.106	0.563	0.300	0.107	0.318	0.246	0.080	0.082	0.103	0.127	0.136	0.268	0.105	0.225	0.217	0.104	0.217	0.235	0.079	0.080	0.101	0.128	0.144	0.152	0.109	0.244	0.196	0.107	0.137	0.249	0.080	0.080	0.103	0.145	0.129	0.140	0.111	0.320	0.872	0.107	0.112	0.305	0.079	0.079	0.102	0.169	0.135	0.166	0.107	0.276	0.155	0.105	0.105	0.135	0.079	0.079	0.078	0.079	0.078	0.079	0.079	0.079	0.080	0.079	0.079	0.079	0.079
1:00:00	0.080	0.079	0.080	0.079	0.082	0.080	0.079	0.079	0.079	0.079	0.078	0.079	0.080	0.104	0.129	0.229	0.130	0.115	0.160	0.182	0.106	0.206	0.382	0.079	0.081	0.102	0.137	0.129	0.244	0.107	0.556	0.292	0.107	0.302	0.247	0.081	0.082	0.103	0.129	0.141	0.277	0.105	0.234	0.215	0.105	0.220	0.234	0.079	0.080	0.102	0.127	0.146	0.155	0.110	0.268	0.190	0.107	0.143	0.251	0.080	0.081	0.103	0.146	0.133	0.140	0.111	0.328	0.863	0.107	0.115	0.303	0.080	0.079	0.103	0.178	0.140	0.167	0.108	0.278	0.154	0.105	0.106	0.136	0.080	0.079	0.079	0.079	0.078	0.079	0.079	0.079	0.080	0.079	0.079	0.079	0.079
1:10:00	0.080	0.079	0.080	0.079	0.081	0.080	0.079	0.079	0.079	0.079	0.078	0.079	0.080	0.104	0.130	0.234	0.131	0.115	0.162	0.184	0.106	0.204	0.382	0.079	0.081	0.102	0.139	0.130	0.246	0.106	0.547	0.291	0.107	0.307	0.246	0.081	0.082	0.103	0.130	0.144	0.279	0.105	0.235	0.216	0.104	0.215	0.233	0.079	0.080	0.101	0.128	0.148	0.156	0.110	0.270	0.191	0.107	0.143	0.253	0.080	0.081	0.103	0.147	0.136	0.141	0.111	0.328	0.855	0.107	0.115	0.301	0.080	0.079	0.103	0.185	0.142	0.171	0.109	0.277	0.155	0.105	0.107	0.136	0.079	0.079	0.079	0.079	0.078	0.079	0.079	0.079	0.080	0.079	0.079	0.079	0.079
1:20:00	0.080	0.079	0.080	0.079	0.082	0.080	0.079	0.079	0.079	0.079	0.078	0.079	0.080	0.105	0.132	0.258	0.131	0.116	0.161	0.186	0.106	0.212	0.393	0.079	0.081	0.102	0.139	0.129	0.261	0.106	0.534	0.290	0.107	0.331	0.245	0.080	0.082	0.103	0.132	0.146	0.276	0.105	0.235	0.222	0.105	0.202	0.233	0.079	0.079	0.101	0.130	0.149	0.154	0.111	0.252	0.201	0.107	0.141	0.260	0.080	0.080	0.103	0.149	0.137	0.143	0.111	0.315	0.845	0.107	0.114	0.302	0.079	0.079	0.102	0.180	0.139	0.175	0.109	0.273	0.157	0.105	0.106	0.136	0.079	0.079	0.078	0.079	0.078	0.079	0.078	0.078	0.079	0.079	0.078	0.078	0.079
1:30:00	0.080	0.079	0.080	0.079	0.082	0.080	0.079	0.079	0.079	0.079	0.078	0.079	0.080	0.105	0.132	0.252	0.132	0.116	0.161	0.188	0.106	0.206	0.385	0.079	0.081	0.102	0.142	0.131	0.255	0.106	0.530	0.285	0.107	0.325	0.245	0.080	0.082	0.103	0.134	0.148	0.282	0.105	0.236	0.221	0.104	0.204	0.231	0.079	0.080	0.101	0.131	0.151	0.157	0.111	0.263	0.197	0.107	0.144	0.260	0.080	0.080	0.103	0.151	0.141	0.144	0.111	0.324	0.843	0.107	0.116	0.300	0.079	0.079	0.102	0.187	0.145	0.176	0.110	0.274	0.158	0.105	0.107	0.136	0.079	0.079	0.078	0.079	0.078	0.079	0.079	0.079	0.079	0.079	0.079	0.079	0.079
1:40:00	0.080	0.079	0.079	0.079	0.082	0.079	0.079	0.079	0.078	0.079	0.078	0.079	0.080	0.104	0.133	0.276	0.132	0.116	0.164	0.191	0.106	0.215	0.393	0.079	0.080	0.102	0.141	0.130	0.264	0.107	0.528	0.295	0.107	0.342	0.244	0.080	0.081	0.103	0.134	0.149	0.275	0.105	0.231	0.225	0.104	0.193	0.230	0.079	0.080	0.101	0.133	0.152	0.155	0.111	0.245	0.203	0.107	0.141	0.263	0.079	0.080	0.103	0.153	0.142	0.146	0.111	0.317	0.838	0.107	0.115	0.299	0.079	0.079	0.102	0.179	0.143	0.178	0.110	0.273	0.160	0.105	0.107	0.136	0.079	0.079	0.078	0.079	0.078	0.079	0.079	0.078	0.079	0.079	0.079	0.079	0.079
1:50:00	0.080	0.079	0.080	0.079	0.082	0.080	0.079	0.079	0.078	0.079	0.078	0.079	0.080	0.105	0.134	0.255	0.134	0.117	0.166	0.192	0.106	0.209	0.380	0.079	0.081	0.102	0.144	0.130	0.256	0.107	0.527	0.290	0.107	0.330	0.244	0.080	0.082	0.103	0.136	0.151	0.280	0.105	0.238	0.223	0.105	0.198	0.230	0.079	0.080	0.101	0.134	0.154	0.156	0.112	0.263	0.198	0.107	0.145	0.263	0.080	0.080	0.103	0.154	0.146	0.147	0.111	0.326	0.836	0.107	0.117	0.297	0.079	0.079	0.102	0.187	0.147	0.178	0.111	0.276	0.162	0.105	0.107	0.136	0.079	0.079	0.078	0.079	0.078	0.079	0.079	0.079	0.079	0.079	0.079	0.079	0.079
2:00:00	0.080	0.079	0.080	0.079	0.082	0.080	0.079	0.079	0.079	0.079	0.078	0.079	0.080	0.105	0.134	0.253	0.134	0.118	0.167	0.194	0.106	0.208	0.378	0.079	0.081	0.102	0.147	0.132	0.256	0.107	0.525	0.291	0.107	0.329	0.244	0.081	0.082	0.103	0.138	0.153	0.283	0.106	0.242	0.223	0.105	0.196	0.230	0.079	0.080	0.101	0.136	0.155	0.157	0.112	0.265	0.199	0.107	0.146	0.264	0.080	0.081	0.103	0.157	0.149	0.149	0.111	0.324	0.830	0.108	0.118	0.297	0.080	0.079	0.103	0.193	0.150	0.180	0.111	0.276	0.164	0.106	0.108	0.136	0.079	0.079	0.078	0.079	0.078	0.079	0.079	0.079	0.080	0.079	0.079	0.079	0.079
2:10:00	0.080	0.079	0.080	0.079	0.082	0.080	0.079	0.079	0.079	0.079	0.078	0.079	0.080	0.105	0.136	0.254	0.135	0.118	0.168	0.196	0.107	0.209	0.374	0.079	0.081	0.102	0.148	0.134	0.256	0.107	0.523	0.291	0.107	0.328	0.245	0.081	0.082	0.103	0.140	0.154	0.283	0.106	0.244	0.224	0.105	0.193	0.229	0.079	0.080	0.101	0.137	0.156	0.158	0.112	0.268	0.201	0.107	0.146	0.265	0.080	0.080	0.103	0.159	0.151	0.150	0.111	0.323	0.826	0.107	0.119	0.296	0.079	0.079	0.102	0.194	0.151	0.182	0.111	0.276	0.165	0.105	0.108	0.136	0.079	0.079	0.078	0.079	0.078	0.079	0.079	0.079	0.079	0.079	0.079	0.079	0.079
2:20:00	0.080	0.079	0.080	0.079	0.082	0.080	0.079	0.079	0.079	0.079	0.078	0.079	0.080	0.105	0.137	0.258	0.136	0.118	0.169	0.199	0.107	0.209	0.372	0.079	0.081	0.102	0.149	0.136	0.256	0.107	0.522	0.290	0.107	0.326	0.245	0.081	0.082	0.103	0.143	0.155	0.285	0.106	0.245	0.224	0.105	0.190	0.227	0.079	0.080	0.101	0.140	0.157	0.160	0.112	0.273	0.200	0.107	0.145	0.264	0.080	0.081	0.103	0.161	0.154	0.151	0.112	0.327	0.829	0.108	0.119	0.295	0.079	0.079	0.102	0.195	0.154	0.185	0.112	0.277	0.166	0.106	0.109	0.136	0.079	0.079	0.078	0.079	0.078	0.079	0.079	0.079	0.080	0.079	0.079	0.079	0.079
2:30:00	0.080	0.079	0.080	0.079	0.082	0.080	0.079	0.079	0.079	0.079	0.079	0.079	0.080	0.105	0.138	0.258	0.137	0.118	0.170	0.200	0.107	0.208	0.370	0.079	0.081	0.102	0.150	0.137	0.256	0.107	0.517	0.290	0.107	0.324	0.244	0.081	0.082	0.103	0.144	0.156	0.287	0.106	0.241	0.225	0.105	0.188	0.226	0.079	0.080	0.101	0.140	0.158	0.161	0.113	0.277	0.201	0.107	0.146	0.263	0.080	0.080	0.103	0.162	0.157	0.152	0.112	0.329	0.828	0.108	0.120	0.294	0.080	0.079	0.102	0.196	0.156	0.186	0.112	0.278	0.168	0.106	0.109	0.136	0.080	0.079	0.078	0.079	0.078	0.079	0.079	0.079	0.080	0.079	0.079	0.079	0.079
2:40:00	0.080	0.079	0.080	0.079	0.082	0.080	0.079	0.079	0.079	0.079	0.079	0.079	0.080	0.104	0.139	0.276	0.138	0.118	0.172	0.202	0.107	0.214	0.375	0.079	0.081	0.102	0.150	0.139	0.261	0.108	0.516	0.298	0.108	0.338	0.242	0.081	0.082	0.102	0.145	0.157	0.288	0.106	0.243	0.226	0.105	0.182	0.226	0.079	0.080	0.101	0.142	0.160	0.162	0.113	0.262	0.205	0.108	0.144	0.262	0.080	0.081	0.103	0.165	0.159	0.154	0.112	0.323	0.819	0.108	0.120	0.294	0.080	0.079	0.102	0.192	0.155	0.189	0.112	0.277	0.171	0.106	0.109	0.136	0.080	0.079	0.079	0.079	0.078	0.079	0.079	0.079	0.080	0.079	0.079	0.079	0.079
2:50:00	0.080	0.079	0.080	0.079	0.082	0.080	0.079	0.079	0.079	0.079	0.078	0.079	0.080	0.104	0.141	0.255	0.139	0.118	0.173	0.203	0.108	0.205	0.365	0.079	0.081	0.102	0.153	0.141	0.255	0.108	0.516	0.287	0.108	0.323	0.244	0.081	0.082	0.103	0.149	0.162	0.300	0.106	0.251	0.224	0.105	0.189	0.225	0.079	0.080	0.101	0.144	0.162	0.167	0.114	0.284	0.201	0.108	0.147	0.263	0.080	0.081	0.103	0.170	0.163	0.156	0.112	0.329	0.818	0.108	0.122	0.292	0.080	0.079	0.103	0.209	0.164	0.191	0.112	0.278	0.170	0.106	0.110	0.137	0.080	0.079	0.079	0.080	0.078	0.079	0.079	0.079	0.080	0.079	0.079	0.079	0.079
3:00:00	0.080	0.079	0.080	0.079	0.082	0.080	0.079	0.079	0.079	0.079	0.079	0.079	0.080	0.105	0.143	0.281	0.140	0.118	0.172	0.205	0.108	0.212	0.375	0.079	0.081	0.102	0.154	0.143	0.269	0.108	0.511	0.288	0.108	0.341	0.243	0.081	0.082	0.103	0.150	0.163	0.297	0.106	0.248	0.227	0.105	0.179	0.226	0.079	0.080	0.101	0.145	0.163	0.167	0.114	0.267	0.210	0.108	0.145	0.263	0.080	0.080	0.102	0.173	0.165	0.159	0.113	0.320	0.813	0.108	0.121	0.293	0.080	0.079	0.102	0.204	0.161	0.195	0.112	0.276	0.173	0.106	0.110	0.137	0.079	0.079	0.078	0.079	0.078	0.079	0.079	0.079	0.079	0.079	0.079	0.078	0.079
3:10:00	0.080	0.079	0.080	0.079	0.082	0.080	0.079	0.079	0.079	0.079	0.078	0.079	0.080	0.104	0.144	0.270	0.142	0.119	0.173	0.206	0.108	0.206	0.368	0.079	0.081	0.102	0.157	0.146	0.265	0.108	0.511	0.283	0.108	0.332	0.244	0.081	0.082	0.103	0.151	0.165	0.307	0.107	0.252	0.227	0.105	0.185	0.226	0.079	0.080	0.101	0.147	0.165	0.172	0.114	0.281	0.206	0.108	0.148	0.265	0.080	0.081	0.103	0.175	0.168	0.160	0.113	0.327	0.815	0.108	0.123	0.291	0.080	0.079	0.102	0.213	0.165	0.197	0.112	0.279	0.173	0.106	0.110	0.138	0.079	0.079	0.078	0.079	0.078	0.079	0.079	0.079	0.080	0.079	0.079	0.079	0.079
3:20:00	0.080	0.079	0.080	0.079	0.082	0.080	0.079	0.079	0.079	0.079	0.078	0.079	0.080	0.105	0.145	0.272	0.143	0.119	0.175	0.208	0.108	0.208	0.367	0.079	0.081	0.102	0.158	0.146	0.267	0.108	0.515	0.286	0.108	0.334	0.243	0.081	0.082	0.103	0.154	0.169	0.312	0.107	0.257	0.228	0.105	0.183	0.226	0.079	0.080	0.101	0.150	0.166	0.175	0.114	0.279	0.205	0.108	0.148	0.262	0.080	0.080	0.102	0.178	0.169	0.161	0.113	0.327	0.817	0.108	0.123	0.291	0.079	0.079	0.102	0.214	0.168	0.198	0.112	0.280	0.175	0.106	0.111	0.138	0.079	0.079	0.078	0.079	0.078	0.079	0.079	0.079	0.080	0.079	0.079	0.079	0.079
3:30:00	0.080	0.079	0.080	0.079	0.082	0.080	0.079	0.079	0.079	0.079	0.078	0.079	0.080	0.105	0.148	0.272	0.145	0.119	0.178	0.210	0.108	0.211	0.364	0.079	0.081	0.102	0.163	0.148	0.268	0.108	0.516	0.290	0.108	0.336	0.243	0.081	0.082	0.103	0.155	0.171	0.313	0.107	0.257	0.230	0.105	0.182	0.226	0.079	0.080	0.101	0.151	0.168	0.178	0.114	0.280	0.205	0.108	0.148	0.262	0.080	0.081	0.103	0.180	0.171	0.163	0.114	0.330	0.815	0.108	0.124	0.291	0.080	0.079	0.102	0.220	0.172	0.200	0.112	0.283	0.178	0.106	0.112	0.139	0.079	0.079	0.078	0.079	0.078	0.079	0.079	0.079	0.080	0.079	0.079	0.079	0.079
3:40:00	0.081	0.079	0.080	0.080	0.082	0.080	0.079	0.079	0.079	0.079	0.079	0.079	0.080	0.104	0.151	0.272	0.146	0.119	0.180	0.212	0.109	0.210	0.362	0.079	0.081	0.102	0.168	0.150	0.268	0.108	0.515	0.292	0.108	0.333	0.243	0.081	0.082	0.103	0.157	0.175	0.317	0.107	0.261	0.230	0.106	0.182	0.227	0.079	0.080	0.101	0.154	0.170	0.182	0.114	0.283	0.208	0.108	0.149	0.263	0.080	0.081	0.103	0.184	0.173	0.168	0.114	0.329	0.811	0.109	0.125	0.290	0.080	0.079	0.102	0.230	0.177	0.204	0.112	0.285	0.180	0.106	0.113	0.139	0.080	0.079	0.079	0.079	0.078	0.079	0.079	0.079	0.080	0.079	0.079	0.079	0.079
3:50:00	0.080	0.079	0.080	0.079	0.082	0.080	0.079	0.079	0.079	0.079	0.078	0.079	0.080	0.105	0.154	0.272	0.147	0.119	0.179	0.214	0.109	0.210	0.359	0.079	0.081	0.102	0.174	0.152	0.271	0.109	0.513	0.293	0.108	0.331	0.243	0.081	0.082	0.103	0.159	0.178	0.317	0.107	0.265	0.231	0.106	0.180	0.226	0.079	0.080	0.101	0.156	0.171	0.183	0.114	0.286	0.212	0.108	0.149	0.262	0.080	0.080	0.102	0.187	0.176	0.171	0.114	0.329	0.808	0.108	0.125	0.288	0.080	0.079	0.102	0.236	0.181	0.208	0.112	0.287	0.182	0.106	0.113	0.139	0.080	0.079	0.078	0.079	0.078	0.079	0.079	0.079	0.080	0.079	0.079	0.079	0.079
4:00:00	0.080	0.079	0.080	0.079	0.082	0.080	0.079	0.079	0.079	0.079	0.079	0.079	0.080	0.104	0.159	0.295	0.149	0.119	0.182	0.217	0.109	0.218	0.365	0.079	0.081	0.102	0.176	0.155	0.280	0.109	0.514	0.303	0.108	0.343	0.241	0.081	0.082	0.103	0.161	0.182	0.315	0.108	0.262	0.234	0.106	0.171	0.226	0.079	0.080	0.101	0.158	0.174	0.184	0.115	0.276	0.216	0.108	0.146	0.259	0.080	0.081	0.102	0.192	0.179	0.174	0.115	0.326	0.810	0.109	0.123	0.288	0.080	0.079	0.102	0.230	0.182	0.212	0.113	0.291	0.186	0.106	0.113	0.139	0.080	0.079	0.078	0.079	0.078	0.079	0.079	0.079	0.080	0.079	0.079	0.079	0.079
4:10:00	0.080	0.079	0.080	0.080	0.082	0.080	0.079	0.079	0.079	0.079	0.079	0.079	0.080	0.104	0.162	0.276	0.150	0.119	0.183	0.219	0.109	0.210	0.356	0.079	0.081	0.102	0.186	0.158	0.273	0.109	0.516	0.297	0.108	0.327	0.243	0.081	0.082	0.103	0.166	0.186	0.321	0.107	0.272	0.234	0.106	0.179	0.224	0.079	0.080	0.101	0.163	0.177	0.189	0.115	0.298	0.211	0.108	0.149	0.258	0.080	0.080	0.102	0.197	0.182	0.177	0.115	0.333	0.811	0.109	0.125	0.286	0.080	0.079	0.102	0.250	0.189	0.216	0.113	0.296	0.187	0.106	0.114	0.140	0.080	0.079	0.078	0.079	0.078	0.079	0.079	0.079	0.080	0.079	0.079	0.079	0.080
4:20:00	0.081	0.079	0.080	0.080	0.082	0.080	0.079	0.079	0.079	0.080	0.079	0.079	0.080	0.104	0.164	0.277	0.152	0.120	0.185	0.223	0.109	0.209	0.355	0.079	0.081	0.102	0.196	0.162	0.275	0.109	0.517	0.296	0.109	0.325	0.243	0.081	0.082	0.102	0.168	0.188	0.328	0.108	0.274	0.235	0.106	0.181	0.223	0.079	0.080	0.101	0.166	0.181	0.191	0.115	0.305	0.211	0.108	0.151	0.260	0.080	0.081	0.103	0.203	0.183	0.181	0.115	0.336	0.807	0.109	0.126	0.286	0.080	0.079	0.102	0.265	0.192	0.221	0.113	0.301	0.190	0.106	0.114	0.140	0.080	0.079	0.079	0.079	0.079	0.079	0.079	0.079	0.080	0.079	0.079	0.079	0.080
4:30:00	0.080	0.079	0.080	0.080	0.082	0.080	0.079	0.079	0.079	0.079	0.079	0.079	0.080	0.104	0.168	0.297	0.154	0.120	0.189	0.226	0.110	0.214	0.361	0.079	0.081	0.102	0.196	0.166	0.285	0.109	0.516	0.306	0.109	0.336	0.242	0.081	0.082	0.102	0.170	0.191	0.332	0.108	0.271	0.237	0.106	0.173	0.224	0.079	0.080	0.101	0.171	0.185	0.193	0.115	0.293	0.218	0.108	0.148	0.258	0.080	0.081	0.102	0.211	0.185	0.186	0.115	0.329	0.803	0.109	0.125	0.287	0.080	0.079	0.102	0.267	0.193	0.225	0.113	0.304	0.194	0.106	0.114	0.140	0.080	0.079	0.079	0.079	0.078	0.079	0.079	0.079	0.080	0.079	0.079	0.079	0.079
4:40:00	0.081	0.080	0.080	0.080	0.082	0.080	0.080	0.079	0.079	0.080	0.079	0.080	0.080	0.105	0.171	0.278	0.157	0.120	0.192	0.230	0.110	0.206	0.353	0.079	0.081	0.102	0.221	0.172	0.284	0.109	0.514	0.296	0.109	0.325	0.244	0.081	0.082	0.103	0.178	0.196	0.343	0.108	0.275	0.236	0.106	0.181	0.223	0.079	0.080	0.101	0.174	0.190	0.200	0.115	0.316	0.214	0.109	0.152	0.261	0.080	0.081	0.103	0.219	0.190	0.192	0.116	0.333	0.803	0.109	0.128	0.285	0.080	0.079	0.102	0.287	0.206	0.230	0.114	0.310	0.196	0.106	0.115	0.141	0.080	0.079	0.079	0.079	0.078	0.079	0.079	0.079	0.080	0.079	0.079	0.079	0.079
4:50:00	0.081	0.079	0.080	0.080	0.082	0.080	0.080	0.079	0.079	0.080	0.079	0.080	0.080	0.104	0.179	0.296	0.159	0.120	0.194	0.234	0.110	0.209	0.356	0.079	0.081	0.102	0.229	0.178	0.293	0.109	0.515	0.297	0.109	0.331	0.244	0.081	0.082	0.103	0.183	0.198	0.351	0.108	0.279	0.239	0.106	0.180	0.222	0.079	0.080	0.101	0.176	0.195	0.203	0.115	0.314	0.221	0.109	0.152	0.260	0.080	0.081	0.102	0.225	0.196	0.197	0.116	0.334	0.804	0.109	0.127	0.284	0.080	0.079	0.102	0.288	0.215	0.235	0.114	0.318	0.200	0.106	0.115	0.142	0.080	0.079	0.078	0.079	0.078	0.079	0.079	0.079	0.080	0.079	0.079	0.079	0.080
5:00:00	0.080	0.079	0.080	0.080	0.082	0.080	0.079	0.079	0.079	0.079	0.079	0.079	0.080	0.105	0.184	0.303	0.164	0.121	0.198	0.239	0.110	0.211	0.356	0.079	0.081	0.102	0.236	0.188	0.297	0.109	0.519	0.304	0.109	0.332	0.243	0.081	0.082	0.103	0.191	0.200	0.360	0.108	0.284	0.242	0.106	0.179	0.221	0.079	0.080	0.101	0.182	0.203	0.206	0.115	0.314	0.225	0.109	0.152	0.260	0.080	0.081	0.102	0.234	0.200	0.202	0.116	0.336	0.804	0.109	0.127	0.283	0.080	0.079	0.102	0.290	0.220	0.242	0.114	0.341	0.206	0.106	0.115	0.142	0.080	0.079	0.078	0.079	0.078	0.079	0.079	0.079	0.080	0.079	0.079	0.079	0.079
5:10:00	0.080	0.079	0.080	0.079	0.082	0.080	0.079	0.079	0.079	0.079	0.078	0.079	0.080	0.104	0.188	0.334	0.167	0.121	0.202	0.245	0.110	0.219	0.362	0.079	0.081	0.102	0.237	0.194	0.310	0.109	0.524	0.317	0.109	0.347	0.241	0.081	0.082	0.102	0.198	0.206	0.361	0.108	0.282	0.246	0.106	0.170	0.222	0.079	0.080	0.101	0.184	0.209	0.208	0.116	0.299	0.234	0.109	0.149	0.257	0.080	0.080	0.102	0.243	0.203	0.209	0.116	0.334	0.802	0.109	0.126	0.282	0.080	0.079	0.102	0.281	0.223	0.249	0.114	0.362	0.215	0.106	0.115	0.141	0.079	0.079	0.078	0.079	0.078	0.079	0.079	0.079	0.080	0.079	0.079	0.079	0.079
5:20:00	0.080	0.079	0.080	0.080	0.082	0.080	0.079	0.079	0.079	0.079	0.079	0.079	0.080	0.104	0.194	0.317	0.172	0.121	0.204	0.252	0.110	0.215	0.354	0.079	0.081	0.102	0.258	0.204	0.308	0.109	0.530	0.316	0.109	0.334	0.241	0.081	0.082	0.103	0.205	0.211	0.373	0.109	0.290	0.248	0.107	0.177	0.221	0.079	0.080	0.101	0.191	0.216	0.217	0.116	0.319	0.231	0.109	0.154	0.257	0.080	0.081	0.102	0.260	0.212	0.217	0.117	0.345	0.802	0.109	0.129	0.281	0.080	0.079	0.102	0.304	0.242	0.256	0.115	0.375	0.222	0.107	0.116	0.142	0.080	0.079	0.079	0.079	0.078	0.079	0.079	0.079	0.080	0.079	0.079	0.079	0.080
5:30:00	0.081	0.080	0.080	0.080	0.082	0.080	0.080	0.079	0.079	0.080	0.079	0.080	0.080	0.104	0.202	0.321	0.181	0.121	0.208	0.263	0.110	0.215	0.353	0.079	0.081	0.102	0.272	0.213	0.314	0.109	0.532	0.320	0.109	0.332	0.241	0.081	0.082	0.103	0.215	0.218	0.381	0.109	0.295	0.251	0.107	0.178	0.221	0.079	0.080	0.101	0.208	0.221	0.225	0.116	0.323	0.237	0.109	0.154	0.258	0.080	0.081	0.102	0.272	0.216	0.226	0.117	0.350	0.800	0.109	0.129	0.280	0.080	0.079	0.102	0.316	0.259	0.267	0.115	0.387	0.233	0.107	0.117	0.143	0.080	0.079	0.079	0.079	0.078	0.079	0.079	0.079	0.080	0.079	0.079	0.079	0.080
5:40:00	0.081	0.079	0.080	0.080	0.082	0.080	0.080	0.079	0.079	0.080	0.079	0.080	0.080	0.105	0.218	0.325	0.188	0.121	0.212	0.276	0.110	0.216	0.350	0.079	0.081	0.102	0.281	0.219	0.327	0.109	0.537	0.322	0.109	0.330	0.241	0.081	0.082	0.103	0.221	0.227	0.388	0.109	0.298	0.254	0.107	0.176	0.220	0.079	0.080	0.101	0.214	0.229	0.240	0.116	0.328	0.241	0.109	0.154	0.257	0.080	0.081	0.102	0.273	0.226	0.238	0.117	0.356	0.802	0.110	0.130	0.280	0.080	0.079	0.102	0.321	0.274	0.276	0.115	0.407	0.242	0.107	0.117	0.144	0.080	0.079	0.078	0.079	0.078	0.079	0.079	0.079	0.080	0.079	0.079	0.079	0.080
5:50:00	0.081	0.079	0.080	0.080	0.082	0.080	0.080	0.079	0.079	0.080	0.079	0.080	0.080	0.104	0.224	0.346	0.195	0.120	0.217	0.286	0.110	0.218	0.350	0.079	0.081	0.102	0.287	0.227	0.332	0.109	0.544	0.329	0.109	0.327	0.241	0.081	0.082	0.103	0.224	0.236	0.392	0.109	0.302	0.260	0.107	0.177	0.219	0.079	0.080	0.101	0.219	0.238	0.256	0.116	0.338	0.239	0.109	0.155	0.256	0.080	0.081	0.102	0.283	0.245	0.260	0.117	0.364	0.807	0.110	0.131	0.278	0.080	0.079	0.102	0.334	0.278	0.293	0.115	0.431	0.251	0.107	0.118	0.144	0.080	0.079	0.079	0.079	0.078	0.079	0.079	0.079	0.080	0.079	0.079	0.079	0.080
6:00:00	0.081	0.079	0.080	0.080	0.082	0.080	0.080	0.079	0.080	0.080	0.079	0.080	0.080	0.104	0.239	0.382	0.201	0.120	0.220	0.300	0.111	0.225	0.355	0.079	0.081	0.102	0.292	0.249	0.342	0.109	0.551	0.344	0.110	0.338	0.240	0.081	0.082	0.102	0.227	0.243	0.395	0.109	0.302	0.266	0.107	0.169	0.219	0.080	0.080	0.101	0.228	0.243	0.269	0.116	0.333	0.252	0.109	0.153	0.252	0.081	0.081	0.102	0.293	0.249	0.273	0.117	0.375	0.809	0.110	0.130	0.278	0.080	0.079	0.102	0.325	0.279	0.310	0.115	0.446	0.268	0.107	0.119	0.144	0.080	0.080	0.079	0.079	0.078	0.079	0.079	0.079	0.080	0.079	0.079	0.079	0.080
6:10:00	0.081	0.080	0.080	0.080	0.082	0.080	0.080	0.080	0.080	0.080	0.079	0.080	0.080	0.104	0.246	0.372	0.213	0.120	0.230	0.333	0.111	0.218	0.346	0.080	0.081	0.102	0.325	0.257	0.336	0.109	0.560	0.341	0.110	0.322	0.241	0.081	0.082	0.102	0.239	0.258	0.409	0.109	0.316	0.271	0.107	0.181	0.218	0.080	0.080	0.101	0.234	0.261	0.273	0.116	0.354	0.250	0.110	0.158	0.255	0.081	0.081	0.103	0.300	0.265	0.271	0.117	0.387	0.811	0.110	0.133	0.276	0.080	0.080	0.102	0.370	0.294	0.314	0.115	0.490	0.283	0.108	0.120	0.145	0.080	0.080	0.079	0.080	0.079	0.080	0.079	0.079	0.080	0.080	0.080	0.079	0.080
6:20:00	0.081	0.080	0.080	0.080	0.082	0.080	0.080	0.080	0.079	0.080	0.079	0.080	0.080	0.104	0.255	0.403	0.227	0.120	0.239	0.363	0.111	0.225	0.353	0.079	0.081	0.102	0.329	0.273	0.354	0.110	0.568	0.353	0.110	0.334	0.240	0.081	0.082	0.102	0.250	0.275	0.414	0.109	0.320	0.278	0.107	0.173	0.218	0.079	0.080	0.101	0.241	0.269	0.278	0.117	0.354	0.259	0.110	0.156	0.254	0.080	0.081	0.102	0.309	0.280	0.282	0.117	0.403	0.808	0.110	0.133	0.276	0.080	0.079	0.102	0.376	0.313	0.333	0.115	0.512	0.316	0.107	0.120	0.144	0.080	0.079	0.079	0.079	0.079	0.079	0.079	0.079	0.080	0.079	0.079	0.079	0.080
6:30:00	0.081	0.080	0.080	0.080	0.082	0.080	0.080	0.080	0.080	0.080	0.079	0.080	0.080	0.104	0.276	0.379	0.245	0.120	0.248	0.386	0.111	0.220	0.348	0.080	0.081	0.102	0.382	0.278	0.364	0.110	0.573	0.350	0.110	0.325	0.242	0.081	0.082	0.103	0.257	0.280	0.424	0.110	0.324	0.285	0.107	0.181	0.218	0.080	0.080	0.101	0.250	0.279	0.283	0.116	0.375	0.264	0.110	0.162	0.256	0.081	0.081	0.102	0.316	0.292	0.287	0.117	0.417	0.809	0.110	0.136	0.276	0.080	0.079	0.102	0.418	0.315	0.323	0.115	0.561	0.314	0.107	0.122	0.146	0.080	0.079	0.078	0.079	0.078	0.079	0.079	0.079	0.080	0.080	0.079	0.079	0.080
6:40:00	0.081	0.080	0.080	0.080	0.082	0.080	0.080	0.080	0.080	0.080	0.079	0.080	0.080	0.104	0.294	0.407	0.259	0.121	0.261	0.395	0.111	0.224	0.348	0.080	0.081	0.102	0.398	0.291	0.390	0.110	0.583	0.364	0.110	0.330	0.242	0.081	0.082	0.103	0.265	0.287	0.436	0.110	0.337	0.292	0.108	0.181	0.218	0.080	0.080	0.101	0.265	0.287	0.295	0.117	0.380	0.274	0.110	0.162	0.255	0.080	0.081	0.102	0.330	0.296	0.298	0.117	0.446	0.810	0.111	0.137	0.275	0.080	0.079	0.102	0.446	0.329	0.336	0.115	0.580	0.326	0.108	0.123	0.146	0.080	0.080	0.079	0.079	0.078	0.079	0.079	0.079	0.080	0.079	0.079	0.079	0.080
6:50:00	0.081	0.079	0.080	0.080	0.082	0.080	0.080	0.079	0.079	0.080	0.079	0.080	0.080	0.104	0.304	0.425	0.274	0.121	0.272	0.441	0.111	0.228	0.349	0.079	0.081	0.102	0.416	0.297	0.400	0.110	0.597	0.376	0.110	0.331	0.241	0.081	0.082	0.103	0.271	0.297	0.453	0.110	0.358	0.307	0.108	0.182	0.218	0.079	0.080	0.101	0.274	0.305	0.315	0.117	0.403	0.278	0.110	0.164	0.254	0.080	0.081	0.102	0.338	0.305	0.295	0.117	0.467	0.813	0.110	0.138	0.275	0.080	0.079	0.102	0.461	0.336	0.347	0.115	0.601	0.346	0.107	0.123	0.146	0.080	0.079	0.079	0.079	0.078	0.079	0.079	0.079	0.080	0.079	0.079	0.079	0.080
7:00:00	0.081	0.079	0.080	0.080	0.082	0.080	0.079	0.079	0.079	0.079	0.079	0.080	0.080	0.104	0.321	0.465	0.282	0.120	0.283	0.448	0.111	0.238	0.353	0.079	0.081	0.102	0.418	0.309	0.397	0.110	0.611	0.398	0.110	0.345	0.240	0.081	0.082	0.103	0.279	0.306	0.464	0.110	0.360	0.325	0.108	0.175	0.219	0.079	0.080	0.101	0.281	0.309	0.324	0.117	0.400	0.287	0.110	0.162	0.250	0.080	0.081	0.102	0.353	0.321	0.301	0.117	0.463	0.816	0.110	0.138	0.275	0.080	0.079	0.102	0.451	0.345	0.362	0.115	0.618	0.368	0.107	0.125	0.145	0.080	0.079	0.079	0.079	0.078	0.079	0.079	0.079	0.080	0.079	0.079	0.079	0.080
7:10:00	0.081	0.080	0.080	0.080	0.082	0.080	0.080	0.080	0.079	0.080	0.079	0.080	0.080	0.104	0.326	0.461	0.298	0.120	0.290	0.474	0.111	0.241	0.351	0.079	0.081	0.102	0.445	0.324	0.397	0.110	0.627	0.414	0.111	0.342	0.240	0.081	0.082	0.102	0.289	0.323	0.489	0.110	0.382	0.350	0.108	0.175	0.219	0.080	0.080	0.101	0.292	0.319	0.342	0.118	0.432	0.293	0.110	0.164	0.250	0.080	0.081	0.102	0.365	0.325	0.315	0.117	0.481	0.815	0.111	0.140	0.274	0.080	0.079	0.102	0.482	0.356	0.378	0.115	0.638	0.381	0.108	0.126	0.145	0.080	0.080	0.079	0.079	0.078	0.079	0.079	0.079	0.080	0.079	0.079	0.079	0.080
7:20:00	0.081	0.080	0.080	0.080	0.082	0.080	0.080	0.080	0.080	0.080	0.079	0.080	0.080	0.104	0.335	0.439	0.300	0.120	0.295	0.489	0.111	0.239	0.345	0.080	0.081	0.102	0.483	0.325	0.397	0.110	0.636	0.416	0.111	0.329	0.241	0.081	0.082	0.103	0.298	0.337	0.509	0.110	0.400	0.373	0.108	0.183	0.218	0.080	0.080	0.101	0.300	0.341	0.347	0.117	0.444	0.297	0.110	0.170	0.252	0.081	0.081	0.102	0.375	0.320	0.320	0.117	0.497	0.818	0.111	0.144	0.273	0.080	0.079	0.102	0.526	0.358	0.389	0.115	0.645	0.376	0.108	0.128	0.145	0.080	0.080	0.079	0.079	0.078	0.079	0.079	0.079	0.080	0.079	0.079	0.079	0.080
7:30:00	0.081	0.080	0.080	0.080	0.082	0.080	0.080	0.080	0.080	0.080	0.079	0.080	0.080	0.104	0.347	0.456	0.318	0.121	0.322	0.499	0.112	0.243	0.344	0.080	0.081	0.102	0.507	0.348	0.409	0.110	0.651	0.435	0.111	0.326	0.241	0.081	0.082	0.103	0.311	0.358	0.524	0.110	0.425	0.385	0.108	0.183	0.217	0.080	0.080	0.101	0.316	0.362	0.354	0.117	0.457	0.306	0.110	0.172	0.251	0.081	0.081	0.102	0.387	0.339	0.335	0.117	0.520	0.828	0.111	0.147	0.271	0.080	0.079	0.102	0.551	0.369	0.411	0.114	0.643	0.396	0.108	0.130	0.145	0.080	0.080	0.079	0.079	0.078	0.079	0.079	0.079	0.080	0.079	0.079	0.079	0.080
7:40:00	0.081	0.079	0.080	0.080	0.082	0.080	0.080	0.079	0.080	0.080	0.079	0.080	0.080	0.104	0.363	0.495	0.332	0.120	0.337	0.530	0.112	0.253	0.348	0.079	0.081	0.102	0.511	0.369	0.425	0.110	0.684	0.462	0.111	0.337	0.240	0.081	0.082	0.103	0.327	0.380	0.533	0.110	0.421	0.401	0.108	0.175	0.217	0.080	0.080	0.101	0.330	0.383	0.369	0.117	0.473	0.322	0.110	0.172	0.247	0.081	0.081	0.102	0.401	0.359	0.352	0.117	0.551	0.836	0.111	0.147	0.271	0.080	0.079	0.102	0.549	0.381	0.433	0.114	0.676	0.427	0.108	0.131	0.145	0.080	0.080	0.079	0.079	0.078	0.079	0.079	0.079	0.080	0.079	0.079	0.079	0.080
7:50:00	0.081	0.080	0.080	0.080	0.083	0.080	0.080	0.080	0.080	0.080	0.079	0.080	0.080	0.104	0.376	0.496	0.339	0.122	0.347	0.553	0.113	0.257	0.349	0.080	0.081	0.101	0.535	0.379	0.430	0.111	0.698	0.470	0.111	0.334	0.241	0.081	0.082	0.102	0.338	0.397	0.556	0.110	0.453	0.426	0.109	0.178	0.216	0.080	0.080	0.101	0.342	0.397	0.389	0.118	0.502	0.332	0.111	0.176	0.248	0.081	0.081	0.102	0.415	0.365	0.356	0.117	0.573	0.839	0.111	0.151	0.271	0.080	0.079	0.102	0.571	0.386	0.447	0.114	0.668	0.448	0.109	0.134	0.145	0.080	0.080	0.079	0.080	0.079	0.080	0.080	0.080	0.080	0.080	0.079	0.079	0.080
8:00:00	0.081	0.080	0.080	0.080	0.082	0.080	0.080	0.080	0.080	0.080	0.079	0.080	0.081	0.104	0.390	0.483	0.350	0.123	0.362	0.577	0.113	0.254	0.338	0.080	0.081	0.102	0.578	0.392	0.436	0.111	0.726	0.492	0.111	0.321	0.241	0.081	0.082	0.102	0.360	0.419	0.584	0.111	0.483	0.462	0.109	0.190	0.216	0.080	0.080	0.101	0.349	0.419	0.403	0.117	0.519	0.341	0.111	0.184	0.251	0.081	0.081	0.102	0.432	0.381	0.367	0.117	0.585	0.845	0.111	0.157	0.269	0.080	0.080	0.102	0.638	0.406	0.464	0.114	0.708	0.467	0.108	0.137	0.145	0.080	0.080	0.079	0.080	0.079	0.080	0.079	0.079	0.080	0.080	0.080	0.079	0.080
8:10:00	0.081	0.080	0.080	0.080	0.082	0.081	0.080	0.080	0.080	0.080	0.079	0.080	0.081	0.104	0.411	0.492	0.369	0.124	0.386	0.603	0.113	0.259	0.339	0.080	0.081	0.102	0.617	0.400	0.449	0.111	0.761	0.522	0.111	0.322	0.242	0.081	0.082	0.103	0.386	0.439	0.613	0.111	0.505	0.465	0.109	0.192	0.215	0.080	0.080	0.101	0.364	0.439	0.421	0.117	0.542	0.354	0.111	0.189	0.253	0.081	0.081	0.102	0.449	0.391	0.380	0.117	0.594	0.851	0.111	0.161	0.269	0.080	0.079	0.102	0.675	0.419	0.484	0.114	0.732	0.483	0.108	0.139	0.145	0.080	0.080	0.079	0.079	0.078	0.079	0.079	0.079	0.080	0.080	0.079	0.079	0.079
8:20:00	0.081	0.080	0.081	0.080	0.083	0.081	0.080	0.080	0.080	0.080	0.079	0.080	0.081	0.104	0.433	0.527	0.382	0.123	0.391	0.635	0.112	0.266	0.346	0.080	0.081	0.102	0.640	0.409	0.469	0.110	0.781	0.532	0.111	0.327	0.240	0.082	0.082	0.103	0.404	0.466	0.631	0.111	0.515	0.478	0.109	0.191	0.212	0.080	0.080	0.101	0.384	0.465	0.436	0.117	0.549	0.373	0.111	0.194	0.253	0.081	0.081	0.102	0.468	0.401	0.392	0.117	0.618	0.857	0.112	0.166	0.269	0.080	0.079	0.102	0.683	0.432	0.501	0.115	0.727	0.509	0.109	0.143	0.145	0.080	0.080	0.079	0.079	0.078	0.079	0.079	0.079	0.080	0.080	0.079	0.079	0.080
8:30:00	0.081	0.080	0.080	0.080	0.082	0.080	0.080	0.080	0.080	0.080	0.079	0.080	0.080	0.104	0.457	0.538	0.395	0.124	0.410	0.648	0.112	0.276	0.342	0.080	0.081	0.102	0.662	0.433	0.480	0.111	0.791	0.573	0.112	0.328	0.238	0.081	0.082	0.103	0.429	0.498	0.655	0.111	0.532	0.508	0.109	0.192	0.209	0.080	0.080	0.101	0.402	0.498	0.459	0.117	0.570	0.385	0.111	0.200	0.252	0.081	0.081	0.102	0.488	0.418	0.406	0.117	0.622	0.870	0.111	0.172	0.269	0.080	0.079	0.102	0.706	0.453	0.513	0.115	0.756	0.520	0.108	0.146	0.145	0.080	0.080	0.079	0.079	0.078	0.079	0.079	0.079	0.080	0.080	0.079	0.079	0.079
8:40:00	0.081	0.080	0.080	0.080	0.082	0.080	0.080	0.080	0.080	0.080	0.079	0.080	0.080	0.104	0.475	0.558	0.418	0.124	0.433	0.657	0.113	0.291	0.342	0.080	0.081	0.102	0.672	0.455	0.481	0.111	0.822	0.595	0.112	0.330	0.240	0.081	0.082	0.102	0.446	0.527	0.678	0.111	0.581	0.543	0.109	0.192	0.210	0.080	0.080	0.101	0.422	0.516	0.479	0.117	0.576	0.400	0.111	0.206	0.250	0.081	0.081	0.102	0.513	0.434	0.414	0.117	0.641	0.879	0.111	0.177	0.270	0.080	0.079	0.102	0.720	0.469	0.529	0.117	0.773	0.540	0.108	0.151	0.144	0.080	0.080	0.079	0.079	0.078	0.079	0.079	0.079	0.080	0.079	0.079	0.079	0.079
8:50:00	0.081	0.080	0.080	0.080	0.083	0.080	0.080	0.080	0.080	0.080	0.079	0.080	0.080	0.104	0.497	0.579	0.437	0.124	0.459	0.693	0.113	0.299	0.342	0.080	0.081	0.102	0.691	0.473	0.488	0.111	0.877	0.626	0.112	0.328	0.239	0.081	0.082	0.103	0.473	0.560	0.706	0.111	0.593	0.550	0.110	0.195	0.208	0.080	0.080	0.101	0.435	0.547	0.498	0.117	0.602	0.415	0.112	0.214	0.249	0.081	0.081	0.102	0.537	0.452	0.422	0.117	0.669	0.885	0.111	0.185	0.266	0.080	0.079	0.102	0.747	0.489	0.555	0.118	0.779	0.565	0.109	0.156	0.144	0.080	0.080	0.079	0.080	0.079	0.080	0.079	0.079	0.080	0.080	0.080	0.080	0.080
9:00:00	0.081	0.080	0.080	0.080	0.083	0.080	0.080	0.080	0.080	0.080	0.079	0.080	0.080	0.104	0.523	0.618	0.460	0.124	0.482	0.721	0.113	0.316	0.347	0.080	0.081	0.102	0.696	0.500	0.505	0.111	0.891	0.660	0.112	0.338	0.239	0.081	0.082	0.102	0.503	0.591	0.730	0.111	0.610	0.576	0.110	0.189	0.208	0.080	0.080	0.101	0.458	0.581	0.518	0.117	0.622	0.441	0.112	0.220	0.248	0.081	0.081	0.102	0.561	0.466	0.436	0.117	0.682	0.889	0.112	0.193	0.268	0.080	0.079	0.102	0.743	0.506	0.586	0.114	0.795	0.600	0.109	0.161	0.145	0.080	0.080	0.079	0.079	0.078	0.079	0.079	0.079	0.080	0.080	0.079	0.079	0.079
9:10:00	0.081	0.080	0.080	0.080	0.083	0.080	0.080	0.080	0.080	0.080	0.079	0.080	0.080	0.104	0.544	0.605	0.475	0.124	0.503	0.734	0.112	0.323	0.337	0.080	0.081	0.102	0.741	0.517	0.507	0.111	0.899	0.685	0.112	0.323	0.232	0.082	0.082	0.103	0.537	0.624	0.763	0.111	0.617	0.595	0.110	0.197	0.207	0.080	0.080	0.101	0.480	0.607	0.534	0.117	0.645	0.460	0.112	0.233	0.252	0.081	0.081	0.102	0.583	0.480	0.453	0.117	0.701	0.905	0.112	0.203	0.266	0.080	0.079	0.102	0.812	0.523	0.604	0.113	0.791	0.621	0.109	0.168	0.145	0.080	0.080	0.079	0.079	0.078	0.079	0.079	0.079	0.080	0.080	0.079	0.079	0.079
9:20:00	0.081	0.080	0.080	0.080	0.083	0.080	0.080	0.080	0.080	0.080	0.079	0.080	0.080	0.104	0.572	0.643	0.488	0.124	0.532	0.754	0.116	0.343	0.341	0.080	0.081	0.102	0.740	0.543	0.521	0.111	0.941	0.723	0.112	0.333	0.228	0.081	0.082	0.102	0.564	0.665	0.787	0.111	0.657	0.613	0.111	0.193	0.214	0.080	0.080	0.101	0.510	0.647	0.555	0.117	0.655	0.483	0.112	0.241	0.247	0.081	0.081	0.102	0.606	0.501	0.468	0.117	0.722	0.917	0.112	0.213	0.260	0.080	0.079	0.102	0.807	0.536	0.632	0.114	0.804	0.657	0.109	0.175	0.143	0.080	0.080	0.079	0.079	0.078	0.079	0.079	0.079	0.080	0.080	0.079	0.079	0.079
9:30:00	0.081	0.080	0.081	0.081	0.083	0.081	0.080	0.080	0.080	0.080	0.080	0.080	0.081	0.104	0.602	0.640	0.504	0.124	0.564	0.782	0.116	0.348	0.334	0.080	0.081	0.101	0.783	0.564	0.521	0.111	0.976	0.753	0.112	0.317	0.232	0.082	0.083	0.102	0.597	0.698	0.821	0.111	0.685	0.640	0.111	0.204	0.211	0.080	0.080	0.101	0.527	0.683	0.576	0.117	0.696	0.499	0.112	0.259	0.249	0.081	0.081	0.102	0.632	0.518	0.480	0.117	0.762	0.930	0.112	0.227	0.258	0.081	0.080	0.102	0.874	0.557	0.649	0.114	0.833	0.691	0.110	0.184	0.145	0.081	0.080	0.079	0.080	0.079	0.080	0.080	0.080	0.080	0.080	0.080	0.080	0.080
9:40:00	0.081	0.080	0.080	0.080	0.083	0.080	0.080	0.080	0.080	0.080	0.079	0.080	0.080	0.103	0.631	0.671	0.522	0.124	0.587	0.810	0.116	0.369	0.340	0.080	0.081	0.101	0.795	0.588	0.538	0.112	0.976	0.789	0.113	0.327	0.231	0.082	0.083	0.102	0.628	0.744	0.838	0.111	0.696	0.668	0.111	0.202	0.209	0.080	0.080	0.101	0.555	0.724	0.602	0.117	0.702	0.525	0.113	0.271	0.248	0.081	0.081	0.102	0.655	0.528	0.490	0.117	0.770	0.935	0.112	0.240	0.259	0.081	0.080	0.102	0.876	0.569	0.674	0.114	0.844	0.727	0.110	0.195	0.145	0.080	0.080	0.079	0.080	0.079	0.080	0.080	0.080	0.080	0.080	0.080	0.080	0.080
9:50:00	0.081	0.080	0.081	0.081	0.083	0.081	0.080	0.080	0.080	0.080	0.079	0.080	0.081	0.104	0.659	0.666	0.542	0.124	0.629	0.839	0.116	0.377	0.335	0.080	0.082	0.102	0.854	0.611	0.544	0.113	1.016	0.813	0.113	0.316	0.234	0.082	0.083	0.103	0.666	0.779	0.870	0.112	0.716	0.690	0.111	0.215	0.209	0.080	0.081	0.101	0.574	0.766	0.635	0.117	0.739	0.546	0.113	0.292	0.252	0.081	0.081	0.102	0.681	0.548	0.500	0.117	0.790	0.956	0.112	0.258	0.260	0.081	0.080	0.102	0.948	0.590	0.692	0.115	0.855	0.759	0.109	0.207	0.145	0.080	0.080	0.079	0.080	0.079	0.080	0.080	0.080	0.080	0.080	0.080	0.080	0.080
10:00:00	0.081	0.080	0.081	0.081	0.083	0.081	0.080	0.080	0.080	0.080	0.080	0.080	0.081	0.104	0.691	0.694	0.564	0.124	0.678	0.865	0.116	0.402	0.337	0.080	0.081	0.102	0.883	0.638	0.557	0.110	1.038	0.845	0.113	0.319	0.240	0.082	0.083	0.103	0.696	0.808	0.898	0.111	0.744	0.722	0.111	0.217	0.211	0.080	0.080	0.101	0.606	0.790	0.666	0.117	0.757	0.577	0.113	0.311	0.249	0.081	0.081	0.102	0.706	0.565	0.512	0.116	0.811	0.966	0.112	0.275	0.261	0.081	0.080	0.102	0.959	0.612	0.724	0.116	0.879	0.801	0.109	0.219	0.147	0.081	0.079	0.079	0.079	0.078	0.080	0.079	0.080	0.080	0.080	0.079	0.079	0.080
10:10:00	0.081	0.080	0.081	0.080	0.083	0.081	0.080	0.080	0.080	0.080	0.079	0.080	0.081	0.104	0.720	0.722	0.579	0.124	0.710	0.892	0.116	0.432	0.340	0.080	0.081	0.102	0.894	0.664	0.570	0.111	1.039	0.876	0.113	0.323	0.243	0.082	0.082	0.102	0.729	0.834	0.919	0.111	0.774	0.751	0.111	0.222	0.210	0.080	0.080	0.101	0.636	0.820	0.696	0.117	0.777	0.605	0.113	0.333	0.250	0.081	0.081	0.102	0.729	0.584	0.526	0.116	0.836	0.983	0.112	0.295	0.261	0.081	0.080	0.102	0.974	0.633	0.739	0.117	0.887	0.836	0.109	0.233	0.147	0.080	0.079	0.079	0.080	0.078	0.080	0.080	0.080	0.080	0.080	0.080	0.080	0.080
10:20:00	0.081	0.080	0.080	0.080	0.083	0.080	0.080	0.080	0.080	0.080	0.079	0.080	0.081	0.104	0.750	0.746	0.597	0.125	0.749	0.928	0.116	0.456	0.341	0.080	0.081	0.102	0.909	0.690	0.581	0.109	1.049	0.904	0.113	0.325	0.237	0.082	0.082	0.102	0.761	0.866	0.950	0.111	0.754	0.777	0.111	0.226	0.209	0.080	0.080	0.101	0.664	0.842	0.729	0.117	0.807	0.632	0.113	0.357	0.250	0.081	0.081	0.102	0.753	0.604	0.538	0.118	0.871	0.997	0.112	0.312	0.260	0.080	0.080	0.102	0.992	0.658	0.759	0.118	0.902	0.870	0.109	0.248	0.149	0.080	0.079	0.079	0.080	0.078	0.080	0.079	0.079	0.080	0.080	0.079	0.079	0.080
10:30:00	0.081	0.080	0.080	0.080	0.083	0.080	0.080	0.080	0.080	0.080	0.079	0.080	0.081	0.104	0.778	0.765	0.613	0.125	0.790	0.989	0.116	0.482	0.340	0.080	0.081	0.102	0.914	0.718	0.589	0.111	1.054	0.934	0.113	0.326	0.235	0.082	0.082	0.103	0.792	0.901	0.977	0.111	0.777	0.806	0.112	0.234	0.210	0.080	0.080	0.101	0.698	0.869	0.756	0.118	0.830	0.652	0.114	0.383	0.253	0.081	0.081	0.102	0.774	0.622	0.547	0.117	0.902	1.010	0.113	0.323	0.260	0.081	0.080	0.102	1.012	0.676	0.784	0.118	0.918	0.889	0.109	0.267	0.151	0.080	0.079	0.079	0.080	0.079	0.080	0.080	0.080	0.080	0.080	0.080	0.080	0.080
10:40:00	0.081	0.080	0.081	0.081	0.083	0.081	0.080	0.080	0.080	0.080	0.080	0.080	0.081	0.104	0.806	0.778	0.633	0.125	0.833	1.046	0.116	0.507	0.341	0.080	0.081	0.102	0.934	0.748	0.602	0.110	1.067	0.957	0.113	0.324	0.235	0.082	0.083	0.102	0.823	0.928	1.005	0.111	0.801	0.837	0.112	0.240	0.212	0.080	0.081	0.101	0.727	0.889	0.782	0.118	0.865	0.679	0.114	0.412	0.253	0.081	0.081	0.102	0.800	0.644	0.563	0.114	0.943	1.025	0.113	0.352	0.260	0.081	0.080	0.102	1.039	0.695	0.805	0.119	0.931	0.901	0.109	0.288	0.152	0.080	0.080	0.079	0.080	0.079	0.080	0.080	0.080	0.080	0.080	0.080	0.080	0.080
10:50:00	0.081	0.080	0.081	0.081	0.083	0.081	0.080	0.080	0.080	0.080	0.080	0.080	0.081	0.104	0.835	0.807	0.661	0.125	0.870	1.098	0.116	0.539	0.342	0.080	0.081	0.102	0.954	0.775	0.615	0.110	1.091	0.977	0.113	0.323	0.235	0.082	0.083	0.103	0.857	0.949	1.017	0.111	0.814	0.864	0.112	0.249	0.213	0.080	0.080	0.101	0.761	0.907	0.805	0.118	0.896	0.707	0.114	0.444	0.254	0.081	0.081	0.102	0.822	0.666	0.574	0.113	0.990	1.043	0.113	0.392	0.261	0.081	0.080	0.102	1.058	0.717	0.818	0.119	0.948	0.922	0.109	0.308	0.151	0.081	0.079	0.079	0.079	0.078	0.080	0.080	0.080	0.080	0.080	0.079	0.079	0.080
11:00:00	0.081	0.080	0.081	0.080	0.083	0.081	0.080	0.080	0.080	0.080	0.079	0.080	0.081	0.104	0.860	0.825	0.677	0.125	0.906	1.139	0.116	0.573	0.342	0.080	0.081	0.102	0.971	0.802	0.615	0.110	1.085	0.995	0.112	0.321	0.236	0.082	0.083	0.103	0.886	0.967	1.030	0.111	0.817	0.892	0.112	0.259	0.213	0.080	0.080	0.101	0.791	0.930	0.828	0.118	0.923	0.729	0.114	0.474	0.252	0.081	0.081	0.102	0.844	0.686	0.583	0.113	1.063	1.064	0.113	0.409	0.261	0.081	0.080	0.102	1.079	0.739	0.819	0.119	0.971	0.892	0.110	0.337	0.150	0.081	0.080	0.079	0.080	0.078	0.080	0.079	0.080	0.080	0.080	0.080	0.080	0.080
11:10:00	0.081	0.080	0.081	0.081	0.083	0.081	0.080	0.080	0.080	0.080	0.080	0.080	0.081	0.104	0.883	0.853	0.696	0.125	0.941	1.157	0.116	0.602	0.342	0.080	0.081	0.101	0.985	0.824	0.627	0.110	1.099	1.012	0.113	0.320	0.236	0.082	0.083	0.102	0.913	0.973	1.046	0.110	0.853	0.914	0.112	0.269	0.210	0.080	0.081	0.101	0.817	0.950	0.847	0.117	0.957	0.752	0.114	0.510	0.254	0.081	0.081	0.102	0.866	0.706	0.597	0.113	1.139	1.085	0.114	0.440	0.262	0.081	0.080	0.102	1.095	0.755	0.820	0.118	0.988	0.800	0.110	0.382	0.149	0.081	0.080	0.079	0.080	0.079	0.080	0.080	0.080	0.081	0.080	0.080	0.080	0.080
11:20:00	0.081	0.080	0.081	0.081	0.083	0.081	0.080	0.080	0.080	0.080	0.080	0.080	0.081	0.103	0.905	0.875	0.714	0.125	0.972	1.187	0.116	0.631	0.341	0.080	0.081	0.101	1.000	0.848	0.640	0.110	1.133	1.028	0.113	0.317	0.236	0.082	0.083	0.102	0.936	0.974	1.055	0.110	0.900	0.933	0.111	0.285	0.209	0.080	0.081	0.101	0.844	0.968	0.866	0.118	0.983	0.771	0.114	0.544	0.255	0.081	0.081	0.102	0.886	0.726	0.612	0.114	1.242	1.104	0.114	0.468	0.263	0.081	0.080	0.102	1.115	0.768	0.818	0.118	1.003	0.790	0.110	0.414	0.148	0.081	0.080	0.079	0.080	0.079	0.080	0.080	0.080	0.081	0.080	0.080	0.080	0.080
11:30:00	0.081	0.080	0.081	0.081	0.083	0.081	0.080	0.080	0.080	0.080	0.080	0.080	0.081	0.103	0.926	0.909	0.737	0.125	1.008	1.260	0.116	0.664	0.348	0.080	0.081	0.101	1.001	0.874	0.660	0.110	1.119	1.047	0.113	0.330	0.237	0.082	0.083	0.102	0.954	0.981	1.066	0.110	0.872	0.956	0.112	0.293	0.209	0.080	0.081	0.101	0.874	0.983	0.891	0.118	1.002	0.797	0.114	0.579	0.254	0.081	0.081	0.102	0.906	0.745	0.627	0.116	1.303	1.123	0.114	0.490	0.263	0.081	0.080	0.102	1.114	0.775	0.842	0.117	1.021	0.805	0.110	0.413	0.148	0.081	0.080	0.079	0.080	0.079	0.080	0.080	0.080	0.080	0.080	0.080	0.080	0.080
11:40:00	0.081	0.080	0.081	0.081	0.083	0.081	0.080	0.080	0.080	0.080	0.080	0.080	0.081	0.104	0.948	0.908	0.745	0.126	1.030	1.298	0.116	0.685	0.344	0.080	0.081	0.102	1.050	0.899	0.674	0.111	1.132	1.052	0.112	0.322	0.241	0.082	0.083	0.103	0.974	0.990	1.088	0.111	0.879	0.972	0.111	0.317	0.209	0.080	0.080	0.101	0.895	1.000	0.911	0.118	1.033	0.814	0.114	0.619	0.256	0.081	0.081	0.102	0.926	0.774	0.642	0.118	1.360	1.146	0.114	0.500	0.263	0.081	0.080	0.102	1.151	0.799	0.856	0.117	1.040	0.826	0.110	0.435	0.148	0.081	0.079	0.079	0.080	0.078	0.080	0.080	0.080	0.080	0.080	0.079	0.079	0.080
11:50:00	0.081	0.080	0.081	0.081	0.083	0.081	0.080	0.080	0.080	0.080	0.080	0.080	0.081	0.104	0.965	0.927	0.755	0.126	1.062	1.338	0.116	0.715	0.346	0.080	0.081	0.101	1.049	0.920	0.686	0.111	1.133	1.065	0.113	0.328	0.242	0.082	0.083	0.102	0.995	0.998	1.095	0.110	0.882	0.991	0.111	0.335	0.209	0.080	0.080	0.101	0.930	1.015	0.935	0.117	1.051	0.835	0.114	0.652	0.257	0.081	0.081	0.102	0.944	0.794	0.656	0.116	1.387	1.160	0.114	0.510	0.264	0.081	0.080	0.102	1.157	0.806	0.859	0.117	1.060	0.842	0.110	0.466	0.153	0.081	0.079	0.079	0.080	0.079	0.080	0.080	0.080	0.080	0.080	0.080	0.080	0.080
12:00:00	0.081	0.080	0.081	0.081	0.083	0.081	0.080	0.080	0.080	0.080	0.080	0.080	0.081	0.104	0.985	0.941	0.769	0.126	1.091	1.364	0.116	0.744	0.348	0.080	0.081	0.102	1.058	0.939	0.697	0.111	1.134	1.079	0.113	0.330	0.247	0.082	0.083	0.102	1.015	1.005	1.103	0.110	0.910	1.008	0.112	0.352	0.210	0.080	0.080	0.101	0.950	1.028	0.957	0.118	1.070	0.851	0.114	0.687	0.257	0.081	0.081	0.102	0.960	0.814	0.667	0.117	1.413	1.179	0.114	0.523	0.264	0.081	0.080	0.102	1.166	0.865	0.870	0.117	1.077	0.865	0.110	0.476	0.153	0.081	0.079	0.079	0.080	0.078	0.080	0.080	0.080	0.080	0.080	0.079	0.079	0.080
12:10:00	0.081	0.080	0.081	0.081	0.083	0.081	0.080	0.080	0.080	0.080	0.079	0.080	0.081	0.104	1.003	0.953	0.782	0.127	1.120	1.370	0.116	0.771	0.345	0.080	0.081	0.102	1.061	0.957	0.709	0.112	1.157	1.092	0.113	0.334	0.244	0.082	0.082	0.102	1.027	1.013	1.115	0.110	0.944	1.025	0.112	0.372	0.210	0.080	0.080	0.101	0.970	1.040	0.971	0.117	1.086	0.868	0.114	0.717	0.255	0.081	0.081	0.102	0.978	0.830	0.680	0.117	1.429	1.192	0.114	0.545	0.264	0.081	0.080	0.102	1.175	0.871	0.878	0.117	1.095	0.893	0.110	0.493	0.152	0.080	0.079	0.079	0.080	0.078	0.080	0.080	0.079	0.080	0.080	0.080	0.079	0.080
12:20:00	0.081	0.080	0.081	0.081	0.083	0.081	0.080	0.080	0.080	0.080	0.080	0.080	0.081	0.104	1.020	0.958	0.793	0.127	1.141	1.379	0.116	0.799	0.347	0.080	0.081	0.102	1.065	0.975	0.720	0.112	1.157	1.105	0.114	0.331	0.244	0.082	0.083	0.102	1.035	1.021	1.125	0.111	0.939	1.041	0.113	0.399	0.211	0.080	0.081	0.101	0.989	1.053	0.986	0.117	1.103	0.884	0.114	0.748	0.256	0.081	0.081	0.102	0.995	0.849	0.693	0.118	1.444	1.204	0.114	0.555	0.265	0.081	0.080	0.102	1.190	0.884	0.881	0.117	1.117	0.904	0.111	0.509	0.153	0.081	0.080	0.079	0.080	0.079	0.080	0.080	0.080	0.081	0.080	0.080	0.079	0.079
12:30:00	0.081	0.080	0.081	0.081	0.083	0.081	0.080	0.080	0.080	0.080	0.080	0.080	0.081	0.104	1.036	0.973	0.801	0.127	1.161	1.391	0.116	0.823	0.348	0.080	0.081	0.102	1.087	0.994	0.734	0.112	1.175	1.113	0.114	0.331	0.245	0.082	0.083	0.102	1.056	1.030	1.134	0.114	0.947	1.055	0.112	0.421	0.212	0.080	0.081	0.101	1.008	1.064	1.001	0.116	1.117	0.900	0.114	0.776	0.255	0.081	0.081	0.102	1.012	0.864	0.706	0.119	1.456	1.200	0.115	0.573	0.263	0.081	0.080	0.102	1.202	0.896	0.894	0.117	1.131	0.925	0.111	0.529	0.151	0.081	0.080	0.079	0.080	0.078	0.080	0.080	0.080	0.080	0.080	0.080	0.079	0.079
12:40:00	0.081	0.080	0.081	0.081	0.083	0.081	0.080	0.080	0.081	0.081	0.080	0.080	0.081	0.104	1.052	0.994	0.814	0.127	1.180	1.401	0.116	0.846	0.344	0.080	0.081	0.101	1.102	1.012	0.746	0.113	1.194	1.122	0.114	0.332	0.246	0.082	0.083	0.102	1.068	1.037	1.145	0.114	0.986	1.068	0.113	0.444	0.210	0.080	0.081	0.101	1.026	1.076	1.014	0.116	1.131	0.913	0.114	0.803	0.256	0.081	0.081	0.102	1.028	0.882	0.716	0.117	1.467	1.200	0.115	0.585	0.263	0.081	0.080	0.102	1.215	0.912	0.908	0.118	1.149	0.945	0.111	0.547	0.151	0.081	0.079	0.079	0.080	0.079	0.080	0.080	0.080	0.080	0.080	0.080	0.079	0.079
12:50:00	0.081	0.080	0.081	0.081	0.083	0.081	0.080	0.080	0.080	0.080	0.080	0.080	0.081	0.104	1.068	1.004	0.826	0.127	1.196	1.408	0.117	0.870	0.346	0.080	0.081	0.101	1.113	1.029	0.757	0.113	1.196	1.131	0.114	0.332	0.247	0.082	0.083	0.102	1.082	1.044	1.156	0.114	0.977	1.083	0.113	0.475	0.210	0.080	0.080	0.100	1.043	1.090	1.030	0.116	1.147	0.925	0.114	0.830	0.254	0.081	0.081	0.102	1.044	0.902	0.730	0.117	1.481	1.262	0.115	0.593	0.262	0.081	0.080	0.101	1.227	0.917	0.920	0.119	1.167	0.983	0.111	0.563	0.152	0.081	0.079	0.079	0.080	0.079	0.080	0.080	0.080	0.080	0.080	0.080	0.079	0.079
13:00:00	0.082	0.080	0.081	0.081	0.083	0.081	0.080	0.080	0.080	0.081	0.080	0.081	0.081	0.104	1.082	1.017	0.835	0.127	1.208	1.412	0.117	0.890	0.342	0.080	0.082	0.101	1.127	1.044	0.772	0.113	1.219	1.141	0.115	0.330	0.247	0.082	0.083	0.102	1.088	1.053	1.168	0.113	0.987	1.096	0.113	0.504	0.209	0.081	0.081	0.101	1.060	1.102	1.043	0.116	1.161	0.938	0.115	0.854	0.256	0.081	0.081	0.102	1.061	0.921	0.744	0.118	1.493	1.279	0.115	0.606	0.262	0.081	0.080	0.102	1.240	0.930	0.939	0.119	1.183	1.001	0.111	0.583	0.150	0.081	0.080	0.079	0.080	0.079	0.080	0.080	0.080	0.081	0.081	0.080	0.079	0.080
13:10:00	0.081	0.080	0.081	0.081	0.083	0.081	0.080	0.080	0.080	0.081	0.080	0.080	0.081	0.103	1.094	1.026	0.845	0.127	1.215	1.422	0.117	0.906	0.341	0.080	0.082	0.101	1.142	1.058	0.782	0.113	1.242	1.147	0.115	0.332	0.247	0.082	0.083	0.102	1.097	1.059	1.183	0.111	0.996	1.108	0.113	0.530	0.208	0.080	0.081	0.101	1.076	1.114	1.059	0.117	1.172	0.943	0.115	0.878	0.261	0.081	0.082	0.102	1.073	0.942	0.757	0.117	1.505	1.290	0.115	0.618	0.261	0.080	0.080	0.102	1.254	0.939	0.951	0.120	1.198	1.013	0.112	0.599	0.149	0.081	0.080	0.079	0.080	0.079	0.080	0.080	0.080	0.081	0.080	0.080	0.079	0.079
13:20:00	0.081	0.080	0.081	0.081	0.083	0.081	0.080	0.080	0.080	0.080	0.080	0.080	0.081	0.103	1.106	1.058	0.861	0.127	1.229	1.430	0.117	0.929	0.351	0.080	0.082	0.102	1.144	1.073	0.796	0.114	1.223	1.157	0.115	0.344	0.247	0.082	0.083	0.102	1.105	1.071	1.187	0.112	1.001	1.120	0.113	0.556	0.210	0.080	0.081	0.101	1.092	1.127	1.072	0.118	1.176	0.954	0.115	0.895	0.262	0.081	0.081	0.102	1.086	0.956	0.769	0.117	1.507	1.293	0.115	0.633	0.262	0.080	0.080	0.102	1.251	0.951	0.968	0.121	1.213	1.025	0.112	0.621	0.151	0.081	0.080	0.079	0.080	0.079	0.080	0.080	0.080	0.081	0.080	0.080	0.079	0.079
13:30:00	0.082	0.081	0.081	0.081	0.084	0.081	0.081	0.081	0.080	0.081	0.080	0.081	0.081	0.104	1.118	1.056	0.875	0.128	1.231	1.415	0.117	0.940	0.348	0.081	0.082	0.102	1.170	1.088	0.808	0.114	1.241	1.157	0.115	0.335	0.248	0.082	0.083	0.102	1.119	1.079	1.197	0.112	1.003	1.127	0.114	0.600	0.208	0.081	0.081	0.100	1.107	1.134	1.085	0.118	1.191	0.964	0.114	0.914	0.264	0.081	0.081	0.102	1.099	0.973	0.784	0.117	1.518	1.312	0.116	0.649	0.261	0.080	0.080	0.102	1.270	0.965	0.980	0.121	1.225	1.041	0.112	0.643	0.151	0.081	0.080	0.079	0.080	0.079	0.080	0.080	0.080	0.081	0.081	0.080	0.079	0.079
13:40:00	0.081	0.080	0.081	0.081	0.083	0.081	0.080	0.080	0.080	0.080	0.080	0.080	0.081	0.104	1.128	1.079	0.887	0.128	1.244	1.404	0.118	0.956	0.351	0.080	0.081	0.101	1.170	1.099	0.820	0.114	1.233	1.165	0.115	0.342	0.248	0.082	0.083	0.102	1.126	1.087	1.203	0.111	1.001	1.139	0.113	0.637	0.209	0.080	0.081	0.100	1.123	1.142	1.097	0.117	1.198	0.972	0.115	0.932	0.267	0.081	0.081	0.102	1.111	0.990	0.801	0.118	1.520	1.311	0.116	0.661	0.262	0.080	0.080	0.102	1.272	0.977	0.997	0.121	1.239	1.040	0.112	0.667	0.151	0.081	0.080	0.079	0.080	0.079	0.080	0.080	0.080	0.081	0.080	0.080	0.079	0.079
13:50:00	0.081	0.080	0.081	0.081	0.083	0.081	0.080	0.080	0.080	0.080	0.080	0.080	0.081	0.104	1.139	1.092	0.904	0.128	1.254	1.406	0.118	0.971	0.351	0.080	0.081	0.101	1.177	1.110	0.832	0.114	1.235	1.174	0.115	0.346	0.248	0.082	0.083	0.102	1.133	1.097	1.211	0.112	1.004	1.148	0.113	0.675	0.210	0.080	0.081	0.101	1.134	1.151	1.109	0.116	1.207	0.979	0.115	0.949	0.264	0.081	0.081	0.102	1.122	1.007	0.817	0.118	1.519	1.317	0.116	0.670	0.260	0.080	0.080	0.102	1.277	0.992	1.006	0.121	1.254	1.056	0.112	0.686	0.148	0.081	0.080	0.079	0.080	0.079	0.080	0.080	0.080	0.080	0.080	0.080	0.079	0.079
14:00:00	0.081	0.080	0.081	0.080	0.083	0.081	0.080	0.080	0.080	0.080	0.080	0.080	0.081	0.104	1.149	1.109	0.919	0.128	1.263	1.407	0.118	0.985	0.349	0.080	0.081	0.101	1.180	1.119	0.843	0.115	1.253	1.182	0.115	0.350	0.247	0.082	0.083	0.102	1.139	1.106	1.217	0.112	1.022	1.157	0.114	0.712	0.212	0.080	0.081	0.101	1.148	1.160	1.118	0.117	1.214	0.985	0.115	0.963	0.263	0.081	0.081	0.102	1.133	1.020	0.829	0.119	1.515	1.333	0.116	0.684	0.261	0.080	0.080	0.102	1.280	1.005	1.019	0.122	1.266	1.067	0.112	0.699	0.147	0.081	0.080	0.079	0.080	0.079	0.080	0.080	0.080	0.080	0.080	0.080	0.079	0.079
14:10:00	0.081	0.080	0.081	0.080	0.083	0.081	0.080	0.080	0.080	0.081	0.080	0.080	0.081	0.104	1.159	1.118	0.932	0.129	1.267	1.405	0.118	0.998	0.349	0.080	0.081	0.101	1.192	1.130	0.857	0.115	1.249	1.189	0.116	0.348	0.246	0.082	0.083	0.102	1.146	1.116	1.223	0.111	1.021	1.166	0.114	0.752	0.212	0.080	0.081	0.101	1.159	1.169	1.129	0.117	1.224	0.992	0.115	0.978	0.264	0.081	0.082	0.102	1.144	1.033	0.843	0.119	1.082	1.310	0.116	0.697	0.262	0.080	0.080	0.102	1.290	1.018	1.031	0.122	1.279	1.073	0.112	0.728	0.150	0.081	0.080	0.079	0.080	0.079	0.080	0.080	0.080	0.081	0.080	0.080	0.079	0.080
14:20:00	0.081	0.080	0.081	0.080	0.083	0.081	0.080	0.080	0.080	0.081	0.080	0.080	0.081	0.104	1.167	1.150	0.941	0.129	1.283	1.406	0.118	1.013	0.352	0.080	0.081	0.101	1.184	1.139	0.872	0.115	1.262	1.197	0.116	0.362	0.246	0.082	0.083	0.102	1.153	1.130	1.226	0.112	1.020	1.172	0.114	0.778	0.213	0.080	0.081	0.101	1.170	1.182	1.138	0.117	1.222	1.002	0.115	0.987	0.262	0.081	0.081	0.102	1.153	1.045	0.857	0.119	1.076	1.320	0.116	0.711	0.263	0.080	0.080	0.102	1.282	1.032	1.055	0.122	1.288	1.086	0.112	0.750	0.150	0.081	0.080	0.079	0.080	0.079	0.080	0.080	0.080	0.081	0.080	0.080	0.079	0.079
14:30:01	0.082	0.080	0.081	0.080	0.083	0.081	0.081	0.081	0.080	0.081	0.080	0.081	0.081	0.104	1.174	1.163	0.954	0.129	1.292	1.407	0.119	1.024	0.352	0.080	0.081	0.101	1.192	1.148	0.882	0.116	1.261	1.202	0.116	0.363	0.245	0.082	0.083	0.102	1.161	1.138	1.232	0.112	1.032	1.178	0.115	0.814	0.211	0.080	0.081	0.100	1.180	1.190	1.147	0.117	1.230	1.008	0.115	1.000	0.264	0.081	0.081	0.102	1.162	1.058	0.872	0.120	1.074	1.330	0.117	0.718	0.264	0.080	0.080	0.101	1.289	1.046	1.063	0.122	1.299	1.091	0.112	0.746	0.155	0.081	0.080	0.079	0.080	0.079	0.080	0.080	0.080	0.081	0.080	0.080	0.079	0.079
14:40:01	0.081	0.080	0.081	0.080	0.083	0.081	0.080	0.080	0.080	0.081	0.080	0.081	0.081	0.104	1.181	1.173	0.967	0.129	1.297	1.409	0.119	1.034	0.351	0.080	0.081	0.101	1.199	1.156	0.892	0.116	1.263	1.208	0.116	0.366	0.245	0.082	0.083	0.102	1.164	1.147	1.240	0.112	1.037	1.184	0.115	0.850	0.211	0.080	0.081	0.100	1.190	1.198	1.156	0.118	1.238	1.016	0.116	1.010	0.264	0.081	0.081	0.102	1.172	1.071	0.887	0.119	1.075	1.322	0.117	0.734	0.263	0.080	0.080	0.101	1.294	1.060	1.076	0.122	1.310	1.101	0.112	0.762	0.153	0.081	0.080	0.079	0.080	0.079	0.080	0.080	0.080	0.081	0.080	0.080	0.079	0.079
14:50:01	0.082	0.081	0.081	0.080	0.083	0.081	0.081	0.081	0.080	0.081	0.080	0.080	0.081	0.103	1.188	1.166	0.985	0.130	1.292	1.411	0.119	1.038	0.345	0.081	0.082	0.101	1.221	1.163	0.901	0.116	1.277	1.208	0.116	0.350	0.246	0.082	0.083	0.102	1.173	1.154	1.252	0.112	1.046	1.187	0.115	0.890	0.210	0.081	0.081	0.100	1.197	1.205	1.167	0.118	1.253	1.023	0.116	1.025	0.266	0.081	0.081	0.102	1.180	1.085	0.912	0.120	1.075	1.337	0.117	0.747	0.264	0.081	0.080	0.102	1.314	1.071	1.090	0.123	1.319	1.109	0.113	0.769	0.155	0.081	0.080	0.079	0.080	0.079	0.080	0.080	0.080	0.081	0.081	0.080	0.079	0.080
15:00:01	0.081	0.081	0.081	0.080	0.083	0.081	0.081	0.081	0.080	0.081	0.080	0.079	0.081	0.103	1.193	1.189	1.001	0.130	1.302	1.413	0.119	1.051	0.350	0.080	0.082	0.101	1.218	1.169	0.917	0.116	1.262	1.217	0.116	0.365	0.245	0.082	0.083	0.102	1.181	1.163	1.256	0.112	1.041	1.195	0.115	0.921	0.210	0.080	0.081	0.100	1.206	1.215	1.175	0.118	1.251	1.027	0.116	1.032	0.270	0.081	0.081	0.102	1.186	1.095	0.926	0.120	1.071	1.321	0.117	0.758	0.264	0.080	0.080	0.102	1.308	1.081	1.100	0.123	1.327	1.109	0.113	0.776	0.152	0.081	0.080	0.079	0.080	0.079	0.080	0.080	0.080	0.081	0.080	0.080	0.079	0.080
15:10:01	0.081	0.080	0.081	0.080	0.083	0.081	0.080	0.080	0.080	0.081	0.080	0.079	0.081	0.103	1.198	1.199	1.012	0.130	1.304	1.416	0.120	1.059	0.352	0.080	0.082	0.101	1.228	1.176	0.931	0.117	1.271	1.222	0.116	0.366	0.247	0.082	0.083	0.102	1.189	1.173	1.265	0.112	1.050	1.198	0.115	0.955	0.209	0.080	0.081	0.101	1.216	1.224	1.186	0.118	1.257	1.031	0.116	1.040	0.269	0.081	0.081	0.102	1.193	1.116	0.942	0.121	1.077	1.334	0.117	0.767	0.265	0.080	0.080	0.102	1.316	1.092	1.113	0.124	1.336	1.119	0.113	0.799	0.153	0.081	0.080	0.079	0.080	0.079	0.080	0.080	0.080	0.081	0.080	0.080	0.079	0.080
15:20:01	0.082	0.081	0.081	0.080	0.084	0.081	0.081	0.081	0.081	0.081	0.080	0.080	0.081	0.104	1.204	1.195	1.030	0.131	1.299	1.421	0.120	1.061	0.349	0.081	0.082	0.101	1.249	1.183	0.943	0.117	1.282	1.218	0.116	0.362	0.248	0.082	0.083	0.102	1.201	1.181	1.276	0.113	1.067	1.199	0.116	0.995	0.209	0.081	0.081	0.100	1.222	1.230	1.196	0.118	1.268	1.044	0.116	1.049	0.271	0.082	0.081	0.102	1.198	1.127	0.957	0.121	1.068	1.339	0.118	0.774	0.265	0.081	0.080	0.102	1.327	1.101	1.141	0.124	1.343	1.126	0.113	0.805	0.153	0.081	0.080	0.079	0.080	0.079	0.080	0.080	0.080	0.081	0.081	0.080	0.079	0.080
15:30:01	0.082	0.080	0.081	0.080	0.083	0.081	0.080	0.080	0.080	0.081	0.080	0.080	0.081	0.104	1.207	1.213	1.037	0.131	1.307	1.424	0.120	1.069	0.351	0.080	0.082	0.101	1.244	1.188	0.957	0.117	1.284	1.224	0.117	0.373	0.249	0.082	0.083	0.102	1.206	1.187	1.282	0.113	1.067	1.205	0.116	1.022	0.209	0.080	0.081	0.100	1.232	1.238	1.202	0.119	1.271	1.050	0.116	1.055	0.272	0.081	0.081	0.102	1.204	1.134	0.969	0.121	1.067	1.339	0.118	0.791	0.264	0.080	0.080	0.102	1.325	1.111	1.152	0.124	1.351	1.134	0.113	0.821	0.154	0.081	0.080	0.079	0.080	0.079	0.080	0.080	0.080	0.081	0.081	0.080	0.079	0.080
15:40:01	0.081	0.080	0.081	0.080	0.084	0.081	0.080	0.080	0.080	0.081	0.080	0.079	0.081	0.103	1.212	1.242	1.044	0.131	1.321	1.428	0.120	1.083	0.357	0.080	0.082	0.101	1.232	1.192	0.973	0.117	1.298	1.236	0.117	0.392	0.249	0.082	0.083	0.102	1.209	1.195	1.288	0.113	1.081	1.210	0.116	1.046	0.211	0.080	0.081	0.100	1.240	1.247	1.209	0.119	1.270	1.056	0.116	1.058	0.267	0.081	0.081	0.102	1.209	1.142	0.983	0.122	1.081	1.360	0.118	0.807	0.266	0.080	0.080	0.101	1.313	1.121	1.162	0.125	1.358	1.141	0.113	0.834	0.153	0.081	0.080	0.079	0.080	0.079	0.080	0.080	0.080	0.081	0.080	0.080	0.079	0.079
15:50:01	0.081	0.080	0.081	0.080	0.083	0.081	0.080	0.080	0.080	0.080	0.080	0.079	0.081	0.104	1.216	1.233	1.054	0.132	1.319	1.432	0.121	1.085	0.351	0.080	0.082	0.101	1.247	1.197	0.990	0.117	1.296	1.242	0.117	0.390	0.249	0.082	0.083	0.102	1.211	1.200	1.298	0.113	1.075	1.214	0.116	1.078	0.212	0.080	0.081	0.101	1.244	1.252	1.218	0.119	1.279	1.061	0.116	1.066	0.268	0.081	0.081	0.102	1.214	1.157	0.994	0.122	1.080	1.343	0.118	0.816	0.264	0.080	0.080	0.102	1.326	1.131	1.261	0.125	1.366	1.150	0.113	0.840	0.153	0.081	0.080	0.079	0.080	0.079	0.080	0.080	0.080	0.081	0.080	0.080	0.079	0.080
16:00:01	0.081	0.081	0.081	0.080	0.084	0.081	0.080	0.080	0.080	0.081	0.080	0.080	0.081	0.103	1.219	1.256	1.085	0.132	1.324	1.436	0.121	1.095	0.354	0.080	0.082	0.101	1.240	1.200	1.001	0.118	1.305	1.251	0.117	0.403	0.249	0.082	0.083	0.102	1.213	1.207	1.303	0.113	1.081	1.217	0.116	1.094	0.211	0.081	0.081	0.101	1.250	1.259	1.226	0.119	1.278	1.068	0.116	1.069	0.267	0.081	0.081	0.102	1.218	1.162	1.000	0.122	1.091	1.368	0.118	0.819	0.266	0.080	0.080	0.102	1.318	1.139	1.266	0.126	1.372	1.159	0.113	0.858	0.155	0.081	0.080	0.080	0.080	0.079	0.080	0.080	0.080	0.081	0.081	0.080	0.079	0.080
16:10:01	0.081	0.081	0.081	0.080	0.084	0.081	0.080	0.080	0.080	0.081	0.080	0.080	0.081	0.104	1.223	1.264	1.090	0.132	1.331	1.442	0.121	1.101	0.353	0.080	0.082	0.101	1.244	1.204	1.013	0.118	1.298	1.260	0.117	0.411	0.249	0.082	0.083	0.102	1.217	1.212	1.308	0.113	1.072	1.219	0.116	1.115	0.211	0.081	0.081	0.100	1.255	1.263	1.231	0.119	1.282	1.078	0.116	1.071	0.268	0.081	0.081	0.102	1.221	1.169	1.022	0.122	1.082	1.350	0.118	0.820	0.266	0.081	0.080	0.101	1.319	1.149	1.269	0.126	1.377	1.160	0.113	0.863	0.155	0.081	0.080	0.079	0.080	0.079	0.080	0.080	0.080	0.081	0.081	0.080	0.079	0.080
16:20:01	0.081	0.081	0.081	0.080	0.083	0.081	0.081	0.080	0.080	0.081	0.080	0.080	0.081	0.104	1.224	1.276	1.098	0.133	1.335	1.446	0.121	1.105	0.353	0.080	0.082	0.101	1.248	1.206	1.025	0.118	1.306	1.267	0.117	0.414	0.249	0.082	0.083	0.102	1.219	1.217	1.315	0.113	1.074	1.220	0.117	1.135	0.210	0.081	0.081	0.100	1.258	1.266	1.239	0.119	1.287	1.083	0.116	1.075	0.267	0.081	0.081	0.102	1.224	1.177	1.022	0.123	1.066	1.359	0.119	0.829	0.266	0.080	0.080	0.101	1.321	1.158	1.267	0.126	1.383	1.169	0.113	0.880	0.151	0.081	0.080	0.079	0.080	0.079	0.080	0.080	0.080	0.081	0.081	0.080	0.079	0.080
16:30:01	0.081	0.081	0.081	0.080	0.084	0.082	0.081	0.081	0.080	0.081	0.080	0.080	0.081	0.104	1.227	1.267	1.100	0.133	1.329	1.451	0.122	1.104	0.346	0.081	0.083	0.101	1.265	1.209	1.040	0.118	1.315	1.273	0.118	0.414	0.251	0.082	0.083	0.102	1.221	1.220	1.323	0.113	1.088	1.220	0.117	1.159	0.209	0.081	0.081	0.100	1.259	1.270	1.248	0.120	1.298	1.091	0.117	1.081	0.267	0.081	0.081	0.102	1.228	1.185	1.051	0.123	1.064	1.368	0.119	0.845	0.264	0.081	0.080	0.102	1.333	1.164	1.265	0.127	1.390	1.176	0.114	0.882	0.150	0.081	0.080	0.080	0.080	0.079	0.081	0.081	0.080	0.081	0.081	0.080	0.079	0.080
16:40:01	0.081	0.081	0.081	0.081	0.084	0.081	0.081	0.081	0.080	0.081	0.080	0.080	0.081	0.103	1.229	1.271	1.096	0.134	1.330	1.455	0.122	1.108	0.344	0.081	0.083	0.101	1.269	1.211	1.054	0.119	1.307	1.282	0.118	0.421	0.251	0.082	0.083	0.102	1.226	1.224	1.329	0.113	1.093	1.220	0.117	1.175	0.209	0.081	0.081	0.101	1.261	1.273	1.256	0.120	1.302	1.098	0.117	1.084	0.272	0.081	0.082	0.102	1.231	1.190	1.056	0.123	1.058	1.351	0.119	0.858	0.264	0.081	0.080	0.102	1.336	1.170	1.268	0.127	1.394	1.178	0.114	0.887	0.150	0.081	0.080	0.080	0.080	0.079	0.081	0.081	0.080	0.081	0.081	0.080	0.079	0.080
16:50:01	0.081	0.081	0.081	0.080	0.084	0.081	0.081	0.080	0.080	0.081	0.080	0.080	0.081	0.103	1.230	1.276	1.098	0.134	1.329	1.460	0.122	1.112	0.343	0.080	0.083	0.101	1.271	1.214	1.067	0.119	1.306	1.292	0.118	0.427	0.253	0.082	0.083	0.102	1.229	1.228	1.334	0.113	1.097	1.222	0.117	1.189	0.207	0.080	0.081	0.101	1.264	1.276	1.263	0.120	1.305	1.104	0.117	1.087	0.272	0.081	0.082	0.102	1.232	1.195	1.071	0.124	1.064	1.346	0.119	0.866	0.263	0.081	0.080	0.102	1.336	1.177	1.277	0.127	1.399	1.183	0.114	0.891	0.150	0.081	0.080	0.080	0.080	0.079	0.080	0.080	0.080	0.081	0.081	0.080	0.079	0.080
17:00:01	0.081	0.081	0.081	0.080	0.084	0.081	0.081	0.081	0.080	0.081	0.080	0.080	0.081	0.103	1.231	1.281	1.146	0.134	1.330	1.463	0.122	1.114	0.344	0.081	0.083	0.101	1.271	1.215	1.080	0.119	1.312	1.304	0.118	0.443	0.253	0.082	0.083	0.102	1.231	1.231	1.340	0.114	1.106	1.224	0.118	1.200	0.207	0.080	0.081	0.100	1.267	1.279	1.268	0.120	1.308	1.110	0.117	1.087	0.273	0.081	0.082	0.102	1.234	1.198	1.071	0.124	1.087	1.357	0.119	0.874	0.263	0.081	0.080	0.101	1.336	1.182	1.285	0.128	1.403	1.188	0.114	0.900	0.150	0.081	0.080	0.080	0.080	0.079	0.080	0.080	0.080	0.081	0.081	0.080	0.079	0.080
17:10:01	0.081	0.081	0.081	0.080	0.084	0.081	0.081	0.081	0.080	0.081	0.080	0.080	0.081	0.104	1.232	1.303	1.147	0.135	1.337	1.466	0.122	1.122	0.353	0.080	0.082	0.101	1.266	1.217	1.089	0.120	1.311	1.322	0.118	0.473	0.252	0.082	0.083	0.102	1.233	1.235	1.343	0.114	1.104	1.223	0.118	1.208	0.209	0.080	0.081	0.100	1.272	1.282	1.270	0.120	1.304	1.116	0.117	1.086	0.272	0.081	0.081	0.102	1.234	1.199	1.082	0.124	1.089	1.364	0.119	0.881	0.265	0.081	0.080	0.101	1.325	1.187	1.290	0.128	1.406	1.190	0.114	0.911	0.151	0.081	0.080	0.079	0.080	0.079	0.080	0.080	0.080	0.081	0.081	0.080	0.079	0.080
17:20:01	0.081	0.081	0.081	0.080	0.084	0.081	0.081	0.081	0.079	0.081	0.080	0.080	0.081	0.103	1.232	1.321	1.146	0.134	1.345	1.472	0.123	1.126	0.356	0.080	0.082	0.101	1.260	1.218	1.092	0.120	1.309	1.362	0.119	0.491	0.253	0.082	0.083	0.102	1.236	1.238	1.348	0.114	1.111	1.229	0.118	1.217	0.210	0.080	0.081	0.100	1.277	1.285	1.281	0.121	1.306	1.122	0.117	1.087	0.273	0.081	0.081	0.102	1.237	1.204	1.086	0.125	1.073	1.363	0.119	0.895	0.265	0.081	0.080	0.101	1.319	1.193	1.298	0.129	1.410	1.193	0.114	0.928	0.152	0.081	0.080	0.080	0.080	0.079	0.080	0.080	0.080	0.081	0.081	0.080	0.079	0.080
17:30:01	0.081	0.081	0.081	0.080	0.084	0.081	0.080	0.080	0.079	0.081	0.080	0.080	0.081	0.103	1.233	1.327	1.143	0.135	1.347	1.475	0.123	1.129	0.356	0.080	0.082	0.101	1.262	1.219	1.103	0.120	1.313	1.386	0.119	0.504	0.253	0.082	0.083	0.102	1.236	1.240	1.351	0.114	1.120	1.230	0.118	1.227	0.211	0.079	0.081	0.100	1.278	1.287	1.284	0.121	1.308	1.122	0.117	1.087	0.272	0.080	0.081	0.102	1.237	1.208	1.090	0.125	1.077	1.361	0.119	0.904	0.265	0.081	0.080	0.101	1.316	1.198	1.301	0.129	1.413	1.198	0.114	0.933	0.153	0.081	0.080	0.079	0.080	0.079	0.080	0.080	0.080	0.081	0.081	0.080	0.079	0.080
17:40:01	0.081	0.080	0.081	0.080	0.084	0.081	0.080	0.080	0.079	0.081	0.080	0.080	0.081	0.104	1.234	1.315	1.146	0.135	1.343	1.481	0.123	1.127	0.350	0.080	0.082	0.101	1.271	1.221	1.119	0.120	1.318	1.207	0.119	0.512	0.254	0.082	0.083	0.102	1.239	1.242	1.357	0.114	1.125	1.229	0.118	1.241	0.211	0.079	0.081	0.100	1.277	1.289	1.289	0.121	1.315	1.125	0.117	1.090	0.274	0.080	0.081	0.102	1.238	1.214	1.105	0.125	1.076	1.355	0.119	0.909	0.264	0.080	0.080	0.101	1.324	1.202	1.302	0.130	1.417	1.201	0.114	0.929	0.155	0.081	0.080	0.079	0.080	0.079	0.080	0.080	0.080	0.081	0.081	0.080	0.079	0.079
17:50:01	0.081	0.081	0.081	0.080	0.084	0.081	0.081	0.080	0.080	0.081	0.080	0.080	0.081	0.104	1.235	1.316	1.143	0.136	1.339	1.486	0.124	1.129	0.349	0.080	0.083	0.101	1.276	1.222	1.128	0.121	1.314	1.036	0.119	0.529	0.254	0.082	0.083	0.102	1.240	1.244	1.361	0.114	1.121	1.229	0.119	1.250	0.211	0.080	0.081	0.100	1.277	1.290	1.294	0.121	1.319	1.129	0.118	1.091	0.274	0.080	0.082	0.102	1.238	1.216	1.108	0.126	1.073	1.349	0.120	0.911	0.265	0.081	0.080	0.102	1.326	1.206	1.304	0.130	1.419	1.201	0.115	0.929	0.157	0.081	0.080	0.080	0.080	0.079	0.081	0.080	0.080	0.081	0.081	0.080	0.079	0.079
18:00:01	0.081	0.081	0.081	0.080	0.084	0.081	0.081	0.081	0.080	0.081	0.080	0.080	0.081	0.104	1.235	1.342	1.137	0.136	1.351	1.490	0.124	1.136	0.356	0.081	0.083	0.101	1.266	1.223	1.140	0.121	1.315	0.960	0.119	0.560	0.255	0.082	0.083	0.102	1.241	1.246	1.363	0.114	1.119	1.232	0.119	1.254	0.211	0.080	0.081	0.100	1.280	1.291	1.295	0.121	1.317	1.135	0.118	1.087	0.273	0.081	0.081	0.102	1.240	1.217	1.119	0.126	1.071	1.358	0.120	0.918	0.266	0.081	0.080	0.101	1.312	1.209	1.307	0.131	1.421	1.206	0.115	0.942	0.156	0.081	0.080	0.080	0.080	0.079	0.080	0.080	0.080	0.081	0.081	0.080	0.079	0.079
18:10:01	0.081	0.081	0.081	0.080	0.084	0.081	0.081	0.081	0.080	0.081	0.080	0.080	0.081	0.104	1.235	1.331	1.149	0.136	1.347	1.495	0.124	1.131	0.349	0.081	0.083	0.101	1.280	1.224	1.148	0.121	1.321	0.937	0.120	0.573	0.256	0.082	0.083	0.102	1.243	1.248	1.369	0.114	1.129	1.228	0.119	1.266	0.209	0.080	0.081	0.100	1.279	1.293	1.297	0.121	1.327	1.139	0.118	1.089	0.274	0.081	0.081	0.102	1.240	1.222	1.130	0.126	1.067	1.366	0.120	0.928	0.264	0.081	0.080	0.101	1.322	1.213	1.304	0.131	1.424	1.212	0.115	0.945	0.157	0.081	0.080	0.080	0.080	0.079	0.080	0.080	0.080	0.081	0.081	0.080	0.079	0.079
18:20:01	0.081	0.081	0.081	0.080	0.084	0.081	0.081	0.080	0.080	0.081	0.080	0.080	0.081	0.103	1.234	1.335	1.151	0.136	1.347	1.499	0.124	1.132	0.349	0.081	0.083	0.101	1.279	1.224	1.153	0.121	1.318	0.947	0.120	0.598	0.256	0.082	0.083	0.102	1.243	1.249	1.372	0.114	1.130	1.228	0.119	1.273	0.209	0.080	0.081	0.100	1.278	1.293	1.292	0.122	1.330	1.142	0.118	1.088	0.273	0.081	0.081	0.102	1.240	1.225	1.134	0.127	1.062	1.361	0.120	0.934	0.264	0.081	0.080	0.101	1.320	1.215	1.305	0.131	1.425	1.214	0.115	0.949	0.158	0.081	0.080	0.080	0.080	0.079	0.081	0.080	0.080	0.081	0.081	0.080	0.079	0.079
18:30:01	0.082	0.081	0.082	0.080	0.084	0.081	0.081	0.080	0.080	0.081	0.080	0.081	0.081	0.103	1.233	1.334	1.151	0.137	1.347	1.503	0.125	1.129	0.347	0.081	0.083	0.101	1.288	1.223	1.161	0.122	1.323	1.011	0.120	0.622	0.257	0.082	0.083	0.102	1.243	1.250	1.375	0.114	1.140	1.229	0.120	1.280	0.209	0.080	0.081	0.100	1.277	1.293	1.286	0.122	1.332	1.147	0.118	1.087	0.276	0.081	0.082	0.102	1.240	1.226	1.141	0.127	1.067	1.368	0.121	0.946	0.264	0.081	0.081	0.102	1.320	1.216	1.312	0.132	1.426	1.218	0.116	0.955	0.157	0.082	0.081	0.080	0.081	0.079	0.081	0.081	0.081	0.081	0.081	0.081	0.079	0.080
18:40:01	0.081	0.081	0.081	0.080	0.084	0.081	0.081	0.080	0.080	0.081	0.080	0.080	0.082	0.103	1.232	1.333	1.159	0.137	1.343	1.506	0.125	1.131	0.348	0.080	0.083	0.101	1.292	1.224	1.167	0.122	1.323	1.029	0.120	0.652	0.258	0.082	0.083	0.102	1.245	1.251	1.373	0.115	1.143	1.231	0.120	1.286	0.207	0.080	0.081	0.100	1.276	1.294	1.274	0.122	1.335	1.151	0.118	1.088	0.278	0.081	0.082	0.102	1.241	1.227	1.145	0.128	1.076	1.367	0.121	0.955	0.264	0.081	0.080	0.101	1.320	1.217	1.319	0.132	1.429	1.221	0.116	0.961	0.158	0.081	0.081	0.080	0.080	0.079	0.081	0.081	0.080	0.081	0.081	0.080	0.079	0.080
18:50:01	0.081	0.081	0.081	0.080	0.084	0.081	0.081	0.080	0.080	0.081	0.080	0.080	0.081	0.104	1.231	1.348	1.167	0.138	1.349	1.508	0.125	1.138	0.357	0.080	0.083	0.101	1.289	1.224	1.158	0.123	1.323	1.035	0.120	0.690	0.257	0.082	0.083	0.102	1.248	1.253	1.342	0.115	1.157	1.231	0.120	1.287	0.209	0.080	0.081	0.100	1.279	1.294	1.266	0.122	1.329	1.151	0.118	1.083	0.277	0.081	0.081	0.102	1.241	1.224	1.150	0.128	1.074	1.364	0.121	0.962	0.265	0.081	0.080	0.101	1.310	1.218	1.326	0.133	1.429	1.224	0.115	0.976	0.158	0.081	0.080	0.080	0.080	0.079	0.080	0.080	0.080	0.081	0.081	0.080	0.079	0.079
19:00:01	0.082	0.081	0.081	0.080	0.084	0.081	0.081	0.081	0.080	0.081	0.080	0.081	0.081	0.103	1.231	1.343	1.169	0.138	1.349	1.512	0.126	1.137	0.352	0.081	0.083	0.101	1.296	1.226	1.017	0.123	1.328	1.046	0.121	0.713	0.259	0.083	0.083	0.102	1.252	1.256	1.369	0.115	1.158	1.230	0.120	1.296	0.208	0.080	0.081	0.100	1.280	1.295	1.260	0.122	1.337	1.163	0.119	1.085	0.282	0.081	0.082	0.102	1.243	1.229	1.155	0.128	1.073	1.364	0.121	0.972	0.264	0.081	0.080	0.101	1.316	1.221	1.335	0.133	1.432	1.230	0.116	0.986	0.159	0.081	0.080	0.080	0.080	0.079	0.081	0.080	0.080	0.081	0.081	0.080	0.079	0.079
19:10:01	0.081	0.081	0.081	0.080	0.084	0.081	0.081	0.080	0.080	0.081	0.080	0.080	0.081	0.104	1.229	1.347	1.168	0.138	1.349	1.515	0.126	1.139	0.352	0.080	0.083	0.101	1.294	1.226	1.032	0.123	1.323	1.054	0.121	0.748	0.259	0.082	0.083	0.102	1.250	1.255	1.361	0.115	1.151	1.232	0.121	1.299	0.209	0.080	0.081	0.100	1.279	1.295	1.246	0.123	1.336	1.159	0.119	1.082	0.280	0.081	0.081	0.102	1.243	1.229	1.157	0.128	1.075	1.360	0.121	0.980	0.264	0.081	0.080	0.101	1.312	1.222	1.333	0.134	1.432	1.230	0.116	0.988	0.159	0.079	0.080	0.080	0.080	0.079	0.080	0.080	0.080	0.081	0.081	0.080	0.079	0.079
19:20:01	0.081	0.081	0.081	0.080	0.084	0.081	0.081	0.080	0.080	0.081	0.080	0.080	0.081	0.103	1.228	1.355	1.163	0.139	1.352	1.518	0.126	1.142	0.352	0.080	0.083	0.101	1.292	1.227	1.008	0.124	1.327	1.060	0.121	0.779	0.260	0.082	0.083	0.102	1.250	1.256	1.354	0.115	1.158	1.235	0.121	1.302	0.211	0.080	0.081	0.100	1.279	1.295	1.180	0.123	1.337	1.158	0.119	1.080	0.281	0.081	0.081	0.102	1.244	1.230	1.159	0.129	1.069	1.368	0.122	0.992	0.264	0.081	0.080	0.101	1.308	1.223	1.332	0.134	1.432	1.236	0.116	0.995	0.160	0.079	0.080	0.080	0.080	0.079	0.080	0.080	0.080	0.081	0.081	0.080	0.079	0.079
19:30:01	0.081	0.081	0.081	0.080	0.084	0.081	0.081	0.080	0.080	0.081	0.080	0.080	0.081	0.103	1.226	1.369	1.155	0.139	1.356	1.522	0.126	1.148	0.358	0.080	0.083	0.101	1.283	1.225	1.052	0.124	1.327	1.064	0.121	0.814	0.259	0.082	0.083	0.102	1.248	1.255	1.300	0.115	1.160	1.239	0.121	1.301	0.212	0.080	0.081	0.100	1.279	1.294	1.181	0.123	1.329	1.153	0.119	1.076	0.278	0.081	0.081	0.102	1.243	1.228	1.171	0.129	1.075	1.370	0.122	1.002	0.266	0.081	0.080	0.101	1.296	1.222	1.335	0.135	1.432	1.236	0.116	1.004	0.160	0.079	0.080	0.080	0.080	0.079	0.081	0.081	0.081	0.081	0.081	0.080	0.079	0.079
19:40:01	0.081	0.081	0.081	0.080	0.084	0.081	0.081	0.080	0.080	0.081	0.080	0.080	0.082	0.103	1.226	1.353	1.156	0.139	1.349	1.526	0.127	1.147	0.351	0.080	0.083	0.101	1.294	1.227	1.074	0.125	1.331	1.077	0.122	0.830	0.260	0.082	0.083	0.102	1.251	1.257	1.267	0.115	1.163	1.236	0.121	1.308	0.211	0.080	0.081	0.100	1.277	1.295	1.179	0.123	1.338	1.160	0.119	1.076	0.281	0.081	0.082	0.102	1.244	1.232	1.177	0.130	1.072	1.365	0.122	1.012	0.264	0.081	0.080	0.101	1.307	1.225	1.344	0.135	1.433	1.240	0.116	1.010	0.161	0.079	0.081	0.080	0.080	0.079	0.081	0.081	0.081	0.081	0.081	0.080	0.079	0.080
19:50:01	0.081	0.081	0.081	0.080	0.084	0.081	0.081	0.080	0.080	0.081	0.080	0.081	0.081	0.103	1.224	1.371	1.158	0.139	1.360	1.528	0.127	1.148	0.356	0.080	0.082	0.101	1.285	1.226	1.079	0.125	1.331	1.079	0.122	0.862	0.259	0.082	0.083	0.102	1.250	1.257	1.266	0.115	1.167	1.240	0.122	1.307	0.211	0.080	0.081	0.100	1.278	1.294	1.174	0.123	1.331	1.161	0.119	1.071	0.278	0.081	0.081	0.101	1.245	1.230	1.182	0.130	1.079	1.371	0.122	1.016	0.265	0.081	0.080	0.101	1.293	1.224	1.347	0.135	1.433	1.242	0.116	1.022	0.161	0.079	0.080	0.080	0.080	0.079	0.081	0.081	0.081	0.081	0.081	0.080	0.079	0.079
20:00:01	0.081	0.081	0.081	0.080	0.084	0.081	0.081	0.080	0.080	0.081	0.080	0.080	0.081	0.103	1.224	1.372	1.159	0.139	1.363	1.531	0.127	1.150	0.355	0.080	0.083	0.101	1.286	1.226	1.085	0.125	1.328	1.083	0.122	0.885	0.259	0.082	0.083	0.102	1.251	1.259	1.262	0.115	1.168	1.238	0.122	1.310	0.211	0.080	0.081	0.100	1.278	1.295	1.166	0.123	1.331	1.166	0.119	1.068	0.277	0.081	0.081	0.101	1.246	1.232	1.191	0.130	1.087	1.365	0.122	1.027	0.264	0.081	0.080	0.101	1.290	1.226	1.348	0.136	1.433	1.242	0.116	1.031	0.161	0.079	0.080	0.080	0.080	0.079	0.081	0.080	0.080	0.081	0.081	0.080	0.079	0.079
20:10:01	0.082	0.081	0.081	0.080	0.084	0.081	0.081	0.081	0.080	0.081	0.080	0.081	0.082	0.103	1.225	1.361	1.160	0.140	1.356	1.535	0.128	1.150	0.348	0.081	0.083	0.101	1.296	1.228	1.092	0.126	1.333	1.097	0.122	0.897	0.260	0.083	0.083	0.102	1.252	1.261	1.258	0.115	1.176	1.237	0.122	1.316	0.210	0.080	0.081	0.100	1.277	1.296	1.165	0.124	1.340	1.172	0.120	1.070	0.279	0.081	0.082	0.102	1.246	1.237	1.195	0.131	1.078	1.365	0.123	1.038	0.263	0.081	0.081	0.101	1.301	1.228	1.352	0.136	1.435	1.246	0.117	1.036	0.162	0.080	0.081	0.080	0.081	0.079	0.081	0.081	0.081	0.081	0.081	0.081	0.079	0.080
20:20:01	0.082	0.081	0.081	0.080	0.084	0.081	0.081	0.080	0.080	0.081	0.080	0.081	0.081	0.103	1.222	1.373	1.165	0.140	1.359	1.537	0.128	1.147	0.355	0.081	0.083	0.101	1.290	1.227	1.094	0.126	1.330	1.097	0.122	0.926	0.260	0.082	0.083	0.101	1.252	1.261	1.253	0.116	1.176	1.243	0.123	1.314	0.211	0.080	0.082	0.100	1.276	1.296	1.161	0.124	1.332	1.170	0.120	1.066	0.281	0.081	0.082	0.102	1.246	1.234	1.199	0.131	1.074	1.362	0.123	1.045	0.265	0.081	0.081	0.101	1.292	1.227	1.360	0.137	1.434	1.244	0.117	1.040	0.163	0.080	0.081	0.080	0.081	0.079	0.081	0.081	0.081	0.081	0.081	0.081	0.079	0.080
20:30:01	0.081	0.081	0.081	0.080	0.084	0.081	0.080	0.080	0.080	0.081	0.080	0.081	0.081	0.103	1.221	1.373	1.168	0.140	1.357	1.540	0.128	1.152	0.354	0.080	0.083	0.101	1.292	1.228	1.101	0.127	1.332	1.100	0.123	0.957	0.262	0.082	0.083	0.101	1.254	1.262	1.250	0.116	1.185	1.244	0.123	1.316	0.211	0.080	0.081	0.100	1.276	1.296	1.161	0.124	1.332	1.173	0.120	1.064	0.281	0.081	0.082	0.102	1.247	1.235	1.202	0.131	1.081	1.354	0.123	1.051	0.264	0.080	0.080	0.101	1.294	1.228	1.369	0.137	1.435	1.243	0.117	1.046	0.163	0.079	0.081	0.080	0.081	0.079	0.081	0.081	0.081	0.081	0.081	0.080	0.079	0.080
20:40:01	0.081	0.080	0.081	0.080	0.084	0.081	0.080	0.080	0.080	0.081	0.080	0.080	0.081	0.103	1.221	1.373	1.170	0.141	1.357	1.544	0.129	1.155	0.354	0.080	0.083	0.101	1.293	1.229	1.105	0.127	1.334	1.103	0.123	1.022	0.263	0.082	0.083	0.101	1.255	1.264	1.248	0.116	1.187	1.246	0.123	1.317	0.211	0.079	0.081	0.100	1.276	1.297	1.163	0.124	1.330	1.176	0.120	1.062	0.282	0.081	0.082	0.102	1.248	1.236	1.205	0.132	1.088	1.357	0.123	1.057	0.265	0.080	0.080	0.101	1.292	1.229	1.369	0.138	1.435	1.245	0.117	1.052	0.163	0.079	0.081	0.080	0.080	0.079	0.081	0.081	0.081	0.081	0.081	0.080	0.079	0.080
20:50:01	0.082	0.080	0.081	0.080	0.084	0.081	0.080	0.081	0.080	0.081	0.080	0.081	0.082	0.104	1.222	1.358	1.179	0.142	1.348	1.546	0.129	1.161	0.349	0.080	0.083	0.101	1.308	1.230	1.119	0.128	1.335	1.110	0.123	0.586	0.263	0.082	0.083	0.102	1.259	1.268	1.245	0.116	1.185	1.240	0.123	1.321	0.211	0.079	0.081	0.100	1.275	1.299	1.165	0.124	1.334	1.188	0.120	1.063	0.285	0.081	0.082	0.102	1.248	1.238	1.210	0.132	1.089	1.363	0.123	1.066	0.263	0.080	0.080	0.101	1.303	1.231	1.378	0.138	1.436	1.246	0.117	1.055	0.164	0.079	0.080	0.080	0.080	0.079	0.081	0.081	0.081	0.081	0.081	0.080	0.079	0.080
21:00:01	0.082	0.080	0.081	0.080	0.084	0.081	0.080	0.080	0.080	0.081	0.080	0.081	0.082	0.103	1.220	1.383	1.175	0.142	1.363	1.549	0.129	1.164	0.360	0.080	0.083	0.101	1.296	1.230	1.117	0.128	1.335	1.105	0.123	0.612	0.265	0.082	0.083	0.102	1.259	1.267	1.248	0.116	1.190	1.249	0.123	1.317	0.213	0.079	0.081	0.100	1.278	1.299	1.165	0.125	1.322	1.185	0.120	1.057	0.285	0.081	0.082	0.101	1.251	1.237	1.217	0.132	1.087	1.367	0.124	1.073	0.265	0.080	0.080	0.101	1.288	1.230	1.379	0.139	1.435	1.247	0.117	1.067	0.164	0.079	0.080	0.080	0.080	0.079	0.081	0.081	0.081	0.081	0.081	0.080	0.079	0.080
21:10:01	0.082	0.080	0.081	0.080	0.084	0.081	0.080	0.080	0.080	0.081	0.080	0.081	0.082	0.103	1.221	1.369	1.191	0.142	1.355	1.551	0.129	1.167	0.354	0.081	0.083	0.101	1.305	1.232	1.122	0.128	1.334	1.114	0.124	0.616	0.266	0.081	0.083	0.102	1.259	1.270	1.245	0.116	1.189	1.247	0.124	1.321	0.213	0.079	0.081	0.100	1.277	1.301	1.165	0.125	1.326	1.187	0.120	1.058	0.286	0.080	0.082	0.101	1.251	1.240	1.219	0.132	1.086	1.359	0.123	1.079	0.264	0.080	0.080	0.101	1.295	1.232	1.378	0.139	1.436	1.243	0.117	1.067	0.165	0.079	0.080	0.080	0.080	0.079	0.081	0.080	0.080	0.081	0.081	0.080	0.079	0.080
21:20:01	0.081	0.080	0.081	0.080	0.084	0.081	0.080	0.080	0.080	0.081	0.080	0.079	0.082	0.103	1.220	1.375	1.204	0.143	1.352	1.551	0.129	1.175	0.359	0.080	0.083	0.101	1.306	1.233	1.125	0.129	1.338	1.113	0.124	0.634	0.267	0.081	0.083	0.102	1.263	1.273	1.246	0.116	1.197	1.250	0.124	1.321	0.216	0.079	0.081	0.100	1.278	1.303	1.164	0.125	1.319	1.194	0.120	1.056	0.290	0.080	0.082	0.102	1.252	1.241	1.224	0.132	1.091	1.365	0.124	1.090	0.264	0.080	0.080	0.101	1.297	1.232	1.384	0.140	1.437	1.247	0.118	1.077	0.165	0.079	0.081	0.080	0.080	0.079	0.081	0.081	0.081	0.081	0.081	0.080	0.079	0.080
21:30:01	0.082	0.080	0.081	0.080	0.084	0.081	0.080	0.080	0.080	0.081	0.080	0.080	0.082	0.103	1.221	1.373	1.200	0.143	1.356	1.557	0.130	1.179	0.354	0.080	0.083	0.101	1.301	1.234	1.130	0.129	1.341	1.125	0.124	0.640	0.265	0.081	0.083	0.102	1.260	1.273	1.246	0.117	1.197	1.253	0.124	1.321	0.215	0.080	0.082	0.100	1.277	1.303	1.173	0.125	1.323	1.185	0.121	1.054	0.286	0.080	0.082	0.102	1.252	1.244	1.224	0.133	1.100	1.360	0.124	1.096	0.266	0.080	0.081	0.101	1.294	1.235	1.379	0.140	1.437	1.249	0.118	1.079	0.166	0.080	0.081	0.080	0.081	0.079	0.081	0.081	0.081	0.081	0.081	0.081	0.079	0.080
21:40:01	0.082	0.080	0.081	0.080	0.083	0.081	0.080	0.081	0.080	0.081	0.080	0.080	0.082	0.103	1.221	1.374	1.203	0.143	1.356	1.559	0.130	1.183	0.354	0.081	0.084	0.101	1.299	1.235	1.139	0.130	1.342	1.127	0.124	0.652	0.266	0.081	0.083	0.102	1.262	1.276	1.246	0.117	1.196	1.255	0.125	1.321	0.215	0.080	0.081	0.100	1.277	1.304	1.175	0.125	1.322	1.190	0.121	1.052	0.288	0.080	0.081	0.101	1.253	1.244	1.228	0.133	1.093	1.365	0.124	1.106	0.265	0.080	0.081	0.101	1.294	1.236	1.379	0.141	1.437	1.251	0.118	1.089	0.167	0.079	0.081	0.080	0.081	0.079	0.081	0.081	0.081	0.081	0.081	0.081	0.079	0.079
21:50:01	0.082	0.081	0.081	0.080	0.083	0.081	0.080	0.081	0.080	0.081	0.080	0.080	0.082	0.103	1.222	1.381	1.205	0.144	1.360	1.563	0.131	1.183	0.353	0.081	0.083	0.101	1.302	1.237	1.145	0.130	1.345	1.132	0.125	0.666	0.267	0.081	0.083	0.102	1.264	1.278	1.250	0.117	1.202	1.255	0.125	1.321	0.213	0.080	0.082	0.100	1.278	1.306	1.179	0.125	1.322	1.196	0.121	1.051	0.287	0.081	0.081	0.101	1.255	1.246	1.234	0.134	1.094	1.369	0.124	1.115	0.265	0.080	0.081	0.101	1.295	1.238	1.381	0.141	1.438	1.256	0.118	1.101	0.167	0.080	0.081	0.080	0.081	0.079	0.081	0.081	0.081	0.081	0.081	0.081	0.079	0.079
22:00:01	0.082	0.080	0.081	0.080	0.083	0.081	0.080	0.080	0.080	0.081	0.080	0.080	0.082	0.103	1.223	1.385	1.205	0.144	1.360	1.565	0.131	1.188	0.352	0.081	0.083	0.101	1.297	1.238	1.149	0.130	1.342	1.134	0.125	0.667	0.266	0.081	0.083	0.102	1.264	1.280	1.253	0.117	1.202	1.255	0.125	1.321	0.214	0.080	0.081	0.100	1.278	1.308	1.181	0.126	1.320	1.199	0.121	1.049	0.286	0.081	0.081	0.101	1.256	1.249	1.238	0.134	1.095	1.363	0.124	1.121	0.265	0.080	0.080	0.101	1.296	1.240	1.380	0.142	1.438	1.254	0.118	1.104	0.168	0.080	0.081	0.080	0.080	0.079	0.081	0.081	0.081	0.081	0.081	0.080	0.079	0.079
22:10:01	0.082	0.081	0.081	0.080	0.083	0.081	0.081	0.080	0.080	0.081	0.080	0.080	0.082	0.103	1.225	1.389	1.208	0.144	1.359	1.568	0.132	1.189	0.351	0.081	0.083	0.101	1.291	1.240	1.153	0.131	1.346	1.136	0.126	0.681	0.267	0.081	0.083	0.101	1.264	1.282	1.254	0.117	1.211	1.257	0.126	1.322	0.213	0.080	0.082	0.100	1.278	1.309	1.183	0.126	1.321	1.202	0.121	1.048	0.287	0.081	0.081	0.102	1.257	1.252	1.241	0.134	1.100	1.368	0.125	1.129	0.265	0.081	0.081	0.101	1.297	1.241	1.383	0.142	1.439	1.260	0.118	1.115	0.169	0.080	0.081	0.080	0.081	0.079	0.081	0.081	0.081	0.082	0.081	0.081	0.079	0.080
22:20:01	0.082	0.081	0.081	0.080	0.083	0.081	0.080	0.080	0.080	0.081	0.080	0.080	0.081	0.103	1.222	1.399	1.206	0.144	1.362	1.570	0.132	1.189	0.357	0.081	0.083	0.101	1.275	1.240	1.156	0.132	1.346	1.137	0.126	0.698	0.267	0.081	0.083	0.101	1.264	1.282	1.254	0.117	1.216	1.265	0.126	1.319	0.214	0.080	0.082	0.100	1.278	1.309	1.184	0.126	1.317	1.200	0.121	1.044	0.288	0.081	0.081	0.102	1.258	1.250	1.245	0.134	1.111	1.372	0.125	1.138	0.267	0.080	0.081	0.101	1.288	1.240	1.379	0.143	1.438	1.264	0.119	1.122	0.169	0.080	0.081	0.080	0.081	0.079	0.081	0.081	0.081	0.082	0.081	0.081	0.079	0.080
22:30:01	0.082	0.081	0.081	0.080	0.083	0.081	0.080	0.080	0.080	0.081	0.080	0.080	0.082	0.103	1.224	1.395	1.229	0.145	1.354	1.571	0.132	1.193	0.350	0.081	0.083	0.101	1.299	1.242	1.163	0.133	1.347	1.144	0.126	0.693	0.270	0.081	0.083	0.102	1.266	1.286	1.256	0.117	1.214	1.264	0.126	1.322	0.212	0.080	0.082	0.100	1.278	1.312	1.186	0.126	1.319	1.212	0.121	1.046	0.292	0.081	0.081	0.102	1.260	1.254	1.248	0.135	1.106	1.369	0.126	1.145	0.265	0.080	0.081	0.101	1.299	1.243	1.379	0.143	1.439	1.264	0.119	1.125	0.170	0.080	0.081	0.080	0.081	0.079	0.081	0.081	0.081	0.081	0.081	0.081	0.079	0.080
22:40:01	0.082	0.081	0.081	0.080	0.083	0.081	0.080	0.080	0.080	0.081	0.080	0.080	0.082	0.103	1.225	1.351	1.232	0.145	1.350	1.571	0.132	1.203	0.351	0.081	0.084	0.101	1.303	1.244	1.169	0.133	1.349	1.147	0.127	0.700	0.270	0.081	0.083	0.102	1.268	1.288	1.256	0.117	1.219	1.263	0.126	1.321	0.213	0.080	0.081	0.100	1.278	1.314	1.189	0.126	1.316	1.212	0.121	1.045	0.294	0.081	0.082	0.102	1.260	1.254	1.252	0.135	1.102	1.368	0.126	1.156	0.265	0.080	0.081	0.101	1.302	1.244	1.380	0.144	1.439	1.265	0.119	1.131	0.171	0.080	0.081	0.080	0.081	0.079	0.081	0.081	0.081	0.081	0.081	0.081	0.079	0.080
22:50:01	0.082	0.081	0.082	0.080	0.084	0.081	0.081	0.080	0.080	0.082	0.080	0.080	0.082	0.103	1.226	0.992	1.314	0.145	1.363	1.573	0.133	1.203	0.361	0.081	0.083	0.101	1.294	1.244	1.171	0.134	1.350	1.141	0.127	0.723	0.270	0.081	0.084	0.102	1.268	1.289	1.259	0.117	1.222	1.268	0.127	1.317	0.214	0.080	0.082	0.100	1.281	1.314	1.192	0.126	1.311	1.215	0.122	1.040	0.292	0.081	0.081	0.101	1.263	1.252	1.258	0.135	1.113	1.377	0.126	1.160	0.268	0.080	0.081	0.101	1.288	1.243	1.381	0.144	1.438	1.266	0.119	1.138	0.171	0.080	0.081	0.080	0.081	0.079	0.081	0.081	0.081	0.081	0.081	0.081	0.079	0.080
23:00:01	0.082	0.081	0.081	0.080	0.084	0.081	0.080	0.080	0.080	0.081	0.080	0.080	0.082	0.103	1.224	0.992	1.311	0.146	1.359	1.569	0.133	1.207	0.366	0.081	0.083	0.101	1.294	1.244	1.176	0.135	1.350	1.139	0.127	0.730	0.272	0.081	0.084	0.102	1.270	1.291	1.260	0.117	1.225	1.272	0.127	1.316	0.216	0.080	0.082	0.100	1.282	1.316	1.191	0.126	1.310	1.223	0.122	1.038	0.296	0.081	0.081	0.101	1.264	1.252	1.262	0.135	1.108	1.380	0.126	1.168	0.268	0.080	0.081	0.101	1.289	1.242	1.384	0.145	1.439	1.266	0.119	1.144	0.172	0.080	0.081	0.080	0.081	0.079	0.081	0.081	0.081	0.082	0.081	0.081	0.079	0.079
23:10:01	0.082	0.080	0.081	0.080	0.083	0.081	0.080	0.080	0.080	0.081	0.080	0.080	0.081	0.103	1.226	0.978	1.304	0.146	1.365	1.577	0.133	1.215	0.362	0.081	0.082	0.101	1.285	1.247	1.181	0.135	1.353	1.148	0.128	0.741	0.271	0.081	0.083	0.102	1.270	1.293	1.264	0.117	1.228	1.276	0.127	1.316	0.217	0.080	0.081	0.100	1.284	1.317	1.200	0.127	1.320	1.209	0.122	1.037	0.293	0.080	0.081	0.101	1.267	1.256	1.264	0.135	1.118	1.377	0.126	1.172	0.269	0.080	0.080	0.101	1.284	1.245	1.381	0.145	1.440	1.268	0.119	1.148	0.172	0.079	0.081	0.080	0.080	0.079	0.080	0.081	0.080	0.081	0.081	0.081	0.079	0.079
23:20:01	0.082	0.080	0.081	0.080	0.083	0.081	0.080	0.080	0.080	0.081	0.080	0.080	0.081	0.103	1.228	0.974	1.297	0.147	1.359	1.578	0.134	1.220	0.355	0.081	0.083	0.101	1.291	1.250	1.188	0.136	1.353	1.156	0.128	0.744	0.271	0.081	0.083	0.102	1.271	1.296	1.265	0.117	1.229	1.276	0.127	1.319	0.217	0.079	0.081	0.100	1.282	1.319	1.201	0.127	1.325	1.212	0.122	1.039	0.294	0.081	0.081	0.101	1.267	1.260	1.265	0.135	1.121	1.376	0.126	1.178	0.269	0.080	0.080	0.101	1.294	1.249	1.381	0.146	1.441	1.271	0.119	1.151	0.174	0.080	0.079	0.080	0.081	0.079	0.080	0.081	0.081	0.081	0.081	0.081	0.079	0.080
23:30:01	0.082	0.081	0.081	0.080	0.083	0.081	0.080	0.080	0.080	0.081	0.080	0.080	0.082	0.103	1.230	0.972	1.290	0.147	1.357	1.579	0.134	1.226	0.355	0.081	0.083	0.101	1.291	1.251	1.200	0.137	1.353	1.161	0.129	0.749	0.272	0.081	0.083	0.102	1.273	1.299	1.266	0.118	1.233	1.278	0.128	1.320	0.217	0.080	0.082	0.100	1.283	1.321	1.204	0.127	1.331	1.218	0.122	1.038	0.295	0.081	0.081	0.101	1.268	1.262	1.268	0.136	1.117	1.376	0.127	1.189	0.268	0.080	0.081	0.101	1.297	1.250	1.383	0.147	1.442	1.273	0.119	1.155	0.175	0.080	0.080	0.080	0.081	0.079	0.080	0.081	0.081	0.081	0.081	0.081	0.079	0.080
23:40:01	0.082	0.081	0.081	0.080	0.083	0.081	0.080	0.080	0.080	0.081	0.080	0.080	0.082	0.103	1.231	0.968	1.281	0.148	1.360	1.581	0.134	1.225	0.353	0.081	0.083	0.101	1.296	1.253	1.207	0.138	1.355	1.166	0.129	0.761	0.272	0.081	0.083	0.102	1.274	1.301	1.269	0.118	1.237	1.278	0.128	1.319	0.216	0.080	0.082	0.100	1.283	1.322	1.207	0.128	1.340	1.222	0.122	1.036	0.295	0.081	0.081	0.101	1.270	1.263	1.269	0.135	1.126	1.375	0.127	1.195	0.269	0.080	0.081	0.101	1.296	1.252	1.382	0.147	1.442	1.275	0.120	1.161	0.175	0.080	0.079	0.080	0.081	0.079	0.080	0.081	0.081	0.082	0.081	0.081	0.079	0.080
23:50:01	0.082	0.081	0.081	0.080	0.083	0.081	0.080	0.080	0.080	0.081	0.080	0.080	0.082	0.103	1.232	0.969	1.315	0.148	1.363	1.583	0.135	1.231	0.354	0.081	0.083	0.101	1.303	1.254	1.213	0.139	1.353	1.169	0.130	0.766	0.273	0.081	0.083	0.102	1.274	1.304	1.274	0.118	1.237	1.279	0.128	1.319	0.216	0.080	0.082	0.100	1.284	1.323	1.210	0.128	1.351	1.226	0.122	1.034	0.294	0.081	0.081	0.101	1.271	1.264	1.272	0.136	1.125	1.371	0.127	1.202	0.269	0.080	0.081	0.101	1.297	1.254	1.383	0.148	1.442	1.272	0.120	1.167	0.176	0.080	0.080	0.080	0.081	0.079	0.080	0.081	0.081	0.081	0.081	0.081	0.079	0.080
24:00:01	0.082	0.081	0.082	0.080	0.083	0.081	0.080	0.080	0.080	0.081	0.080	0.080	0.082	0.103	1.235	0.972	1.309	0.148	1.362	1.584	0.135	1.232	0.353	0.081	0.083	0.100	1.303	1.256	1.218	0.140	1.356	1.174	0.130	0.773	0.273	0.081	0.083	0.102	1.276	1.307	1.276	0.118	1.246	1.282	0.129	1.319	0.215	0.080	0.082	0.100	1.285	1.325	1.215	0.128	1.363	1.228	0.122	1.033	0.294	0.081	0.081	0.101	1.273	1.267	1.275	0.136	1.124	1.375	0.127	1.205	0.268	0.080	0.081	0.101	1.298	1.255	1.384	0.149	1.444	1.276	0.120	1.171	0.178	0.080	0.079	0.080	0.081	0.079	0.080	0.081	0.081	0.082	0.081	0.081	0.079	0.080

