Field Group

Plate Comment:	
Procedure Summary
  Plate Type:              Corning 96 well for LogPhase600
  Plate Number:            4
  Discontinuous Kinetics:  Runtime 01:00:00 (D:HH:MM), Interval 00:10:00 (HH:MM:SS), 145 Reads (max)
  Read:                    600 nm
  Incubator:               On
    Temperature setpoint:  37 °C
    Temperature gradient:  On
  Shaking:                 Off		
			
			

600

Time	A1	A2	A3	A4	A5	A6	A7	A8	A9	A10	A11	A12	B1	B2	B3	B4	B5	B6	B7	B8	B9	B10	B11	B12	C1	C2	C3	C4	C5	C6	C7	C8	C9	C10	C11	C12	D1	D2	D3	D4	D5	D6	D7	D8	D9	D10	D11	D12	E1	E2	E3	E4	E5	E6	E7	E8	E9	E10	E11	E12	F1	F2	F3	F4	F5	F6	F7	F8	F9	F10	F11	F12	G1	G2	G3	G4	G5	G6	G7	G8	G9	G10	G11	G12	H1	H2	H3	H4	H5	H6	H7	H8	H9	H10	H11	H12
0:00:00	0.079	0.079	0.079	0.079	0.079	0.079	0.079	0.079	0.081	0.079	0.078	0.079	0.079	0.102	0.235	0.172	0.218	0.163	0.149	0.139	0.123	0.128	0.133	0.078	0.079	0.102	0.250	0.126	0.150	0.146	0.144	0.146	0.145	0.122	0.168	0.079	0.079	0.101	0.225	0.197	0.213	0.157	0.124	0.197	0.108	0.151	0.131	0.078	0.079	0.101	0.173	0.187	0.188	0.129	0.124	0.178	0.123	0.159	0.117	0.079	0.079	0.102	0.166	0.213	0.297	0.142	0.120	0.164	0.134	0.169	0.141	0.079	0.079	0.102	0.191	0.193	0.173	0.140	0.202	0.155	0.113	0.143	0.139	0.079	0.079	0.080	0.079	0.079	0.079	0.079	0.079	0.079	0.079	0.079	0.078	0.079
0:10:00	0.079	0.079	0.079	0.079	0.079	0.079	0.079	0.079	0.082	0.079	0.078	0.079	0.079	0.102	0.205	0.179	0.221	0.156	0.150	0.142	0.126	0.129	0.131	0.078	0.079	0.102	0.240	0.149	0.164	0.148	0.151	0.149	0.143	0.123	0.161	0.079	0.079	0.101	0.228	0.194	0.212	0.151	0.149	0.182	0.110	0.162	0.145	0.078	0.079	0.101	0.173	0.190	0.186	0.132	0.133	0.172	0.124	0.156	0.131	0.079	0.079	0.102	0.170	0.200	0.273	0.144	0.127	0.159	0.132	0.171	0.148	0.079	0.079	0.102	0.200	0.212	0.184	0.132	0.187	0.156	0.115	0.162	0.137	0.079	0.079	0.080	0.079	0.079	0.079	0.079	0.079	0.079	0.079	0.079	0.078	0.079
0:20:00	0.078	0.079	0.079	0.079	0.078	0.079	0.078	0.079	0.080	0.079	0.078	0.079	0.079	0.102	0.202	0.178	0.230	0.158	0.149	0.140	0.124	0.126	0.132	0.078	0.079	0.102	0.234	0.156	0.166	0.152	0.153	0.148	0.140	0.126	0.163	0.079	0.079	0.101	0.222	0.183	0.204	0.153	0.152	0.175	0.112	0.167	0.147	0.078	0.079	0.101	0.172	0.192	0.173	0.137	0.137	0.169	0.125	0.157	0.133	0.079	0.079	0.101	0.168	0.186	0.252	0.145	0.131	0.161	0.133	0.169	0.152	0.079	0.079	0.102	0.202	0.212	0.190	0.132	0.177	0.150	0.117	0.166	0.139	0.079	0.079	0.080	0.079	0.079	0.079	0.079	0.079	0.079	0.079	0.079	0.078	0.079
0:30:00	0.078	0.079	0.079	0.079	0.078	0.078	0.078	0.079	0.082	0.079	0.078	0.079	0.079	0.102	0.196	0.181	0.233	0.155	0.149	0.141	0.124	0.126	0.133	0.078	0.079	0.102	0.228	0.160	0.170	0.150	0.154	0.152	0.140	0.128	0.159	0.078	0.079	0.101	0.216	0.180	0.204	0.152	0.153	0.174	0.115	0.161	0.148	0.078	0.079	0.101	0.175	0.186	0.171	0.138	0.139	0.172	0.126	0.155	0.136	0.079	0.079	0.102	0.169	0.187	0.249	0.143	0.135	0.162	0.135	0.169	0.144	0.078	0.079	0.102	0.201	0.206	0.191	0.132	0.174	0.152	0.119	0.161	0.136	0.079	0.079	0.080	0.079	0.079	0.079	0.079	0.079	0.079	0.079	0.079	0.078	0.079
0:40:00	0.078	0.079	0.079	0.079	0.078	0.078	0.078	0.079	0.081	0.079	0.078	0.079	0.079	0.102	0.191	0.182	0.234	0.153	0.149	0.141	0.124	0.126	0.133	0.078	0.079	0.102	0.216	0.164	0.170	0.147	0.155	0.149	0.140	0.128	0.166	0.079	0.079	0.101	0.208	0.181	0.203	0.151	0.154	0.172	0.118	0.161	0.148	0.078	0.079	0.101	0.176	0.186	0.172	0.138	0.141	0.171	0.128	0.156	0.135	0.079	0.079	0.101	0.169	0.187	0.247	0.142	0.136	0.165	0.134	0.167	0.143	0.078	0.079	0.102	0.201	0.206	0.194	0.133	0.172	0.151	0.120	0.160	0.137	0.079	0.079	0.080	0.079	0.079	0.079	0.079	0.079	0.079	0.079	0.079	0.078	0.079
0:50:00	0.078	0.079	0.079	0.079	0.078	0.079	0.079	0.079	0.082	0.079	0.078	0.079	0.079	0.102	0.190	0.185	0.234	0.150	0.147	0.143	0.125	0.128	0.133	0.079	0.079	0.102	0.208	0.168	0.172	0.145	0.155	0.151	0.141	0.129	0.162	0.079	0.079	0.101	0.207	0.181	0.203	0.150	0.155	0.170	0.117	0.158	0.146	0.078	0.079	0.101	0.178	0.186	0.174	0.139	0.142	0.173	0.126	0.156	0.134	0.079	0.079	0.101	0.172	0.187	0.240	0.141	0.137	0.164	0.135	0.165	0.141	0.079	0.079	0.102	0.202	0.203	0.194	0.134	0.169	0.152	0.118	0.158	0.136	0.079	0.079	0.080	0.079	0.079	0.079	0.079	0.079	0.079	0.079	0.079	0.078	0.079
1:00:00	0.079	0.079	0.079	0.079	0.079	0.079	0.079	0.079	0.081	0.079	0.078	0.079	0.079	0.102	0.188	0.187	0.231	0.150	0.147	0.143	0.126	0.128	0.133	0.079	0.079	0.102	0.203	0.171	0.172	0.144	0.155	0.149	0.142	0.129	0.165	0.079	0.079	0.101	0.204	0.183	0.199	0.152	0.155	0.169	0.117	0.159	0.145	0.079	0.079	0.101	0.179	0.189	0.175	0.141	0.142	0.172	0.125	0.156	0.136	0.079	0.079	0.101	0.173	0.189	0.236	0.141	0.138	0.167	0.135	0.163	0.142	0.079	0.079	0.102	0.201	0.206	0.196	0.136	0.169	0.151	0.119	0.159	0.137	0.079	0.079	0.080	0.079	0.079	0.079	0.079	0.079	0.079	0.079	0.079	0.078	0.079
1:10:00	0.079	0.079	0.079	0.079	0.079	0.079	0.079	0.079	0.081	0.079	0.078	0.079	0.079	0.102	0.189	0.188	0.229	0.149	0.147	0.144	0.127	0.129	0.133	0.079	0.079	0.102	0.201	0.175	0.173	0.144	0.155	0.149	0.143	0.130	0.166	0.079	0.079	0.101	0.202	0.185	0.198	0.153	0.155	0.169	0.118	0.158	0.145	0.079	0.079	0.101	0.181	0.189	0.176	0.141	0.143	0.172	0.127	0.156	0.137	0.079	0.079	0.101	0.175	0.190	0.232	0.140	0.138	0.166	0.135	0.162	0.141	0.079	0.079	0.102	0.202	0.206	0.195	0.137	0.167	0.151	0.121	0.158	0.137	0.079	0.079	0.080	0.079	0.079	0.079	0.079	0.079	0.079	0.079	0.079	0.078	0.079
1:20:00	0.079	0.080	0.079	0.079	0.078	0.079	0.079	0.079	0.081	0.079	0.078	0.079	0.079	0.102	0.191	0.188	0.227	0.148	0.146	0.144	0.127	0.129	0.133	0.079	0.079	0.102	0.200	0.178	0.174	0.145	0.155	0.151	0.144	0.131	0.166	0.079	0.079	0.101	0.200	0.185	0.197	0.153	0.154	0.169	0.120	0.156	0.145	0.078	0.079	0.101	0.182	0.189	0.176	0.142	0.143	0.173	0.128	0.156	0.137	0.079	0.079	0.101	0.176	0.190	0.228	0.140	0.139	0.166	0.135	0.160	0.141	0.079	0.079	0.102	0.203	0.204	0.195	0.137	0.166	0.153	0.122	0.157	0.137	0.079	0.079	0.080	0.079	0.079	0.079	0.079	0.079	0.079	0.079	0.079	0.078	0.079
1:30:00	0.079	0.079	0.079	0.079	0.078	0.079	0.078	0.079	0.081	0.079	0.078	0.079	0.079	0.102	0.193	0.189	0.225	0.148	0.146	0.145	0.129	0.130	0.134	0.078	0.079	0.101	0.200	0.181	0.175	0.145	0.154	0.152	0.145	0.132	0.166	0.079	0.079	0.101	0.199	0.186	0.198	0.154	0.154	0.169	0.121	0.155	0.145	0.078	0.079	0.101	0.183	0.190	0.176	0.142	0.144	0.174	0.129	0.157	0.138	0.079	0.079	0.101	0.179	0.190	0.226	0.140	0.139	0.166	0.135	0.160	0.141	0.079	0.079	0.101	0.202	0.206	0.197	0.139	0.166	0.154	0.123	0.156	0.137	0.079	0.079	0.080	0.079	0.079	0.079	0.079	0.079	0.079	0.079	0.079	0.078	0.079
1:40:00	0.079	0.079	0.079	0.079	0.079	0.079	0.079	0.079	0.082	0.079	0.078	0.079	0.079	0.102	0.194	0.190	0.223	0.148	0.146	0.145	0.130	0.130	0.135	0.079	0.079	0.101	0.199	0.183	0.177	0.146	0.154	0.153	0.146	0.132	0.166	0.079	0.079	0.101	0.198	0.187	0.198	0.154	0.154	0.169	0.122	0.155	0.145	0.078	0.079	0.101	0.185	0.190	0.178	0.143	0.144	0.175	0.130	0.157	0.139	0.079	0.079	0.101	0.180	0.191	0.223	0.140	0.139	0.167	0.135	0.159	0.141	0.079	0.079	0.102	0.203	0.206	0.197	0.140	0.166	0.155	0.124	0.155	0.137	0.079	0.079	0.080	0.079	0.079	0.079	0.079	0.079	0.079	0.079	0.079	0.078	0.079
1:50:00	0.079	0.079	0.079	0.079	0.078	0.079	0.078	0.079	0.083	0.079	0.078	0.079	0.079	0.102	0.197	0.190	0.221	0.147	0.146	0.146	0.131	0.131	0.136	0.079	0.079	0.101	0.200	0.186	0.180	0.146	0.154	0.155	0.146	0.133	0.162	0.079	0.079	0.101	0.198	0.187	0.199	0.154	0.155	0.169	0.123	0.154	0.145	0.078	0.079	0.101	0.187	0.191	0.178	0.143	0.145	0.177	0.130	0.157	0.139	0.079	0.079	0.101	0.182	0.190	0.221	0.140	0.140	0.165	0.136	0.158	0.141	0.079	0.079	0.102	0.203	0.205	0.198	0.140	0.166	0.156	0.125	0.154	0.136	0.079	0.079	0.080	0.079	0.079	0.079	0.079	0.079	0.079	0.079	0.079	0.078	0.079
2:00:00	0.079	0.079	0.079	0.079	0.079	0.079	0.079	0.079	0.081	0.079	0.078	0.079	0.079	0.102	0.197	0.190	0.218	0.148	0.146	0.147	0.132	0.132	0.136	0.079	0.079	0.102	0.200	0.188	0.180	0.147	0.153	0.153	0.147	0.134	0.166	0.079	0.079	0.101	0.198	0.189	0.198	0.155	0.155	0.169	0.125	0.156	0.146	0.079	0.079	0.101	0.188	0.193	0.180	0.143	0.146	0.176	0.131	0.159	0.141	0.079	0.079	0.101	0.182	0.192	0.220	0.141	0.140	0.168	0.136	0.159	0.144	0.079	0.079	0.102	0.207	0.207	0.198	0.142	0.167	0.156	0.126	0.155	0.138	0.079	0.079	0.080	0.079	0.079	0.079	0.079	0.079	0.079	0.079	0.079	0.078	0.079
2:10:00	0.079	0.079	0.079	0.079	0.079	0.079	0.079	0.079	0.081	0.079	0.078	0.079	0.079	0.102	0.197	0.191	0.215	0.148	0.146	0.147	0.133	0.133	0.137	0.079	0.079	0.102	0.199	0.190	0.182	0.148	0.152	0.154	0.148	0.134	0.167	0.079	0.079	0.101	0.198	0.190	0.198	0.155	0.155	0.170	0.126	0.157	0.147	0.079	0.079	0.101	0.189	0.193	0.181	0.144	0.147	0.176	0.132	0.159	0.142	0.079	0.079	0.101	0.184	0.193	0.218	0.142	0.141	0.169	0.137	0.159	0.145	0.079	0.079	0.101	0.208	0.207	0.198	0.144	0.167	0.157	0.127	0.155	0.138	0.079	0.079	0.080	0.079	0.079	0.079	0.079	0.079	0.079	0.079	0.079	0.078	0.079
2:20:00	0.079	0.079	0.079	0.079	0.079	0.079	0.079	0.079	0.081	0.079	0.078	0.079	0.079	0.102	0.198	0.192	0.214	0.148	0.146	0.148	0.134	0.134	0.138	0.079	0.079	0.101	0.199	0.192	0.184	0.149	0.152	0.153	0.148	0.135	0.170	0.079	0.079	0.101	0.198	0.192	0.198	0.155	0.155	0.170	0.127	0.159	0.147	0.079	0.079	0.101	0.191	0.194	0.182	0.145	0.147	0.176	0.132	0.160	0.143	0.079	0.079	0.101	0.186	0.196	0.218	0.143	0.141	0.170	0.137	0.159	0.145	0.079	0.079	0.101	0.207	0.207	0.199	0.145	0.168	0.158	0.128	0.155	0.139	0.079	0.079	0.080	0.079	0.079	0.079	0.079	0.079	0.079	0.079	0.079	0.078	0.079
2:30:00	0.079	0.080	0.079	0.079	0.079	0.079	0.079	0.079	0.081	0.079	0.079	0.079	0.079	0.102	0.199	0.193	0.213	0.148	0.146	0.149	0.135	0.134	0.138	0.079	0.079	0.101	0.199	0.193	0.186	0.149	0.151	0.153	0.149	0.135	0.172	0.079	0.079	0.101	0.199	0.192	0.198	0.155	0.156	0.170	0.128	0.159	0.148	0.079	0.079	0.101	0.193	0.195	0.182	0.145	0.148	0.176	0.133	0.159	0.143	0.079	0.079	0.101	0.187	0.199	0.217	0.144	0.142	0.171	0.138	0.159	0.146	0.079	0.079	0.102	0.209	0.207	0.200	0.147	0.168	0.158	0.129	0.156	0.141	0.079	0.079	0.080	0.079	0.079	0.079	0.079	0.079	0.079	0.079	0.079	0.078	0.079
2:40:00	0.079	0.080	0.079	0.079	0.079	0.079	0.079	0.079	0.081	0.079	0.079	0.080	0.079	0.101	0.200	0.193	0.212	0.148	0.147	0.149	0.135	0.135	0.139	0.079	0.079	0.102	0.200	0.194	0.188	0.149	0.151	0.153	0.149	0.136	0.171	0.079	0.079	0.101	0.199	0.193	0.198	0.154	0.156	0.170	0.129	0.158	0.149	0.079	0.079	0.101	0.195	0.195	0.183	0.145	0.149	0.176	0.134	0.159	0.144	0.079	0.079	0.101	0.188	0.202	0.217	0.144	0.143	0.171	0.139	0.159	0.148	0.079	0.079	0.102	0.211	0.207	0.201	0.148	0.169	0.159	0.131	0.155	0.142	0.079	0.079	0.080	0.079	0.079	0.079	0.079	0.079	0.079	0.079	0.079	0.078	0.079
2:50:00	0.079	0.080	0.079	0.079	0.079	0.079	0.079	0.079	0.081	0.079	0.078	0.080	0.079	0.102	0.202	0.194	0.211	0.148	0.147	0.150	0.136	0.136	0.140	0.079	0.079	0.102	0.202	0.196	0.189	0.150	0.150	0.153	0.149	0.137	0.170	0.079	0.079	0.101	0.200	0.195	0.198	0.154	0.156	0.171	0.130	0.159	0.150	0.079	0.079	0.101	0.197	0.197	0.184	0.146	0.149	0.176	0.135	0.159	0.145	0.079	0.079	0.101	0.190	0.205	0.217	0.145	0.144	0.170	0.140	0.159	0.149	0.079	0.079	0.102	0.214	0.208	0.202	0.149	0.169	0.160	0.132	0.155	0.143	0.079	0.079	0.080	0.080	0.079	0.079	0.079	0.079	0.079	0.079	0.079	0.078	0.079
3:00:00	0.079	0.080	0.079	0.079	0.079	0.079	0.079	0.079	0.082	0.079	0.078	0.080	0.079	0.102	0.204	0.195	0.211	0.147	0.147	0.150	0.137	0.137	0.140	0.079	0.079	0.101	0.203	0.197	0.191	0.150	0.150	0.157	0.149	0.137	0.165	0.079	0.079	0.101	0.202	0.195	0.199	0.153	0.156	0.171	0.130	0.158	0.149	0.079	0.079	0.101	0.199	0.196	0.185	0.145	0.150	0.176	0.135	0.158	0.145	0.079	0.079	0.101	0.191	0.204	0.217	0.145	0.144	0.168	0.140	0.159	0.148	0.079	0.079	0.101	0.214	0.207	0.201	0.148	0.168	0.161	0.133	0.153	0.142	0.079	0.079	0.080	0.079	0.079	0.079	0.079	0.079	0.079	0.079	0.079	0.078	0.079
3:10:00	0.079	0.079	0.079	0.079	0.079	0.079	0.079	0.079	0.081	0.079	0.078	0.079	0.079	0.101	0.206	0.197	0.212	0.148	0.148	0.151	0.138	0.138	0.141	0.079	0.079	0.101	0.203	0.198	0.192	0.150	0.150	0.155	0.150	0.138	0.169	0.079	0.079	0.101	0.202	0.198	0.200	0.154	0.157	0.172	0.132	0.158	0.150	0.079	0.079	0.101	0.201	0.198	0.188	0.146	0.150	0.176	0.136	0.159	0.148	0.079	0.079	0.101	0.192	0.206	0.217	0.146	0.146	0.171	0.141	0.160	0.150	0.079	0.079	0.101	0.218	0.210	0.203	0.150	0.170	0.162	0.136	0.155	0.143	0.079	0.079	0.080	0.079	0.079	0.079	0.079	0.079	0.079	0.079	0.079	0.078	0.079
3:20:00	0.079	0.079	0.079	0.079	0.079	0.079	0.079	0.079	0.082	0.079	0.078	0.079	0.079	0.101	0.207	0.198	0.213	0.148	0.148	0.151	0.138	0.139	0.141	0.079	0.079	0.101	0.205	0.200	0.194	0.150	0.150	0.156	0.150	0.139	0.169	0.079	0.079	0.101	0.204	0.199	0.201	0.153	0.158	0.172	0.133	0.159	0.151	0.079	0.079	0.101	0.202	0.199	0.190	0.147	0.151	0.177	0.137	0.160	0.148	0.079	0.079	0.101	0.194	0.207	0.218	0.146	0.147	0.171	0.142	0.161	0.150	0.079	0.079	0.101	0.221	0.212	0.205	0.151	0.171	0.163	0.138	0.156	0.144	0.079	0.079	0.080	0.079	0.079	0.079	0.079	0.079	0.079	0.079	0.079	0.078	0.079
3:30:00	0.079	0.079	0.079	0.079	0.079	0.079	0.079	0.079	0.082	0.079	0.078	0.080	0.079	0.102	0.210	0.199	0.214	0.148	0.150	0.152	0.139	0.140	0.142	0.079	0.079	0.101	0.207	0.201	0.196	0.150	0.150	0.156	0.150	0.140	0.169	0.079	0.079	0.101	0.205	0.201	0.202	0.153	0.158	0.173	0.135	0.160	0.152	0.079	0.079	0.101	0.203	0.200	0.191	0.147	0.152	0.177	0.138	0.161	0.150	0.079	0.079	0.101	0.195	0.210	0.219	0.147	0.148	0.172	0.143	0.162	0.151	0.079	0.079	0.101	0.226	0.214	0.206	0.152	0.172	0.164	0.138	0.157	0.145	0.079	0.079	0.080	0.079	0.079	0.079	0.079	0.079	0.079	0.079	0.079	0.078	0.079
3:40:00	0.079	0.080	0.079	0.079	0.079	0.079	0.079	0.079	0.082	0.079	0.079	0.080	0.079	0.102	0.212	0.201	0.215	0.148	0.150	0.153	0.139	0.141	0.142	0.079	0.079	0.101	0.210	0.202	0.197	0.150	0.150	0.156	0.150	0.141	0.168	0.079	0.079	0.101	0.207	0.203	0.203	0.153	0.159	0.173	0.136	0.161	0.152	0.079	0.079	0.101	0.205	0.202	0.193	0.148	0.153	0.177	0.138	0.162	0.152	0.079	0.079	0.101	0.197	0.212	0.220	0.147	0.149	0.173	0.144	0.163	0.151	0.079	0.079	0.101	0.232	0.215	0.208	0.152	0.172	0.165	0.139	0.158	0.145	0.079	0.079	0.080	0.079	0.079	0.079	0.079	0.079	0.079	0.079	0.079	0.078	0.079
3:50:00	0.079	0.080	0.079	0.079	0.079	0.079	0.079	0.079	0.081	0.079	0.079	0.080	0.079	0.102	0.212	0.201	0.217	0.149	0.151	0.154	0.139	0.142	0.143	0.079	0.079	0.101	0.211	0.203	0.199	0.151	0.150	0.157	0.151	0.142	0.168	0.079	0.079	0.101	0.209	0.204	0.204	0.154	0.159	0.174	0.137	0.161	0.153	0.079	0.079	0.101	0.207	0.204	0.195	0.148	0.154	0.178	0.139	0.162	0.152	0.079	0.079	0.101	0.198	0.213	0.222	0.147	0.150	0.174	0.145	0.164	0.151	0.079	0.079	0.101	0.236	0.218	0.210	0.153	0.174	0.167	0.141	0.159	0.145	0.079	0.079	0.080	0.079	0.079	0.079	0.079	0.079	0.079	0.079	0.079	0.078	0.079
4:00:00	0.079	0.079	0.079	0.079	0.079	0.079	0.079	0.079	0.082	0.079	0.078	0.080	0.079	0.102	0.213	0.203	0.219	0.149	0.152	0.155	0.139	0.143	0.144	0.079	0.079	0.101	0.212	0.205	0.201	0.151	0.150	0.159	0.151	0.144	0.165	0.079	0.079	0.101	0.212	0.205	0.205	0.154	0.160	0.174	0.138	0.161	0.153	0.079	0.079	0.101	0.209	0.205	0.196	0.149	0.155	0.179	0.140	0.162	0.154	0.079	0.079	0.101	0.201	0.216	0.223	0.147	0.151	0.174	0.145	0.164	0.150	0.079	0.079	0.101	0.235	0.219	0.212	0.153	0.174	0.168	0.142	0.159	0.145	0.079	0.079	0.080	0.079	0.079	0.079	0.079	0.079	0.079	0.079	0.079	0.078	0.079
4:10:00	0.079	0.080	0.079	0.080	0.079	0.079	0.079	0.079	0.082	0.079	0.079	0.080	0.079	0.101	0.214	0.203	0.220	0.150	0.153	0.156	0.140	0.144	0.144	0.079	0.079	0.101	0.213	0.206	0.202	0.152	0.150	0.158	0.152	0.145	0.172	0.079	0.079	0.100	0.212	0.208	0.206	0.154	0.161	0.174	0.140	0.164	0.154	0.079	0.079	0.101	0.211	0.208	0.199	0.149	0.156	0.179	0.141	0.164	0.156	0.079	0.079	0.101	0.203	0.219	0.224	0.148	0.152	0.178	0.146	0.166	0.152	0.079	0.079	0.101	0.238	0.223	0.214	0.155	0.177	0.169	0.143	0.162	0.146	0.079	0.079	0.080	0.079	0.079	0.079	0.079	0.079	0.079	0.079	0.079	0.078	0.080
4:20:00	0.079	0.080	0.079	0.080	0.079	0.079	0.079	0.079	0.082	0.079	0.079	0.080	0.079	0.101	0.215	0.204	0.221	0.150	0.153	0.156	0.140	0.145	0.145	0.079	0.079	0.102	0.214	0.207	0.203	0.152	0.151	0.158	0.152	0.146	0.171	0.079	0.079	0.101	0.213	0.210	0.207	0.154	0.161	0.175	0.141	0.165	0.154	0.079	0.079	0.101	0.213	0.209	0.201	0.149	0.157	0.180	0.142	0.165	0.157	0.079	0.079	0.101	0.204	0.222	0.226	0.150	0.153	0.178	0.148	0.167	0.153	0.079	0.079	0.101	0.241	0.226	0.217	0.156	0.178	0.171	0.144	0.163	0.147	0.079	0.079	0.080	0.079	0.079	0.079	0.079	0.079	0.079	0.079	0.079	0.079	0.080
4:30:00	0.079	0.080	0.079	0.080	0.079	0.079	0.079	0.079	0.082	0.079	0.079	0.080	0.079	0.101	0.217	0.206	0.223	0.151	0.154	0.158	0.141	0.146	0.145	0.079	0.079	0.101	0.216	0.209	0.205	0.153	0.151	0.158	0.152	0.147	0.171	0.079	0.079	0.101	0.215	0.212	0.209	0.154	0.162	0.176	0.142	0.165	0.155	0.079	0.079	0.101	0.215	0.213	0.203	0.149	0.158	0.181	0.144	0.167	0.159	0.079	0.079	0.101	0.207	0.226	0.229	0.151	0.155	0.179	0.149	0.169	0.153	0.079	0.079	0.101	0.246	0.229	0.221	0.157	0.179	0.172	0.144	0.164	0.147	0.079	0.079	0.080	0.079	0.079	0.079	0.079	0.079	0.080	0.079	0.079	0.078	0.080
4:40:00	0.079	0.080	0.079	0.079	0.079	0.079	0.079	0.079	0.081	0.079	0.079	0.080	0.079	0.103	0.218	0.207	0.224	0.151	0.155	0.158	0.141	0.147	0.146	0.079	0.079	0.102	0.218	0.211	0.207	0.154	0.151	0.159	0.153	0.149	0.171	0.079	0.079	0.101	0.217	0.214	0.211	0.155	0.162	0.177	0.143	0.166	0.155	0.079	0.079	0.101	0.217	0.214	0.206	0.150	0.158	0.181	0.144	0.168	0.159	0.079	0.079	0.101	0.209	0.232	0.230	0.151	0.155	0.179	0.149	0.171	0.153	0.079	0.079	0.101	0.247	0.231	0.222	0.157	0.179	0.172	0.145	0.165	0.147	0.079	0.079	0.080	0.079	0.079	0.079	0.079	0.079	0.079	0.079	0.079	0.078	0.080
4:50:00	0.079	0.079	0.079	0.079	0.079	0.079	0.079	0.079	0.083	0.079	0.079	0.080	0.079	0.101	0.219	0.210	0.227	0.151	0.156	0.160	0.142	0.148	0.146	0.079	0.079	0.101	0.222	0.213	0.210	0.155	0.152	0.163	0.153	0.150	0.165	0.079	0.079	0.100	0.221	0.215	0.213	0.155	0.163	0.178	0.143	0.166	0.155	0.079	0.079	0.101	0.219	0.215	0.207	0.150	0.160	0.183	0.145	0.169	0.161	0.079	0.079	0.101	0.212	0.235	0.233	0.152	0.157	0.178	0.150	0.172	0.152	0.079	0.079	0.101	0.247	0.235	0.225	0.158	0.180	0.174	0.146	0.165	0.147	0.079	0.079	0.080	0.079	0.079	0.079	0.079	0.079	0.079	0.079	0.079	0.078	0.080
5:00:00	0.079	0.080	0.079	0.080	0.079	0.079	0.079	0.079	0.082	0.079	0.079	0.080	0.079	0.101	0.222	0.212	0.227	0.152	0.157	0.161	0.143	0.150	0.147	0.079	0.079	0.101	0.228	0.214	0.211	0.156	0.152	0.161	0.153	0.151	0.170	0.079	0.079	0.100	0.224	0.217	0.214	0.155	0.164	0.178	0.144	0.168	0.156	0.079	0.079	0.100	0.222	0.219	0.209	0.150	0.161	0.184	0.146	0.172	0.164	0.079	0.079	0.101	0.213	0.239	0.236	0.153	0.158	0.181	0.150	0.178	0.153	0.079	0.079	0.101	0.250	0.237	0.229	0.159	0.182	0.176	0.146	0.168	0.148	0.079	0.079	0.080	0.079	0.079	0.079	0.079	0.079	0.079	0.079	0.079	0.078	0.080
5:10:00	0.079	0.079	0.079	0.079	0.079	0.079	0.079	0.079	0.083	0.079	0.079	0.080	0.079	0.101	0.225	0.215	0.231	0.152	0.158	0.162	0.144	0.151	0.147	0.079	0.079	0.101	0.230	0.217	0.215	0.157	0.153	0.164	0.154	0.153	0.166	0.079	0.079	0.100	0.228	0.220	0.218	0.155	0.165	0.179	0.145	0.168	0.156	0.079	0.079	0.100	0.228	0.220	0.211	0.151	0.162	0.185	0.147	0.173	0.163	0.079	0.079	0.101	0.216	0.243	0.240	0.153	0.159	0.180	0.151	0.175	0.153	0.079	0.079	0.101	0.253	0.242	0.237	0.159	0.182	0.177	0.147	0.168	0.148	0.079	0.079	0.080	0.079	0.079	0.079	0.079	0.079	0.079	0.079	0.079	0.078	0.080
5:20:00	0.079	0.080	0.079	0.080	0.079	0.079	0.079	0.079	0.082	0.079	0.079	0.080	0.079	0.102	0.227	0.216	0.233	0.153	0.159	0.163	0.144	0.152	0.148	0.079	0.079	0.101	0.232	0.219	0.216	0.157	0.154	0.162	0.154	0.155	0.170	0.079	0.079	0.101	0.230	0.223	0.219	0.156	0.166	0.180	0.146	0.170	0.157	0.079	0.079	0.101	0.230	0.224	0.215	0.151	0.163	0.186	0.148	0.175	0.166	0.079	0.079	0.101	0.219	0.248	0.243	0.155	0.161	0.184	0.152	0.182	0.154	0.079	0.079	0.101	0.256	0.250	0.244	0.161	0.185	0.178	0.148	0.172	0.149	0.079	0.079	0.080	0.080	0.079	0.079	0.079	0.079	0.079	0.079	0.079	0.079	0.080
5:30:00	0.079	0.080	0.079	0.080	0.079	0.079	0.079	0.079	0.082	0.079	0.079	0.080	0.079	0.102	0.230	0.219	0.235	0.154	0.159	0.165	0.144	0.153	0.148	0.079	0.079	0.101	0.238	0.222	0.219	0.157	0.155	0.163	0.155	0.157	0.170	0.079	0.079	0.101	0.247	0.227	0.222	0.157	0.166	0.181	0.147	0.171	0.158	0.079	0.079	0.101	0.242	0.228	0.217	0.152	0.164	0.187	0.149	0.177	0.168	0.079	0.079	0.101	0.228	0.251	0.245	0.155	0.162	0.185	0.153	0.186	0.155	0.079	0.079	0.101	0.262	0.257	0.250	0.161	0.189	0.181	0.148	0.174	0.149	0.079	0.079	0.080	0.080	0.079	0.079	0.079	0.079	0.079	0.079	0.079	0.078	0.080
5:40:00	0.079	0.080	0.079	0.080	0.079	0.079	0.079	0.079	0.082	0.079	0.079	0.080	0.079	0.102	0.233	0.220	0.239	0.155	0.161	0.166	0.145	0.155	0.149	0.079	0.079	0.101	0.246	0.225	0.221	0.158	0.156	0.164	0.155	0.159	0.171	0.079	0.079	0.101	0.250	0.229	0.225	0.157	0.168	0.182	0.148	0.172	0.159	0.079	0.079	0.101	0.243	0.231	0.221	0.153	0.166	0.188	0.150	0.178	0.169	0.079	0.079	0.101	0.231	0.258	0.259	0.156	0.164	0.188	0.154	0.190	0.155	0.079	0.079	0.101	0.272	0.263	0.261	0.162	0.189	0.183	0.149	0.177	0.149	0.079	0.079	0.080	0.079	0.079	0.079	0.079	0.079	0.079	0.079	0.079	0.078	0.080
5:50:00	0.079	0.080	0.079	0.080	0.079	0.079	0.079	0.079	0.082	0.079	0.079	0.080	0.079	0.102	0.236	0.222	0.240	0.155	0.162	0.167	0.145	0.157	0.150	0.079	0.079	0.101	0.265	0.227	0.224	0.158	0.157	0.164	0.156	0.161	0.173	0.079	0.079	0.100	0.259	0.232	0.226	0.158	0.169	0.184	0.149	0.173	0.159	0.079	0.079	0.101	0.243	0.237	0.223	0.154	0.167	0.189	0.151	0.179	0.173	0.079	0.079	0.101	0.235	0.265	0.270	0.157	0.165	0.191	0.154	0.196	0.156	0.079	0.079	0.101	0.281	0.267	0.262	0.163	0.194	0.187	0.149	0.181	0.150	0.079	0.079	0.080	0.079	0.079	0.079	0.079	0.079	0.079	0.079	0.079	0.078	0.080
6:00:00	0.079	0.080	0.079	0.080	0.079	0.079	0.079	0.079	0.082	0.079	0.079	0.080	0.079	0.101	0.241	0.225	0.246	0.155	0.163	0.169	0.145	0.158	0.151	0.079	0.079	0.101	0.262	0.232	0.228	0.158	0.158	0.165	0.156	0.162	0.175	0.079	0.079	0.100	0.260	0.236	0.231	0.158	0.170	0.185	0.150	0.175	0.160	0.079	0.079	0.101	0.247	0.240	0.227	0.155	0.169	0.190	0.152	0.180	0.173	0.079	0.079	0.101	0.241	0.269	0.275	0.158	0.167	0.192	0.155	0.201	0.157	0.079	0.079	0.101	0.288	0.275	0.271	0.164	0.195	0.190	0.150	0.185	0.150	0.079	0.079	0.080	0.079	0.079	0.079	0.079	0.079	0.080	0.079	0.080	0.079	0.080
6:10:00	0.079	0.080	0.079	0.080	0.079	0.079	0.079	0.079	0.082	0.079	0.079	0.080	0.079	0.101	0.251	0.228	0.246	0.155	0.164	0.170	0.146	0.160	0.150	0.079	0.079	0.101	0.278	0.234	0.230	0.158	0.159	0.165	0.157	0.164	0.175	0.079	0.079	0.100	0.259	0.238	0.232	0.159	0.171	0.186	0.151	0.176	0.161	0.079	0.079	0.101	0.252	0.243	0.231	0.156	0.170	0.192	0.153	0.182	0.176	0.079	0.079	0.101	0.262	0.275	0.284	0.159	0.168	0.196	0.156	0.199	0.157	0.079	0.079	0.101	0.301	0.281	0.276	0.164	0.197	0.196	0.150	0.185	0.151	0.079	0.079	0.080	0.080	0.079	0.079	0.079	0.079	0.080	0.079	0.080	0.079	0.080
6:20:00	0.079	0.080	0.079	0.080	0.079	0.079	0.079	0.079	0.082	0.079	0.079	0.080	0.079	0.101	0.249	0.231	0.248	0.156	0.165	0.173	0.147	0.164	0.152	0.079	0.079	0.101	0.276	0.236	0.231	0.159	0.160	0.168	0.157	0.166	0.170	0.079	0.079	0.100	0.267	0.238	0.233	0.159	0.172	0.188	0.151	0.177	0.161	0.079	0.079	0.101	0.263	0.246	0.229	0.157	0.172	0.193	0.153	0.184	0.180	0.079	0.079	0.101	0.268	0.283	0.297	0.160	0.170	0.203	0.156	0.206	0.157	0.079	0.079	0.101	0.301	0.293	0.281	0.164	0.202	0.202	0.151	0.196	0.151	0.079	0.079	0.080	0.080	0.079	0.079	0.079	0.079	0.079	0.079	0.079	0.078	0.080
6:30:00	0.079	0.080	0.079	0.080	0.079	0.079	0.079	0.079	0.082	0.079	0.079	0.080	0.079	0.102	0.268	0.235	0.267	0.156	0.167	0.174	0.147	0.164	0.153	0.079	0.079	0.101	0.294	0.243	0.238	0.160	0.161	0.168	0.158	0.169	0.175	0.079	0.079	0.101	0.271	0.244	0.243	0.160	0.172	0.190	0.152	0.179	0.161	0.079	0.079	0.101	0.268	0.254	0.236	0.158	0.173	0.194	0.154	0.186	0.179	0.079	0.079	0.101	0.267	0.291	0.306	0.161	0.172	0.198	0.157	0.210	0.158	0.079	0.079	0.101	0.311	0.300	0.291	0.165	0.203	0.206	0.152	0.196	0.152	0.079	0.079	0.080	0.079	0.079	0.079	0.079	0.079	0.079	0.079	0.079	0.078	0.080
6:40:00	0.079	0.080	0.079	0.080	0.079	0.079	0.079	0.079	0.082	0.079	0.079	0.080	0.079	0.101	0.269	0.235	0.263	0.156	0.168	0.176	0.148	0.166	0.153	0.079	0.079	0.101	0.294	0.243	0.240	0.160	0.162	0.169	0.158	0.174	0.175	0.079	0.079	0.100	0.291	0.250	0.244	0.160	0.174	0.191	0.153	0.181	0.163	0.079	0.079	0.100	0.282	0.261	0.243	0.159	0.175	0.196	0.155	0.186	0.183	0.079	0.079	0.101	0.274	0.299	0.316	0.162	0.174	0.208	0.158	0.215	0.158	0.079	0.079	0.101	0.321	0.307	0.303	0.165	0.207	0.215	0.152	0.195	0.152	0.079	0.079	0.080	0.079	0.079	0.079	0.079	0.079	0.079	0.079	0.079	0.078	0.079
6:50:00	0.079	0.080	0.079	0.080	0.079	0.079	0.079	0.079	0.083	0.079	0.079	0.080	0.079	0.101	0.268	0.248	0.263	0.156	0.169	0.179	0.148	0.168	0.154	0.079	0.079	0.101	0.297	0.254	0.249	0.161	0.163	0.172	0.159	0.177	0.172	0.079	0.079	0.100	0.294	0.256	0.256	0.161	0.175	0.193	0.154	0.182	0.163	0.079	0.079	0.100	0.290	0.267	0.248	0.160	0.177	0.198	0.155	0.187	0.186	0.079	0.079	0.101	0.284	0.307	0.318	0.162	0.176	0.201	0.158	0.222	0.158	0.079	0.079	0.101	0.326	0.315	0.312	0.165	0.210	0.218	0.153	0.212	0.152	0.079	0.079	0.080	0.079	0.079	0.079	0.079	0.079	0.079	0.079	0.079	0.078	0.079
7:00:00	0.079	0.080	0.079	0.080	0.079	0.079	0.079	0.079	0.082	0.079	0.079	0.080	0.079	0.101	0.291	0.256	0.274	0.156	0.172	0.181	0.149	0.170	0.158	0.079	0.079	0.101	0.315	0.268	0.251	0.162	0.165	0.171	0.159	0.181	0.176	0.079	0.079	0.100	0.303	0.271	0.262	0.162	0.176	0.195	0.155	0.185	0.165	0.079	0.079	0.100	0.291	0.279	0.266	0.161	0.179	0.200	0.157	0.187	0.186	0.079	0.079	0.101	0.287	0.320	0.340	0.164	0.179	0.208	0.159	0.233	0.159	0.079	0.079	0.101	0.331	0.323	0.322	0.167	0.215	0.220	0.154	0.211	0.153	0.079	0.079	0.080	0.079	0.079	0.079	0.079	0.079	0.080	0.079	0.080	0.079	0.079
7:10:00	0.079	0.080	0.079	0.080	0.079	0.079	0.079	0.079	0.083	0.079	0.079	0.080	0.079	0.102	0.289	0.263	0.282	0.157	0.174	0.184	0.149	0.172	0.157	0.079	0.079	0.101	0.319	0.281	0.262	0.162	0.166	0.174	0.160	0.183	0.173	0.079	0.079	0.100	0.300	0.271	0.264	0.162	0.178	0.197	0.156	0.187	0.165	0.079	0.079	0.101	0.296	0.287	0.276	0.161	0.181	0.202	0.158	0.187	0.190	0.079	0.079	0.101	0.287	0.329	0.341	0.164	0.182	0.210	0.160	0.241	0.158	0.079	0.079	0.101	0.337	0.330	0.333	0.167	0.220	0.223	0.154	0.218	0.153	0.079	0.079	0.080	0.079	0.079	0.079	0.079	0.079	0.079	0.079	0.079	0.079	0.079
7:20:00	0.079	0.080	0.079	0.081	0.079	0.079	0.079	0.079	0.082	0.079	0.079	0.080	0.079	0.102	0.280	0.267	0.294	0.158	0.176	0.187	0.150	0.177	0.157	0.079	0.079	0.101	0.327	0.267	0.268	0.163	0.168	0.174	0.160	0.187	0.177	0.080	0.079	0.100	0.302	0.276	0.270	0.164	0.179	0.199	0.157	0.192	0.166	0.079	0.079	0.100	0.301	0.291	0.273	0.163	0.184	0.203	0.159	0.188	0.192	0.080	0.079	0.101	0.299	0.332	0.339	0.165	0.184	0.221	0.161	0.251	0.159	0.079	0.079	0.101	0.344	0.337	0.336	0.168	0.227	0.231	0.155	0.227	0.154	0.079	0.079	0.080	0.079	0.079	0.079	0.079	0.079	0.079	0.079	0.080	0.078	0.079
7:30:00	0.079	0.080	0.079	0.080	0.079	0.079	0.079	0.079	0.083	0.079	0.079	0.080	0.079	0.101	0.294	0.279	0.296	0.158	0.179	0.190	0.151	0.177	0.156	0.079	0.079	0.101	0.346	0.290	0.285	0.164	0.170	0.177	0.161	0.189	0.174	0.080	0.079	0.100	0.313	0.287	0.306	0.165	0.181	0.201	0.157	0.193	0.167	0.079	0.079	0.100	0.322	0.312	0.300	0.163	0.186	0.206	0.160	0.191	0.194	0.080	0.079	0.101	0.300	0.342	0.342	0.166	0.188	0.226	0.161	0.268	0.159	0.079	0.079	0.101	0.355	0.349	0.340	0.169	0.239	0.234	0.156	0.229	0.153	0.080	0.079	0.080	0.080	0.079	0.079	0.079	0.079	0.079	0.079	0.080	0.079	0.079
7:40:00	0.079	0.080	0.079	0.080	0.079	0.079	0.079	0.079	0.083	0.079	0.079	0.080	0.079	0.101	0.286	0.291	0.297	0.159	0.180	0.191	0.151	0.180	0.157	0.079	0.079	0.101	0.345	0.297	0.286	0.165	0.171	0.178	0.161	0.191	0.176	0.080	0.079	0.100	0.327	0.289	0.290	0.165	0.183	0.202	0.158	0.198	0.167	0.079	0.079	0.100	0.325	0.314	0.289	0.164	0.189	0.209	0.161	0.195	0.198	0.080	0.079	0.101	0.305	0.352	0.358	0.167	0.192	0.242	0.162	0.281	0.161	0.079	0.079	0.101	0.363	0.360	0.344	0.169	0.252	0.247	0.157	0.238	0.154	0.080	0.079	0.080	0.080	0.079	0.079	0.079	0.079	0.079	0.079	0.080	0.079	0.080
7:50:00	0.079	0.080	0.080	0.081	0.080	0.080	0.080	0.080	0.082	0.080	0.079	0.080	0.079	0.101	0.296	0.289	0.319	0.160	0.182	0.194	0.152	0.184	0.158	0.080	0.080	0.101	0.340	0.294	0.294	0.165	0.173	0.177	0.162	0.197	0.181	0.080	0.079	0.100	0.330	0.299	0.298	0.166	0.185	0.204	0.160	0.199	0.169	0.080	0.080	0.101	0.325	0.318	0.283	0.166	0.191	0.211	0.162	0.197	0.200	0.080	0.079	0.101	0.318	0.359	0.365	0.168	0.192	0.246	0.163	0.295	0.163	0.080	0.080	0.101	0.366	0.373	0.354	0.171	0.255	0.251	0.159	0.253	0.157	0.080	0.080	0.080	0.080	0.079	0.080	0.079	0.080	0.080	0.080	0.080	0.079	0.080
8:00:00	0.079	0.080	0.080	0.081	0.080	0.080	0.080	0.080	0.082	0.080	0.079	0.080	0.079	0.101	0.307	0.295	0.310	0.161	0.185	0.196	0.152	0.185	0.159	0.080	0.080	0.101	0.353	0.304	0.298	0.166	0.175	0.179	0.163	0.207	0.181	0.080	0.079	0.100	0.344	0.298	0.301	0.167	0.187	0.207	0.161	0.204	0.170	0.079	0.080	0.101	0.340	0.317	0.297	0.167	0.195	0.216	0.162	0.199	0.204	0.080	0.079	0.101	0.325	0.364	0.378	0.169	0.200	0.257	0.164	0.314	0.164	0.080	0.080	0.101	0.373	0.372	0.365	0.171	0.265	0.261	0.160	0.261	0.158	0.080	0.080	0.080	0.080	0.080	0.080	0.079	0.080	0.080	0.080	0.080	0.079	0.080
8:10:00	0.079	0.080	0.079	0.080	0.079	0.080	0.079	0.080	0.083	0.080	0.079	0.080	0.079	0.103	0.299	0.297	0.317	0.161	0.184	0.198	0.153	0.189	0.159	0.079	0.079	0.101	0.356	0.303	0.302	0.166	0.177	0.183	0.163	0.207	0.177	0.080	0.079	0.100	0.339	0.307	0.302	0.167	0.188	0.209	0.161	0.210	0.171	0.079	0.079	0.100	0.345	0.320	0.299	0.167	0.197	0.220	0.163	0.201	0.208	0.080	0.079	0.100	0.332	0.368	0.388	0.169	0.196	0.264	0.164	0.323	0.163	0.079	0.079	0.101	0.377	0.381	0.378	0.170	0.277	0.270	0.161	0.263	0.158	0.080	0.079	0.080	0.079	0.079	0.079	0.079	0.079	0.079	0.079	0.080	0.078	0.080
8:20:00	0.079	0.080	0.080	0.080	0.080	0.080	0.079	0.080	0.083	0.079	0.079	0.080	0.079	0.101	0.311	0.312	0.335	0.163	0.188	0.202	0.155	0.191	0.162	0.079	0.079	0.101	0.362	0.330	0.324	0.167	0.179	0.186	0.164	0.218	0.176	0.080	0.079	0.100	0.355	0.321	0.329	0.168	0.190	0.217	0.162	0.208	0.172	0.079	0.079	0.100	0.355	0.340	0.315	0.168	0.199	0.224	0.164	0.201	0.211	0.080	0.079	0.101	0.340	0.374	0.386	0.170	0.206	0.267	0.165	0.351	0.164	0.079	0.079	0.101	0.385	0.388	0.382	0.171	0.280	0.281	0.163	0.283	0.159	0.080	0.080	0.080	0.080	0.079	0.079	0.079	0.079	0.080	0.079	0.080	0.079	0.080
8:30:00	0.079	0.080	0.079	0.081	0.079	0.079	0.079	0.080	0.082	0.080	0.079	0.080	0.079	0.101	0.333	0.311	0.336	0.164	0.190	0.204	0.155	0.193	0.162	0.079	0.079	0.101	0.367	0.313	0.338	0.168	0.181	0.186	0.164	0.227	0.181	0.080	0.079	0.100	0.352	0.309	0.315	0.169	0.192	0.220	0.163	0.213	0.174	0.079	0.079	0.100	0.351	0.341	0.315	0.169	0.204	0.227	0.165	0.205	0.213	0.080	0.079	0.101	0.345	0.388	0.402	0.170	0.218	0.278	0.166	0.370	0.165	0.079	0.079	0.101	0.393	0.387	0.390	0.172	0.296	0.289	0.165	0.293	0.162	0.080	0.079	0.080	0.079	0.079	0.079	0.079	0.079	0.080	0.079	0.080	0.078	0.079
8:40:00	0.079	0.080	0.079	0.080	0.079	0.079	0.079	0.079	0.084	0.079	0.079	0.080	0.079	0.101	0.330	0.306	0.312	0.164	0.193	0.207	0.156	0.198	0.164	0.079	0.079	0.101	0.376	0.317	0.328	0.168	0.184	0.190	0.165	0.234	0.177	0.080	0.079	0.100	0.354	0.322	0.316	0.170	0.195	0.222	0.163	0.216	0.175	0.079	0.079	0.100	0.359	0.351	0.312	0.170	0.206	0.234	0.165	0.206	0.216	0.080	0.079	0.101	0.347	0.394	0.413	0.171	0.221	0.287	0.166	0.368	0.168	0.079	0.079	0.101	0.400	0.392	0.401	0.172	0.303	0.309	0.167	0.297	0.163	0.080	0.080	0.080	0.079	0.079	0.079	0.079	0.079	0.079	0.079	0.079	0.079	0.079
8:50:00	0.079	0.080	0.080	0.081	0.080	0.080	0.080	0.080	0.083	0.080	0.079	0.080	0.079	0.101	0.343	0.319	0.344	0.166	0.197	0.211	0.157	0.202	0.166	0.080	0.080	0.101	0.403	0.333	0.339	0.169	0.186	0.190	0.166	0.241	0.182	0.080	0.079	0.100	0.375	0.318	0.342	0.171	0.197	0.233	0.164	0.223	0.177	0.080	0.080	0.101	0.356	0.344	0.327	0.171	0.212	0.241	0.167	0.207	0.222	0.080	0.079	0.101	0.352	0.400	0.422	0.172	0.233	0.309	0.167	0.398	0.170	0.080	0.080	0.101	0.410	0.405	0.406	0.174	0.328	0.326	0.169	0.324	0.164	0.080	0.080	0.080	0.080	0.079	0.079	0.079	0.080	0.080	0.080	0.080	0.079	0.079
9:00:00	0.079	0.080	0.080	0.081	0.080	0.080	0.080	0.080	0.082	0.080	0.079	0.080	0.079	0.101	0.344	0.325	0.344	0.167	0.200	0.217	0.158	0.205	0.166	0.080	0.080	0.101	0.391	0.341	0.342	0.170	0.189	0.192	0.166	0.258	0.182	0.080	0.079	0.100	0.362	0.328	0.336	0.172	0.200	0.243	0.165	0.229	0.179	0.080	0.079	0.100	0.360	0.346	0.327	0.172	0.216	0.248	0.167	0.210	0.224	0.080	0.079	0.101	0.361	0.404	0.423	0.172	0.243	0.334	0.168	0.422	0.170	0.080	0.079	0.101	0.413	0.413	0.416	0.174	0.347	0.340	0.171	0.333	0.173	0.080	0.080	0.080	0.080	0.079	0.079	0.079	0.080	0.080	0.079	0.080	0.079	0.079
9:10:00	0.079	0.080	0.080	0.082	0.080	0.080	0.080	0.080	0.082	0.080	0.079	0.080	0.079	0.101	0.356	0.326	0.343	0.169	0.202	0.218	0.159	0.209	0.168	0.080	0.080	0.101	0.404	0.337	0.342	0.171	0.191	0.194	0.167	0.268	0.185	0.080	0.079	0.100	0.368	0.332	0.345	0.172	0.202	0.242	0.166	0.232	0.181	0.080	0.080	0.100	0.365	0.355	0.333	0.172	0.220	0.252	0.168	0.211	0.229	0.080	0.079	0.101	0.368	0.410	0.427	0.173	0.251	0.333	0.169	0.433	0.176	0.080	0.080	0.101	0.424	0.423	0.419	0.175	0.336	0.335	0.173	0.345	0.171	0.080	0.080	0.080	0.080	0.079	0.079	0.079	0.080	0.080	0.080	0.080	0.079	0.079
9:20:00	0.079	0.081	0.079	0.081	0.080	0.080	0.079	0.080	0.082	0.080	0.079	0.080	0.079	0.101	0.361	0.330	0.359	0.169	0.209	0.221	0.160	0.214	0.168	0.080	0.079	0.101	0.418	0.340	0.361	0.171	0.195	0.196	0.168	0.279	0.187	0.080	0.079	0.100	0.395	0.345	0.338	0.173	0.205	0.253	0.166	0.240	0.181	0.080	0.079	0.100	0.387	0.361	0.342	0.173	0.227	0.258	0.170	0.211	0.233	0.080	0.079	0.101	0.373	0.418	0.445	0.174	0.266	0.365	0.170	0.473	0.175	0.080	0.079	0.101	0.433	0.426	0.418	0.175	0.360	0.354	0.174	0.352	0.172	0.080	0.079	0.080	0.079	0.079	0.079	0.079	0.079	0.080	0.079	0.080	0.079	0.079
9:30:00	0.080	0.081	0.080	0.081	0.080	0.080	0.080	0.080	0.083	0.080	0.079	0.080	0.079	0.101	0.364	0.338	0.362	0.168	0.213	0.226	0.161	0.215	0.169	0.080	0.080	0.101	0.419	0.354	0.361	0.171	0.197	0.200	0.169	0.294	0.185	0.080	0.079	0.100	0.397	0.349	0.341	0.173	0.207	0.261	0.167	0.244	0.182	0.080	0.079	0.100	0.397	0.367	0.331	0.173	0.239	0.263	0.170	0.216	0.238	0.080	0.079	0.100	0.378	0.426	0.452	0.175	0.279	0.377	0.170	0.461	0.175	0.080	0.080	0.101	0.437	0.437	0.424	0.175	0.371	0.361	0.175	0.362	0.171	0.080	0.079	0.080	0.079	0.079	0.079	0.079	0.080	0.080	0.080	0.080	0.079	0.080
9:40:00	0.080	0.080	0.080	0.081	0.080	0.080	0.080	0.080	0.082	0.080	0.079	0.080	0.079	0.101	0.374	0.332	0.398	0.169	0.218	0.231	0.163	0.221	0.170	0.080	0.080	0.101	0.427	0.360	0.360	0.172	0.202	0.200	0.170	0.304	0.191	0.080	0.080	0.100	0.386	0.354	0.336	0.174	0.211	0.271	0.168	0.250	0.183	0.080	0.080	0.100	0.399	0.390	0.334	0.174	0.255	0.271	0.172	0.216	0.245	0.080	0.079	0.101	0.383	0.433	0.449	0.176	0.283	0.384	0.171	0.475	0.178	0.080	0.080	0.101	0.442	0.444	0.436	0.176	0.396	0.380	0.176	0.377	0.174	0.080	0.079	0.080	0.080	0.079	0.080	0.079	0.080	0.080	0.080	0.080	0.079	0.080
9:50:00	0.080	0.080	0.080	0.081	0.080	0.080	0.080	0.080	0.083	0.080	0.079	0.080	0.079	0.101	0.387	0.340	0.377	0.170	0.222	0.237	0.165	0.237	0.170	0.080	0.080	0.101	0.440	0.362	0.376	0.173	0.204	0.205	0.170	0.312	0.186	0.080	0.079	0.100	0.406	0.368	0.349	0.175	0.215	0.280	0.168	0.260	0.182	0.080	0.079	0.100	0.395	0.383	0.349	0.175	0.262	0.276	0.172	0.218	0.250	0.079	0.079	0.100	0.391	0.436	0.451	0.176	0.303	0.409	0.172	0.495	0.176	0.080	0.079	0.101	0.445	0.448	0.442	0.176	0.407	0.404	0.175	0.392	0.175	0.080	0.079	0.080	0.080	0.079	0.079	0.079	0.079	0.080	0.079	0.080	0.078	0.079
10:00:00	0.080	0.081	0.080	0.081	0.080	0.080	0.080	0.080	0.082	0.080	0.079	0.080	0.079	0.101	0.382	0.348	0.377	0.170	0.225	0.239	0.167	0.241	0.172	0.080	0.080	0.101	0.444	0.368	0.375	0.173	0.207	0.208	0.171	0.323	0.190	0.080	0.079	0.100	0.412	0.371	0.351	0.176	0.219	0.290	0.169	0.266	0.184	0.080	0.080	0.100	0.404	0.391	0.358	0.176	0.273	0.281	0.173	0.220	0.256	0.079	0.079	0.100	0.396	0.444	0.458	0.177	0.314	0.406	0.172	0.500	0.177	0.080	0.080	0.101	0.447	0.460	0.453	0.178	0.395	0.404	0.176	0.398	0.177	0.080	0.079	0.080	0.080	0.079	0.079	0.079	0.080	0.080	0.080	0.080	0.079	0.080
10:10:00	0.079	0.080	0.080	0.081	0.080	0.080	0.080	0.080	0.083	0.080	0.079	0.080	0.079	0.101	0.401	0.364	0.392	0.171	0.232	0.244	0.168	0.251	0.172	0.080	0.080	0.101	0.453	0.388	0.378	0.174	0.214	0.211	0.172	0.343	0.190	0.080	0.079	0.100	0.412	0.378	0.366	0.176	0.224	0.302	0.170	0.272	0.183	0.080	0.079	0.100	0.404	0.390	0.368	0.176	0.290	0.297	0.174	0.222	0.259	0.079	0.079	0.100	0.404	0.451	0.464	0.178	0.323	0.423	0.173	0.522	0.180	0.080	0.079	0.101	0.450	0.461	0.462	0.178	0.428	0.432	0.177	0.421	0.180	0.080	0.079	0.080	0.080	0.079	0.079	0.079	0.079	0.080	0.079	0.080	0.078	0.079
10:20:00	0.079	0.080	0.080	0.081	0.080	0.080	0.080	0.080	0.083	0.080	0.079	0.080	0.079	0.101	0.391	0.374	0.418	0.171	0.235	0.253	0.170	0.258	0.172	0.080	0.080	0.101	0.470	0.383	0.390	0.175	0.224	0.215	0.173	0.356	0.191	0.080	0.079	0.100	0.419	0.376	0.366	0.178	0.227	0.319	0.171	0.282	0.184	0.080	0.080	0.100	0.411	0.396	0.361	0.177	0.305	0.308	0.175	0.228	0.263	0.079	0.079	0.101	0.412	0.459	0.466	0.178	0.353	0.455	0.174	0.542	0.179	0.080	0.080	0.101	0.458	0.463	0.481	0.179	0.453	0.456	0.178	0.441	0.181	0.080	0.079	0.080	0.080	0.079	0.079	0.079	0.079	0.080	0.079	0.080	0.078	0.079
10:30:00	0.080	0.080	0.080	0.081	0.080	0.080	0.080	0.080	0.083	0.080	0.079	0.080	0.079	0.101	0.406	0.379	0.408	0.173	0.238	0.270	0.170	0.255	0.174	0.080	0.080	0.101	0.478	0.390	0.389	0.175	0.233	0.219	0.174	0.358	0.190	0.080	0.079	0.100	0.419	0.378	0.367	0.179	0.230	0.327	0.171	0.289	0.185	0.080	0.080	0.100	0.420	0.410	0.363	0.178	0.314	0.321	0.176	0.227	0.271	0.079	0.079	0.101	0.423	0.464	0.469	0.179	0.347	0.448	0.174	0.543	0.180	0.080	0.080	0.101	0.473	0.473	0.487	0.180	0.443	0.443	0.180	0.460	0.183	0.080	0.079	0.080	0.080	0.080	0.080	0.079	0.080	0.080	0.080	0.080	0.079	0.080
10:40:00	0.080	0.080	0.080	0.081	0.080	0.080	0.080	0.080	0.083	0.080	0.080	0.079	0.079	0.102	0.413	0.382	0.423	0.174	0.247	0.283	0.172	0.263	0.173	0.080	0.080	0.101	0.475	0.402	0.393	0.176	0.241	0.223	0.175	0.372	0.192	0.080	0.080	0.100	0.429	0.389	0.375	0.180	0.239	0.346	0.172	0.301	0.185	0.080	0.080	0.100	0.428	0.417	0.373	0.178	0.331	0.338	0.177	0.231	0.277	0.079	0.080	0.101	0.428	0.469	0.476	0.179	0.366	0.477	0.175	0.552	0.183	0.080	0.080	0.101	0.484	0.479	0.492	0.180	0.479	0.466	0.180	0.466	0.183	0.080	0.079	0.080	0.080	0.079	0.080	0.079	0.080	0.080	0.080	0.080	0.078	0.080
10:50:01	0.079	0.080	0.080	0.082	0.080	0.080	0.080	0.080	0.083	0.080	0.080	0.080	0.079	0.102	0.430	0.395	0.430	0.175	0.248	0.289	0.173	0.274	0.174	0.080	0.080	0.101	0.480	0.410	0.404	0.177	0.250	0.226	0.176	0.380	0.193	0.080	0.080	0.100	0.438	0.399	0.391	0.181	0.245	0.372	0.173	0.314	0.188	0.080	0.080	0.100	0.435	0.416	0.380	0.179	0.346	0.350	0.178	0.235	0.283	0.079	0.079	0.101	0.436	0.474	0.485	0.180	0.393	0.505	0.175	0.565	0.183	0.080	0.080	0.101	0.490	0.486	0.494	0.180	0.503	0.500	0.181	0.475	0.180	0.080	0.079	0.080	0.080	0.079	0.079	0.079	0.080	0.080	0.080	0.080	0.078	0.080
11:00:01	0.079	0.080	0.080	0.081	0.080	0.080	0.080	0.080	0.084	0.080	0.080	0.079	0.079	0.101	0.435	0.395	0.421	0.177	0.252	0.302	0.173	0.280	0.174	0.080	0.080	0.101	0.489	0.426	0.410	0.177	0.264	0.233	0.177	0.398	0.191	0.080	0.079	0.100	0.434	0.406	0.387	0.181	0.256	0.373	0.173	0.333	0.188	0.080	0.079	0.100	0.444	0.419	0.385	0.180	0.354	0.363	0.178	0.237	0.294	0.079	0.079	0.100	0.448	0.478	0.491	0.180	0.393	0.497	0.176	0.586	0.183	0.080	0.079	0.101	0.487	0.493	0.485	0.177	0.490	0.482	0.182	0.487	0.182	0.080	0.079	0.080	0.079	0.079	0.079	0.079	0.079	0.080	0.080	0.080	0.078	0.080
11:10:01	0.079	0.080	0.080	0.081	0.080	0.080	0.080	0.080	0.083	0.080	0.080	0.080	0.079	0.101	0.445	0.393	0.436	0.176	0.262	0.305	0.173	0.281	0.174	0.080	0.080	0.101	0.501	0.420	0.415	0.178	0.274	0.241	0.179	0.420	0.198	0.080	0.080	0.100	0.441	0.409	0.391	0.182	0.266	0.384	0.174	0.347	0.189	0.080	0.080	0.100	0.451	0.425	0.392	0.181	0.357	0.386	0.179	0.239	0.301	0.079	0.080	0.101	0.449	0.486	0.499	0.181	0.419	0.544	0.178	0.596	0.185	0.080	0.080	0.101	0.493	0.497	0.492	0.178	0.510	0.513	0.183	0.508	0.184	0.080	0.079	0.080	0.080	0.080	0.080	0.080	0.080	0.080	0.080	0.080	0.079	0.080
11:20:01	0.079	0.080	0.080	0.081	0.080	0.080	0.080	0.080	0.084	0.080	0.080	0.079	0.079	0.101	0.448	0.409	0.445	0.177	0.268	0.310	0.174	0.301	0.177	0.080	0.080	0.101	0.514	0.427	0.412	0.178	0.280	0.243	0.180	0.431	0.192	0.079	0.080	0.100	0.451	0.415	0.397	0.182	0.282	0.398	0.175	0.338	0.190	0.080	0.080	0.100	0.467	0.429	0.400	0.180	0.373	0.387	0.179	0.244	0.306	0.079	0.080	0.101	0.449	0.494	0.506	0.182	0.429	0.540	0.178	0.609	0.187	0.080	0.080	0.101	0.498	0.500	0.492	0.177	0.504	0.524	0.183	0.525	0.182	0.080	0.079	0.080	0.080	0.080	0.080	0.080	0.080	0.080	0.080	0.080	0.079	0.080
11:30:01	0.079	0.080	0.080	0.082	0.080	0.080	0.080	0.080	0.082	0.080	0.080	0.080	0.079	0.101	0.456	0.410	0.451	0.179	0.276	0.315	0.176	0.312	0.180	0.080	0.080	0.101	0.524	0.438	0.436	0.180	0.280	0.250	0.181	0.448	0.199	0.079	0.080	0.100	0.472	0.426	0.403	0.184	0.291	0.404	0.176	0.356	0.191	0.079	0.080	0.100	0.475	0.433	0.406	0.182	0.392	0.405	0.181	0.243	0.317	0.079	0.080	0.101	0.449	0.498	0.507	0.182	0.435	0.553	0.181	0.633	0.187	0.080	0.080	0.101	0.506	0.503	0.502	0.179	0.543	0.542	0.186	0.534	0.187	0.080	0.079	0.080	0.080	0.080	0.080	0.080	0.080	0.080	0.080	0.080	0.078	0.080
11:40:01	0.079	0.080	0.080	0.081	0.080	0.080	0.080	0.080	0.083	0.080	0.080	0.080	0.079	0.102	0.457	0.422	0.451	0.178	0.291	0.324	0.178	0.321	0.178	0.080	0.080	0.101	0.516	0.438	0.425	0.180	0.298	0.267	0.183	0.459	0.195	0.079	0.080	0.100	0.473	0.425	0.403	0.184	0.309	0.434	0.176	0.373	0.191	0.079	0.080	0.100	0.478	0.436	0.411	0.181	0.423	0.431	0.181	0.246	0.319	0.079	0.079	0.100	0.455	0.501	0.512	0.183	0.458	0.573	0.182	0.649	0.190	0.079	0.080	0.101	0.508	0.505	0.505	0.179	0.567	0.555	0.186	0.550	0.186	0.080	0.079	0.080	0.080	0.079	0.079	0.079	0.080	0.080	0.080	0.080	0.078	0.080
11:50:01	0.079	0.080	0.080	0.081	0.080	0.080	0.080	0.080	0.083	0.080	0.080	0.079	0.079	0.101	0.458	0.420	0.445	0.179	0.297	0.329	0.178	0.320	0.182	0.080	0.080	0.101	0.517	0.434	0.438	0.180	0.297	0.269	0.183	0.451	0.201	0.079	0.080	0.100	0.472	0.435	0.410	0.185	0.311	0.425	0.178	0.371	0.195	0.079	0.080	0.100	0.474	0.451	0.417	0.182	0.409	0.419	0.181	0.247	0.325	0.079	0.080	0.100	0.457	0.506	0.516	0.185	0.440	0.578	0.185	0.654	0.185	0.079	0.080	0.101	0.515	0.512	0.507	0.180	0.542	0.533	0.187	0.553	0.192	0.080	0.079	0.080	0.080	0.079	0.080	0.079	0.080	0.080	0.080	0.080	0.078	0.080
12:00:01	0.079	0.080	0.080	0.081	0.080	0.080	0.080	0.080	0.083	0.080	0.080	0.080	0.079	0.101	0.469	0.441	0.471	0.178	0.307	0.340	0.178	0.329	0.181	0.080	0.080	0.101	0.536	0.452	0.434	0.181	0.312	0.282	0.185	0.462	0.202	0.079	0.080	0.100	0.485	0.435	0.426	0.186	0.335	0.442	0.178	0.390	0.194	0.079	0.080	0.100	0.481	0.463	0.425	0.183	0.435	0.442	0.182	0.248	0.335	0.079	0.080	0.100	0.467	0.510	0.520	0.186	0.480	0.595	0.187	0.677	0.192	0.079	0.080	0.101	0.522	0.522	0.517	0.181	0.572	0.558	0.189	0.573	0.192	0.079	0.079	0.080	0.080	0.080	0.080	0.079	0.080	0.080	0.080	0.080	0.078	0.079
12:10:01	0.079	0.080	0.080	0.081	0.080	0.080	0.080	0.080	0.083	0.080	0.080	0.079	0.079	0.101	0.482	0.460	0.467	0.177	0.320	0.346	0.178	0.343	0.181	0.080	0.080	0.101	0.530	0.449	0.446	0.181	0.333	0.288	0.186	0.480	0.201	0.079	0.080	0.100	0.491	0.442	0.433	0.186	0.340	0.467	0.179	0.413	0.194	0.079	0.080	0.100	0.491	0.460	0.430	0.184	0.446	0.465	0.183	0.251	0.340	0.079	0.079	0.100	0.467	0.517	0.525	0.187	0.514	0.607	0.188	0.684	0.192	0.079	0.080	0.101	0.530	0.529	0.524	0.182	0.579	0.587	0.190	0.583	0.193	0.079	0.079	0.080	0.080	0.080	0.079	0.079	0.080	0.080	0.080	0.080	0.079	0.079
12:20:01	0.079	0.080	0.080	0.081	0.080	0.080	0.080	0.080	0.083	0.080	0.080	0.080	0.079	0.101	0.481	0.457	0.470	0.177	0.325	0.363	0.178	0.354	0.184	0.080	0.080	0.101	0.542	0.450	0.447	0.182	0.336	0.291	0.187	0.492	0.202	0.079	0.080	0.100	0.499	0.447	0.436	0.188	0.335	0.463	0.180	0.414	0.197	0.079	0.080	0.100	0.495	0.461	0.443	0.186	0.442	0.455	0.184	0.251	0.348	0.079	0.080	0.101	0.478	0.525	0.537	0.188	0.494	0.618	0.189	0.686	0.193	0.079	0.080	0.101	0.538	0.538	0.534	0.183	0.576	0.597	0.191	0.591	0.195	0.079	0.079	0.080	0.080	0.080	0.080	0.080	0.080	0.080	0.080	0.080	0.079	0.079
12:30:01	0.079	0.080	0.080	0.082	0.080	0.080	0.080	0.080	0.083	0.080	0.080	0.080	0.079	0.101	0.494	0.450	0.488	0.177	0.338	0.366	0.179	0.361	0.182	0.080	0.080	0.101	0.550	0.460	0.455	0.183	0.355	0.301	0.189	0.508	0.201	0.079	0.080	0.100	0.504	0.449	0.436	0.188	0.355	0.486	0.181	0.421	0.196	0.079	0.080	0.100	0.502	0.465	0.444	0.187	0.467	0.482	0.185	0.252	0.358	0.079	0.080	0.100	0.487	0.531	0.539	0.189	0.520	0.630	0.190	0.706	0.198	0.079	0.080	0.101	0.543	0.543	0.541	0.183	0.606	0.610	0.191	0.612	0.197	0.079	0.079	0.080	0.080	0.080	0.080	0.079	0.080	0.080	0.080	0.080	0.078	0.079
12:40:01	0.079	0.080	0.080	0.081	0.079	0.080	0.080	0.080	0.084	0.080	0.080	0.080	0.079	0.101	0.503	0.450	0.480	0.177	0.341	0.374	0.182	0.369	0.187	0.080	0.080	0.101	0.552	0.477	0.459	0.182	0.369	0.312	0.190	0.511	0.200	0.079	0.080	0.100	0.511	0.460	0.441	0.189	0.374	0.503	0.182	0.431	0.196	0.079	0.080	0.100	0.508	0.472	0.444	0.188	0.478	0.490	0.185	0.257	0.366	0.079	0.080	0.100	0.493	0.538	0.552	0.190	0.527	0.633	0.191	0.723	0.198	0.079	0.080	0.101	0.550	0.547	0.545	0.183	0.619	0.627	0.192	0.631	0.202	0.079	0.079	0.080	0.080	0.080	0.080	0.079	0.080	0.080	0.080	0.080	0.078	0.079
12:50:01	0.080	0.080	0.080	0.082	0.080	0.080	0.080	0.080	0.082	0.080	0.080	0.080	0.079	0.101	0.507	0.460	0.484	0.176	0.342	0.374	0.185	0.380	0.187	0.080	0.080	0.101	0.561	0.492	0.479	0.184	0.379	0.316	0.190	0.530	0.205	0.079	0.080	0.100	0.511	0.468	0.455	0.190	0.368	0.512	0.183	0.458	0.197	0.079	0.080	0.100	0.518	0.475	0.449	0.190	0.521	0.513	0.186	0.256	0.383	0.079	0.080	0.100	0.500	0.544	0.556	0.192	0.553	0.653	0.194	0.753	0.200	0.079	0.080	0.101	0.559	0.556	0.555	0.185	0.629	0.633	0.194	0.649	0.202	0.079	0.079	0.080	0.080	0.080	0.080	0.079	0.080	0.080	0.080	0.080	0.079	0.079
13:00:01	0.080	0.080	0.080	0.082	0.080	0.080	0.080	0.080	0.082	0.080	0.080	0.080	0.079	0.101	0.511	0.469	0.489	0.175	0.353	0.384	0.187	0.392	0.187	0.080	0.080	0.101	0.569	0.487	0.488	0.184	0.392	0.333	0.191	0.544	0.208	0.079	0.080	0.100	0.513	0.469	0.458	0.191	0.401	0.529	0.185	0.451	0.198	0.079	0.080	0.100	0.525	0.478	0.458	0.191	0.529	0.520	0.187	0.258	0.385	0.080	0.080	0.100	0.509	0.545	0.562	0.193	0.574	0.669	0.195	0.771	0.205	0.080	0.080	0.101	0.562	0.556	0.561	0.186	0.646	0.649	0.195	0.654	0.205	0.079	0.079	0.080	0.080	0.080	0.080	0.080	0.080	0.080	0.080	0.080	0.079	0.080
13:10:01	0.080	0.080	0.080	0.082	0.080	0.080	0.080	0.080	0.082	0.080	0.080	0.080	0.079	0.101	0.515	0.478	0.505	0.175	0.365	0.393	0.183	0.398	0.190	0.080	0.080	0.101	0.579	0.494	0.490	0.184	0.386	0.339	0.191	0.558	0.210	0.079	0.080	0.100	0.519	0.476	0.459	0.192	0.399	0.536	0.186	0.461	0.202	0.079	0.080	0.100	0.533	0.482	0.464	0.191	0.516	0.524	0.188	0.260	0.390	0.079	0.080	0.101	0.516	0.550	0.567	0.194	0.568	0.670	0.195	0.769	0.205	0.079	0.080	0.101	0.562	0.559	0.562	0.187	0.657	0.657	0.197	0.663	0.207	0.079	0.079	0.080	0.080	0.080	0.080	0.080	0.080	0.080	0.080	0.080	0.079	0.079
13:20:01	0.080	0.080	0.080	0.082	0.080	0.079	0.080	0.080	0.082	0.080	0.080	0.080	0.079	0.101	0.521	0.475	0.505	0.174	0.377	0.403	0.182	0.408	0.192	0.080	0.080	0.101	0.588	0.500	0.497	0.186	0.407	0.349	0.192	0.577	0.209	0.079	0.080	0.100	0.526	0.483	0.463	0.193	0.425	0.559	0.187	0.472	0.202	0.079	0.080	0.100	0.538	0.489	0.466	0.194	0.545	0.542	0.189	0.261	0.396	0.079	0.080	0.100	0.518	0.554	0.570	0.195	0.590	0.687	0.197	0.786	0.210	0.079	0.080	0.101	0.566	0.563	0.565	0.190	0.680	0.670	0.197	0.678	0.211	0.079	0.079	0.080	0.080	0.080	0.080	0.080	0.080	0.080	0.080	0.080	0.079	0.079
13:30:01	0.080	0.080	0.080	0.082	0.080	0.079	0.080	0.080	0.082	0.080	0.080	0.080	0.079	0.101	0.536	0.481	0.519	0.174	0.386	0.409	0.182	0.414	0.188	0.080	0.080	0.101	0.597	0.508	0.497	0.186	0.417	0.364	0.193	0.586	0.208	0.079	0.080	0.100	0.529	0.484	0.471	0.193	0.442	0.579	0.189	0.482	0.202	0.079	0.080	0.100	0.541	0.495	0.468	0.194	0.556	0.570	0.190	0.263	0.403	0.079	0.080	0.100	0.522	0.558	0.580	0.196	0.623	0.716	0.197	0.820	0.215	0.080	0.080	0.101	0.566	0.567	0.570	0.191	0.699	0.686	0.198	0.700	0.210	0.079	0.079	0.080	0.080	0.080	0.080	0.080	0.080	0.080	0.080	0.080	0.079	0.079
13:40:01	0.080	0.080	0.080	0.081	0.079	0.079	0.080	0.080	0.082	0.080	0.080	0.080	0.079	0.101	0.547	0.486	0.521	0.175	0.396	0.419	0.182	0.417	0.191	0.080	0.080	0.101	0.595	0.513	0.492	0.186	0.423	0.374	0.193	0.593	0.209	0.079	0.080	0.100	0.536	0.489	0.470	0.194	0.430	0.580	0.190	0.496	0.204	0.079	0.080	0.100	0.551	0.499	0.478	0.195	0.549	0.557	0.190	0.264	0.411	0.079	0.080	0.100	0.526	0.564	0.585	0.197	0.614	0.712	0.197	0.805	0.218	0.079	0.080	0.100	0.579	0.574	0.576	0.191	0.689	0.702	0.199	0.705	0.209	0.079	0.079	0.080	0.080	0.079	0.080	0.079	0.080	0.080	0.080	0.080	0.078	0.079
13:50:01	0.080	0.080	0.080	0.081	0.080	0.079	0.080	0.080	0.083	0.080	0.080	0.080	0.079	0.101	0.554	0.494	0.531	0.175	0.405	0.428	0.188	0.424	0.192	0.080	0.080	0.101	0.601	0.521	0.505	0.188	0.431	0.384	0.194	0.608	0.210	0.079	0.080	0.100	0.544	0.489	0.482	0.195	0.457	0.606	0.191	0.508	0.204	0.079	0.080	0.100	0.553	0.508	0.477	0.197	0.573	0.577	0.192	0.266	0.424	0.079	0.080	0.100	0.532	0.570	0.588	0.198	0.628	0.720	0.199	0.848	0.216	0.079	0.080	0.101	0.588	0.586	0.578	0.193	0.708	0.699	0.199	0.714	0.212	0.079	0.079	0.080	0.080	0.080	0.080	0.079	0.080	0.080	0.080	0.080	0.079	0.079
14:00:01	0.080	0.080	0.080	0.081	0.079	0.079	0.080	0.080	0.084	0.080	0.079	0.080	0.079	0.101	0.556	0.507	0.538	0.175	0.411	0.437	0.191	0.437	0.191	0.080	0.080	0.101	0.612	0.525	0.514	0.188	0.440	0.394	0.194	0.612	0.207	0.079	0.080	0.100	0.547	0.502	0.486	0.195	0.477	0.606	0.192	0.517	0.205	0.079	0.080	0.100	0.561	0.518	0.484	0.196	0.584	0.586	0.192	0.269	0.430	0.079	0.080	0.100	0.536	0.576	0.593	0.198	0.636	0.730	0.199	0.842	0.216	0.079	0.080	0.101	0.595	0.594	0.583	0.194	0.709	0.713	0.200	0.720	0.215	0.079	0.079	0.080	0.080	0.080	0.080	0.079	0.080	0.080	0.080	0.080	0.079	0.079
14:10:01	0.080	0.080	0.080	0.082	0.080	0.079	0.080	0.080	0.082	0.080	0.080	0.080	0.079	0.101	0.565	0.509	0.535	0.175	0.415	0.447	0.194	0.449	0.194	0.080	0.080	0.101	0.617	0.540	0.516	0.190	0.452	0.396	0.195	0.629	0.212	0.079	0.080	0.100	0.546	0.509	0.491	0.197	0.467	0.616	0.193	0.532	0.207	0.079	0.080	0.100	0.562	0.521	0.490	0.199	0.586	0.584	0.195	0.269	0.443	0.079	0.080	0.100	0.541	0.582	0.596	0.199	0.646	0.752	0.201	0.854	0.217	0.079	0.080	0.101	0.598	0.600	0.585	0.196	0.725	0.736	0.201	0.728	0.217	0.079	0.079	0.080	0.080	0.080	0.080	0.080	0.080	0.080	0.080	0.080	0.079	0.080
14:20:01	0.080	0.080	0.080	0.086	0.080	0.079	0.080	0.080	0.082	0.080	0.080	0.080	0.079	0.101	0.565	0.518	0.538	0.176	0.426	0.457	0.195	0.457	0.198	0.079	0.080	0.101	0.629	0.536	0.525	0.191	0.462	0.414	0.196	0.650	0.214	0.079	0.080	0.100	0.551	0.510	0.497	0.198	0.500	0.626	0.195	0.545	0.208	0.079	0.080	0.100	0.565	0.526	0.498	0.200	0.604	0.618	0.197	0.271	0.452	0.079	0.080	0.100	0.542	0.589	0.599	0.200	0.663	0.762	0.203	0.893	0.219	0.079	0.080	0.101	0.600	0.604	0.588	0.197	0.755	0.772	0.202	0.742	0.217	0.079	0.079	0.080	0.080	0.080	0.080	0.080	0.080	0.080	0.080	0.080	0.078	0.080
14:30:01	0.080	0.080	0.079	0.085	0.079	0.079	0.080	0.080	0.083	0.080	0.080	0.080	0.079	0.101	0.568	0.527	0.542	0.177	0.438	0.467	0.188	0.470	0.202	0.079	0.080	0.101	0.636	0.540	0.525	0.191	0.458	0.425	0.196	0.652	0.213	0.079	0.080	0.100	0.561	0.512	0.497	0.198	0.487	0.634	0.196	0.552	0.210	0.079	0.080	0.100	0.571	0.532	0.502	0.200	0.598	0.609	0.200	0.272	0.456	0.079	0.080	0.100	0.548	0.595	0.601	0.201	0.663	0.759	0.203	0.872	0.222	0.079	0.080	0.100	0.602	0.610	0.597	0.198	0.755	0.754	0.202	0.756	0.216	0.079	0.079	0.080	0.080	0.080	0.080	0.080	0.080	0.080	0.080	0.080	0.078	0.080
14:40:01	0.080	0.080	0.080	0.084	0.079	0.079	0.080	0.080	0.084	0.080	0.080	0.080	0.079	0.101	0.580	0.534	0.564	0.177	0.445	0.481	0.192	0.481	0.201	0.079	0.080	0.101	0.638	0.551	0.529	0.192	0.475	0.434	0.197	0.667	0.213	0.079	0.080	0.100	0.571	0.516	0.505	0.199	0.521	0.645	0.197	0.557	0.210	0.079	0.080	0.100	0.578	0.537	0.505	0.201	0.618	0.637	0.202	0.275	0.465	0.079	0.080	0.100	0.556	0.599	0.606	0.202	0.688	0.765	0.205	0.883	0.221	0.079	0.080	0.101	0.608	0.613	0.603	0.196	0.766	0.778	0.204	0.765	0.218	0.079	0.079	0.080	0.080	0.080	0.080	0.080	0.080	0.080	0.080	0.080	0.079	0.080
14:50:01	0.079	0.080	0.080	0.084	0.079	0.080	0.080	0.080	0.083	0.080	0.080	0.080	0.079	0.101	0.596	0.535	0.577	0.175	0.448	0.492	0.197	0.491	0.198	0.079	0.080	0.101	0.639	0.565	0.535	0.192	0.496	0.448	0.198	0.678	0.213	0.079	0.080	0.100	0.570	0.524	0.511	0.200	0.516	0.677	0.198	0.567	0.211	0.079	0.080	0.100	0.582	0.543	0.508	0.201	0.637	0.644	0.202	0.278	0.473	0.079	0.080	0.100	0.561	0.605	0.611	0.203	0.710	0.794	0.206	0.876	0.223	0.079	0.080	0.100	0.611	0.616	0.609	0.198	0.771	0.811	0.205	0.782	0.220	0.079	0.079	0.080	0.080	0.080	0.080	0.080	0.080	0.080	0.080	0.080	0.079	0.080
15:00:01	0.079	0.080	0.080	0.085	0.079	0.080	0.080	0.080	0.083	0.080	0.080	0.080	0.079	0.101	0.591	0.540	0.569	0.177	0.456	0.500	0.197	0.501	0.204	0.079	0.080	0.101	0.649	0.569	0.536	0.194	0.500	0.453	0.198	0.691	0.215	0.079	0.080	0.100	0.574	0.529	0.510	0.201	0.513	0.666	0.198	0.578	0.214	0.079	0.080	0.100	0.587	0.545	0.508	0.203	0.633	0.637	0.205	0.278	0.483	0.079	0.080	0.100	0.570	0.608	0.613	0.204	0.693	0.794	0.207	0.880	0.220	0.079	0.080	0.101	0.614	0.620	0.617	0.200	0.779	0.782	0.206	0.786	0.222	0.079	0.079	0.080	0.080	0.080	0.080	0.080	0.080	0.080	0.080	0.080	0.079	0.080
15:10:01	0.079	0.080	0.080	0.086	0.079	0.080	0.080	0.080	0.082	0.080	0.080	0.080	0.079	0.101	0.595	0.546	0.574	0.178	0.466	0.510	0.200	0.514	0.206	0.079	0.080	0.101	0.658	0.576	0.544	0.195	0.514	0.459	0.199	0.711	0.217	0.079	0.080	0.100	0.573	0.535	0.512	0.202	0.553	0.689	0.199	0.601	0.215	0.079	0.080	0.100	0.593	0.544	0.511	0.205	0.670	0.660	0.206	0.279	0.492	0.079	0.080	0.100	0.575	0.611	0.618	0.205	0.702	0.807	0.210	0.879	0.228	0.079	0.080	0.101	0.622	0.629	0.618	0.203	0.803	0.793	0.209	0.805	0.224	0.079	0.079	0.080	0.080	0.080	0.080	0.080	0.080	0.080	0.080	0.080	0.079	0.080
15:20:01	0.079	0.080	0.080	0.084	0.079	0.079	0.080	0.079	0.083	0.080	0.079	0.079	0.079	0.101	0.602	0.560	0.574	0.178	0.479	0.520	0.199	0.524	0.206	0.079	0.080	0.101	0.665	0.576	0.552	0.194	0.523	0.475	0.200	0.711	0.215	0.079	0.080	0.100	0.578	0.545	0.516	0.201	0.550	0.690	0.200	0.599	0.215	0.079	0.080	0.100	0.602	0.550	0.515	0.205	0.666	0.659	0.207	0.282	0.503	0.079	0.080	0.100	0.580	0.616	0.623	0.207	0.713	0.817	0.209	0.886	0.226	0.079	0.080	0.100	0.629	0.637	0.625	0.208	0.805	0.805	0.215	0.818	0.222	0.079	0.079	0.080	0.080	0.080	0.080	0.080	0.080	0.080	0.080	0.080	0.079	0.080
15:30:01	0.079	0.080	0.080	0.085	0.079	0.079	0.079	0.079	0.083	0.080	0.079	0.079	0.079	0.101	0.615	0.570	0.582	0.179	0.484	0.532	0.200	0.534	0.208	0.079	0.080	0.101	0.671	0.580	0.556	0.197	0.539	0.481	0.200	0.728	0.218	0.079	0.080	0.100	0.583	0.549	0.521	0.203	0.560	0.707	0.201	0.614	0.218	0.079	0.080	0.100	0.612	0.553	0.518	0.209	0.670	0.684	0.209	0.283	0.514	0.079	0.080	0.100	0.584	0.622	0.627	0.208	0.745	0.831	0.212	0.898	0.227	0.079	0.080	0.100	0.636	0.644	0.629	0.212	0.827	0.830	0.219	0.846	0.224	0.079	0.079	0.080	0.080	0.080	0.080	0.080	0.080	0.080	0.080	0.080	0.079	0.080
15:40:01	0.079	0.080	0.080	0.084	0.079	0.079	0.079	0.079	0.083	0.079	0.079	0.079	0.079	0.101	0.631	0.578	0.598	0.178	0.494	0.543	0.199	0.546	0.207	0.079	0.080	0.101	0.682	0.588	0.561	0.197	0.545	0.495	0.201	0.746	0.222	0.079	0.080	0.100	0.596	0.554	0.528	0.203	0.575	0.722	0.203	0.625	0.217	0.079	0.080	0.100	0.624	0.560	0.523	0.209	0.673	0.690	0.210	0.285	0.524	0.079	0.080	0.100	0.591	0.626	0.633	0.209	0.747	0.836	0.212	0.902	0.226	0.079	0.080	0.100	0.641	0.650	0.636	0.211	0.835	0.828	0.223	0.853	0.226	0.079	0.079	0.080	0.080	0.080	0.080	0.080	0.080	0.080	0.080	0.080	0.079	0.079
15:50:01	0.079	0.080	0.080	0.085	0.079	0.079	0.080	0.079	0.083	0.080	0.079	0.079	0.079	0.101	0.632	0.589	0.594	0.180	0.504	0.556	0.205	0.560	0.208	0.079	0.080	0.101	0.693	0.600	0.567	0.199	0.554	0.501	0.202	0.759	0.222	0.079	0.079	0.100	0.598	0.557	0.533	0.205	0.572	0.734	0.204	0.639	0.220	0.079	0.080	0.100	0.629	0.565	0.527	0.211	0.692	0.705	0.212	0.285	0.536	0.079	0.080	0.100	0.595	0.627	0.638	0.212	0.770	0.851	0.215	0.916	0.229	0.079	0.080	0.101	0.646	0.656	0.640	0.212	0.852	0.854	0.224	0.872	0.225	0.079	0.079	0.080	0.080	0.080	0.080	0.080	0.080	0.080	0.080	0.080	0.079	0.079
16:00:01	0.079	0.080	0.080	0.086	0.079	0.079	0.080	0.079	0.083	0.080	0.079	0.079	0.079	0.101	0.631	0.584	0.606	0.179	0.516	0.569	0.203	0.573	0.208	0.079	0.080	0.101	0.697	0.606	0.573	0.200	0.564	0.513	0.203	0.767	0.221	0.079	0.080	0.100	0.609	0.567	0.538	0.205	0.600	0.734	0.205	0.652	0.222	0.079	0.080	0.100	0.631	0.567	0.532	0.211	0.711	0.720	0.212	0.289	0.547	0.079	0.080	0.100	0.598	0.627	0.644	0.213	0.777	0.873	0.215	0.923	0.228	0.079	0.080	0.101	0.648	0.657	0.646	0.212	0.868	0.882	0.223	0.876	0.227	0.079	0.080	0.080	0.080	0.080	0.080	0.080	0.080	0.080	0.080	0.080	0.079	0.079
16:10:01	0.079	0.080	0.080	0.087	0.079	0.079	0.080	0.080	0.083	0.080	0.079	0.080	0.079	0.102	0.640	0.587	0.607	0.181	0.526	0.580	0.208	0.584	0.208	0.079	0.080	0.101	0.698	0.609	0.577	0.202	0.570	0.520	0.204	0.782	0.223	0.079	0.080	0.100	0.612	0.569	0.541	0.208	0.598	0.737	0.206	0.660	0.223	0.079	0.080	0.100	0.629	0.571	0.539	0.212	0.709	0.717	0.215	0.289	0.559	0.079	0.080	0.100	0.605	0.629	0.649	0.215	0.779	0.863	0.217	0.930	0.223	0.079	0.080	0.100	0.647	0.658	0.650	0.209	0.861	0.869	0.224	0.881	0.225	0.079	0.080	0.079	0.080	0.080	0.080	0.080	0.080	0.080	0.080	0.080	0.079	0.079
16:20:01	0.079	0.080	0.080	0.088	0.079	0.079	0.080	0.079	0.083	0.080	0.079	0.080	0.079	0.101	0.645	0.594	0.611	0.182	0.534	0.592	0.203	0.595	0.214	0.079	0.080	0.101	0.705	0.617	0.582	0.204	0.582	0.524	0.205	0.794	0.227	0.079	0.079	0.100	0.617	0.569	0.544	0.209	0.614	0.749	0.208	0.677	0.225	0.079	0.080	0.100	0.635	0.575	0.540	0.213	0.725	0.741	0.215	0.293	0.570	0.079	0.080	0.100	0.611	0.632	0.655	0.216	0.804	0.880	0.219	0.937	0.227	0.079	0.080	0.100	0.654	0.661	0.656	0.211	0.877	0.878	0.223	0.922	0.226	0.079	0.079	0.079	0.080	0.080	0.080	0.080	0.080	0.080	0.080	0.080	0.079	0.079
16:30:01	0.080	0.080	0.080	0.086	0.079	0.079	0.080	0.080	0.083	0.080	0.080	0.080	0.079	0.101	0.658	0.600	0.620	0.182	0.544	0.606	0.205	0.609	0.210	0.080	0.080	0.101	0.712	0.623	0.592	0.205	0.595	0.535	0.205	0.810	0.231	0.079	0.080	0.100	0.624	0.575	0.549	0.209	0.636	0.762	0.210	0.687	0.226	0.079	0.080	0.100	0.640	0.578	0.545	0.213	0.752	0.743	0.216	0.294	0.581	0.079	0.080	0.100	0.616	0.637	0.658	0.219	0.810	0.896	0.220	0.936	0.228	0.080	0.080	0.101	0.662	0.666	0.662	0.210	0.892	0.880	0.223	0.899	0.226	0.079	0.080	0.079	0.080	0.080	0.080	0.080	0.080	0.080	0.080	0.080	0.079	0.080
16:40:01	0.080	0.080	0.080	0.087	0.079	0.079	0.080	0.080	0.083	0.080	0.080	0.080	0.079	0.101	0.666	0.611	0.627	0.182	0.551	0.618	0.206	0.621	0.217	0.080	0.080	0.101	0.715	0.625	0.591	0.207	0.611	0.539	0.206	0.815	0.230	0.079	0.080	0.100	0.629	0.576	0.552	0.210	0.646	0.768	0.211	0.699	0.228	0.079	0.080	0.100	0.645	0.579	0.552	0.214	0.751	0.738	0.218	0.294	0.592	0.079	0.080	0.100	0.618	0.641	0.662	0.221	0.804	0.894	0.222	0.940	0.231	0.079	0.080	0.101	0.663	0.670	0.663	0.208	0.905	0.888	0.224	0.907	0.229	0.079	0.080	0.079	0.080	0.080	0.080	0.080	0.080	0.080	0.080	0.080	0.079	0.080
16:50:01	0.080	0.080	0.080	0.085	0.079	0.079	0.080	0.080	0.083	0.080	0.079	0.080	0.079	0.101	0.668	0.615	0.638	0.183	0.563	0.629	0.211	0.632	0.212	0.079	0.080	0.101	0.719	0.627	0.592	0.209	0.630	0.555	0.208	0.831	0.227	0.079	0.080	0.100	0.634	0.581	0.554	0.211	0.659	0.793	0.212	0.715	0.226	0.079	0.080	0.100	0.650	0.584	0.555	0.217	0.763	0.754	0.219	0.297	0.601	0.079	0.080	0.100	0.619	0.646	0.664	0.222	0.832	0.908	0.222	0.949	0.226	0.079	0.080	0.101	0.667	0.675	0.666	0.207	0.922	0.891	0.218	0.924	0.228	0.079	0.080	0.079	0.080	0.080	0.080	0.080	0.080	0.080	0.080	0.080	0.079	0.079
17:00:01	0.080	0.080	0.080	0.086	0.079	0.080	0.080	0.080	0.082	0.080	0.079	0.080	0.079	0.101	0.674	0.617	0.646	0.184	0.573	0.642	0.213	0.645	0.216	0.079	0.080	0.101	0.724	0.632	0.596	0.211	0.645	0.562	0.208	0.851	0.231	0.079	0.080	0.100	0.636	0.585	0.555	0.213	0.695	0.799	0.214	0.734	0.230	0.079	0.080	0.100	0.654	0.586	0.559	0.219	0.792	0.769	0.221	0.300	0.611	0.079	0.080	0.100	0.621	0.650	0.666	0.224	0.832	0.916	0.224	0.953	0.227	0.079	0.080	0.101	0.672	0.680	0.670	0.211	0.923	0.899	0.218	0.950	0.229	0.079	0.080	0.079	0.080	0.080	0.080	0.080	0.080	0.080	0.080	0.080	0.079	0.080
17:10:01	0.080	0.080	0.080	0.086	0.079	0.080	0.080	0.080	0.082	0.080	0.080	0.080	0.079	0.102	0.680	0.623	0.647	0.185	0.583	0.654	0.214	0.655	0.215	0.080	0.080	0.101	0.728	0.637	0.600	0.211	0.659	0.583	0.209	0.865	0.233	0.079	0.080	0.100	0.641	0.592	0.558	0.214	0.694	0.807	0.215	0.742	0.233	0.079	0.080	0.100	0.658	0.590	0.563	0.221	0.784	0.777	0.222	0.300	0.614	0.079	0.080	0.100	0.624	0.653	0.668	0.226	0.843	0.923	0.224	0.963	0.228	0.079	0.080	0.101	0.674	0.686	0.675	0.208	0.941	0.913	0.217	0.949	0.228	0.079	0.080	0.079	0.080	0.080	0.080	0.080	0.080	0.080	0.080	0.081	0.079	0.080
17:20:01	0.079	0.080	0.079	0.084	0.079	0.079	0.080	0.079	0.083	0.079	0.079	0.080	0.079	0.101	0.684	0.631	0.647	0.186	0.590	0.666	0.215	0.666	0.217	0.079	0.080	0.100	0.730	0.644	0.604	0.215	0.672	0.599	0.211	0.862	0.229	0.079	0.079	0.100	0.644	0.596	0.564	0.215	0.697	0.819	0.217	0.750	0.233	0.079	0.080	0.100	0.663	0.595	0.566	0.223	0.780	0.784	0.224	0.305	0.616	0.079	0.079	0.100	0.629	0.657	0.672	0.228	0.850	0.935	0.226	0.977	0.229	0.079	0.080	0.100	0.676	0.692	0.683	0.207	0.935	0.932	0.217	0.948	0.226	0.079	0.079	0.079	0.080	0.080	0.080	0.080	0.080	0.080	0.080	0.080	0.079	0.079
17:30:01	0.079	0.080	0.079	0.083	0.079	0.079	0.079	0.079	0.083	0.079	0.079	0.080	0.079	0.101	0.694	0.635	0.652	0.187	0.598	0.677	0.206	0.680	0.217	0.079	0.080	0.100	0.735	0.650	0.609	0.215	0.684	0.608	0.212	0.860	0.230	0.079	0.079	0.100	0.649	0.600	0.567	0.215	0.715	0.830	0.219	0.764	0.233	0.079	0.080	0.100	0.663	0.601	0.570	0.225	0.803	0.796	0.226	0.307	0.622	0.079	0.079	0.100	0.633	0.660	0.675	0.230	0.841	0.942	0.229	0.978	0.230	0.079	0.080	0.100	0.679	0.696	0.689	0.211	0.922	0.943	0.215	0.944	0.227	0.079	0.080	0.079	0.080	0.080	0.080	0.080	0.080	0.080	0.080	0.080	0.079	0.079
17:40:01	0.080	0.080	0.080	0.084	0.079	0.079	0.079	0.080	0.082	0.080	0.079	0.080	0.079	0.101	0.703	0.643	0.661	0.187	0.602	0.691	0.204	0.694	0.221	0.079	0.080	0.100	0.740	0.654	0.616	0.216	0.703	0.613	0.213	0.866	0.237	0.079	0.080	0.100	0.654	0.601	0.569	0.217	0.722	0.832	0.221	0.775	0.235	0.079	0.080	0.100	0.669	0.605	0.576	0.227	0.808	0.806	0.229	0.308	0.634	0.079	0.080	0.100	0.637	0.663	0.679	0.233	0.847	0.944	0.230	0.979	0.230	0.079	0.080	0.100	0.687	0.696	0.691	0.211	0.928	0.945	0.216	0.957	0.230	0.079	0.080	0.079	0.080	0.080	0.080	0.080	0.080	0.080	0.080	0.080	0.079	0.079
17:50:01	0.080	0.080	0.079	0.086	0.079	0.079	0.079	0.080	0.082	0.080	0.080	0.080	0.079	0.101	0.702	0.650	0.664	0.188	0.605	0.706	0.208	0.708	0.223	0.080	0.080	0.101	0.747	0.658	0.618	0.217	0.714	0.625	0.214	0.872	0.240	0.079	0.080	0.100	0.659	0.602	0.570	0.220	0.716	0.826	0.223	0.782	0.236	0.079	0.080	0.100	0.675	0.608	0.578	0.227	0.808	0.799	0.230	0.310	0.454	0.079	0.080	0.100	0.640	0.666	0.681	0.234	0.853	0.949	0.230	0.960	0.230	0.079	0.080	0.101	0.691	0.698	0.691	0.208	0.932	0.947	0.214	0.962	0.227	0.079	0.080	0.079	0.080	0.080	0.080	0.080	0.080	0.080	0.080	0.080	0.079	0.079
18:00:01	0.080	0.080	0.079	0.086	0.079	0.079	0.079	0.080	0.082	0.080	0.080	0.080	0.079	0.101	0.701	0.658	0.659	0.189	0.610	0.720	0.210	0.725	0.220	0.080	0.080	0.101	0.751	0.661	0.623	0.220	0.731	0.636	0.215	0.875	0.242	0.079	0.079	0.100	0.664	0.603	0.574	0.223	0.730	0.836	0.224	0.790	0.242	0.079	0.080	0.100	0.682	0.610	0.579	0.229	0.820	0.801	0.231	0.315	0.470	0.079	0.080	0.100	0.644	0.668	0.684	0.236	0.873	0.954	0.235	0.960	0.231	0.079	0.080	0.100	0.691	0.704	0.695	0.212	0.938	0.952	0.212	0.966	0.230	0.079	0.080	0.079	0.080	0.080	0.080	0.080	0.080	0.080	0.080	0.080	0.079	0.079
18:10:01	0.080	0.080	0.079	0.088	0.079	0.079	0.079	0.080	0.082	0.080	0.079	0.080	0.079	0.100	0.707	0.664	0.666	0.190	0.616	0.736	0.206	0.739	0.226	0.080	0.080	0.100	0.754	0.667	0.629	0.221	0.744	0.646	0.217	0.884	0.242	0.079	0.079	0.100	0.668	0.606	0.577	0.222	0.749	0.840	0.224	0.799	0.240	0.079	0.079	0.100	0.686	0.612	0.580	0.230	0.834	0.821	0.234	0.317	0.473	0.079	0.080	0.100	0.647	0.671	0.689	0.239	0.893	0.955	0.235	0.958	0.231	0.079	0.080	0.100	0.693	0.707	0.698	0.211	0.947	0.961	0.211	0.971	0.231	0.079	0.080	0.079	0.080	0.080	0.080	0.080	0.080	0.080	0.080	0.080	0.079	0.079
18:20:01	0.079	0.080	0.080	0.086	0.079	0.080	0.079	0.080	0.082	0.080	0.079	0.080	0.079	0.101	0.715	0.668	0.675	0.190	0.622	0.748	0.208	0.755	0.223	0.080	0.080	0.101	0.758	0.670	0.631	0.222	0.757	0.657	0.217	0.888	0.248	0.079	0.079	0.100	0.668	0.607	0.580	0.221	0.755	0.845	0.227	0.806	0.242	0.079	0.079	0.100	0.688	0.614	0.583	0.231	0.846	0.835	0.233	0.320	0.482	0.079	0.080	0.100	0.650	0.673	0.691	0.241	0.903	0.960	0.237	0.956	0.232	0.080	0.080	0.100	0.696	0.711	0.702	0.209	0.956	0.966	0.211	0.976	0.230	0.079	0.080	0.079	0.080	0.080	0.080	0.080	0.080	0.081	0.081	0.081	0.079	0.080
18:30:01	0.079	0.080	0.080	0.087	0.079	0.080	0.080	0.080	0.082	0.080	0.079	0.080	0.079	0.101	0.716	0.675	0.675	0.191	0.633	0.759	0.209	0.770	0.226	0.080	0.080	0.101	0.762	0.672	0.635	0.223	0.768	0.667	0.219	0.893	0.250	0.079	0.079	0.100	0.667	0.608	0.581	0.222	0.777	0.861	0.228	0.817	0.242	0.079	0.080	0.100	0.689	0.616	0.584	0.233	0.864	0.840	0.234	0.322	0.489	0.079	0.080	0.100	0.653	0.674	0.693	0.243	0.900	0.964	0.241	0.950	0.234	0.080	0.081	0.101	0.696	0.714	0.706	0.213	0.962	0.961	0.214	0.979	0.230	0.079	0.080	0.079	0.080	0.080	0.080	0.080	0.080	0.080	0.081	0.081	0.079	0.080
18:40:01	0.079	0.080	0.080	0.087	0.079	0.080	0.079	0.080	0.082	0.080	0.079	0.080	0.079	0.100	0.721	0.685	0.680	0.192	0.566	0.768	0.207	0.786	0.227	0.080	0.080	0.101	0.768	0.677	0.637	0.225	0.787	0.682	0.220	0.897	0.251	0.079	0.079	0.100	0.671	0.613	0.583	0.223	0.780	0.872	0.231	0.822	0.245	0.079	0.080	0.100	0.695	0.619	0.587	0.234	0.869	0.838	0.236	0.326	0.494	0.079	0.080	0.100	0.658	0.678	0.697	0.245	0.912	0.972	0.242	0.943	0.234	0.080	0.080	0.101	0.698	0.717	0.708	0.215	0.967	0.968	0.210	0.984	0.233	0.079	0.080	0.079	0.080	0.080	0.080	0.080	0.080	0.080	0.080	0.081	0.079	0.079
18:50:01	0.080	0.080	0.080	0.086	0.079	0.080	0.080	0.080	0.082	0.080	0.079	0.080	0.079	0.102	0.725	0.686	0.683	0.192	0.583	0.777	0.208	0.797	0.225	0.080	0.080	0.101	0.770	0.681	0.640	0.228	0.802	0.694	0.221	0.905	0.253	0.079	0.079	0.100	0.673	0.617	0.584	0.225	0.782	0.877	0.234	0.826	0.246	0.079	0.079	0.100	0.701	0.620	0.589	0.235	0.873	0.850	0.238	0.327	0.498	0.079	0.080	0.100	0.662	0.681	0.699	0.247	0.910	0.973	0.241	0.944	0.233	0.080	0.080	0.100	0.700	0.719	0.709	0.213	0.969	0.974	0.211	0.987	0.234	0.079	0.080	0.079	0.080	0.080	0.080	0.080	0.080	0.081	0.081	0.081	0.079	0.079
19:00:01	0.079	0.080	0.079	0.084	0.079	0.079	0.079	0.079	0.083	0.079	0.079	0.080	0.079	0.101	0.728	0.693	0.686	0.193	0.599	0.782	0.208	0.806	0.229	0.080	0.080	0.100	0.774	0.686	0.647	0.229	0.818	0.711	0.222	0.918	0.254	0.079	0.079	0.100	0.677	0.623	0.586	0.226	0.798	0.900	0.237	0.831	0.247	0.079	0.079	0.100	0.706	0.623	0.593	0.237	0.897	0.867	0.240	0.329	0.499	0.079	0.080	0.100	0.664	0.685	0.702	0.249	0.912	0.978	0.244	0.944	0.232	0.079	0.080	0.100	0.703	0.723	0.713	0.214	0.970	0.981	0.210	0.988	0.237	0.079	0.079	0.079	0.080	0.080	0.080	0.079	0.080	0.080	0.080	0.080	0.079	0.079
19:10:01	0.079	0.080	0.080	0.085	0.079	0.079	0.079	0.079	0.082	0.079	0.079	0.080	0.079	0.101	0.732	0.699	0.696	0.194	0.622	0.795	0.205	0.814	0.233	0.080	0.080	0.100	0.778	0.690	0.652	0.231	0.828	0.721	0.225	0.926	0.259	0.079	0.079	0.100	0.682	0.626	0.589	0.230	0.806	0.903	0.238	0.837	0.250	0.079	0.079	0.100	0.711	0.625	0.595	0.239	0.889	0.870	0.244	0.334	0.505	0.079	0.080	0.100	0.666	0.687	0.704	0.251	0.918	0.975	0.244	0.948	0.234	0.079	0.080	0.100	0.706	0.725	0.715	0.214	0.954	0.981	0.210	0.994	0.233	0.079	0.079	0.079	0.080	0.080	0.080	0.079	0.080	0.080	0.080	0.080	0.079	0.079
19:20:01	0.079	0.080	0.079	0.084	0.079	0.079	0.079	0.079	0.084	0.079	0.079	0.080	0.079	0.100	0.737	0.704	0.703	0.195	0.609	0.802	0.203	0.822	0.231	0.079	0.080	0.100	0.782	0.694	0.657	0.233	0.838	0.730	0.225	0.930	0.258	0.079	0.079	0.099	0.686	0.630	0.593	0.232	0.822	0.912	0.238	0.849	0.250	0.079	0.079	0.100	0.716	0.628	0.597	0.241	0.898	0.886	0.246	0.338	0.506	0.079	0.079	0.100	0.670	0.690	0.708	0.253	0.928	0.863	0.250	0.951	0.233	0.079	0.080	0.100	0.709	0.729	0.722	0.215	0.899	0.986	0.210	0.996	0.237	0.079	0.079	0.079	0.080	0.080	0.080	0.079	0.080	0.080	0.080	0.080	0.079	0.079
19:30:01	0.079	0.080	0.080	0.085	0.079	0.080	0.079	0.079	0.083	0.080	0.079	0.080	0.079	0.101	0.740	0.710	0.703	0.195	0.655	0.818	0.207	0.827	0.236	0.080	0.080	0.100	0.785	0.698	0.658	0.235	0.848	0.737	0.229	0.935	0.255	0.079	0.079	0.100	0.687	0.630	0.595	0.233	0.830	0.925	0.242	0.854	0.252	0.079	0.080	0.100	0.716	0.628	0.598	0.242	0.904	0.901	0.249	0.341	0.512	0.079	0.080	0.100	0.672	0.692	0.710	0.256	0.932	0.817	0.251	0.951	0.236	0.079	0.080	0.100	0.710	0.730	0.726	0.217	0.885	0.990	0.216	0.996	0.238	0.079	0.079	0.079	0.081	0.080	0.080	0.080	0.080	0.080	0.081	0.081	0.079	0.079
19:40:01	0.079	0.080	0.080	0.086	0.079	0.079	0.079	0.080	0.082	0.080	0.079	0.080	0.079	0.101	0.743	0.713	0.703	0.197	0.654	0.831	0.210	0.836	0.237	0.080	0.080	0.100	0.789	0.701	0.661	0.239	0.858	0.745	0.229	0.939	0.259	0.079	0.079	0.100	0.690	0.632	0.597	0.236	0.832	0.922	0.245	0.865	0.253	0.079	0.079	0.100	0.718	0.631	0.602	0.244	0.904	0.892	0.249	0.342	0.515	0.079	0.079	0.100	0.674	0.694	0.713	0.258	0.934	0.813	0.254	0.952	0.237	0.079	0.080	0.100	0.713	0.732	0.730	0.217	0.872	0.996	0.214	0.994	0.239	0.079	0.079	0.079	0.080	0.080	0.080	0.080	0.080	0.081	0.081	0.081	0.079	0.079
19:50:01	0.079	0.080	0.079	0.086	0.079	0.079	0.079	0.079	0.083	0.080	0.079	0.080	0.079	0.101	0.750	0.719	0.709	0.197	0.648	0.844	0.212	0.841	0.237	0.080	0.080	0.100	0.793	0.705	0.665	0.240	0.864	0.755	0.233	0.944	0.256	0.079	0.079	0.100	0.692	0.635	0.599	0.237	0.843	0.929	0.246	0.868	0.257	0.079	0.079	0.100	0.723	0.634	0.604	0.245	0.912	0.900	0.251	0.347	0.515	0.079	0.079	0.100	0.676	0.696	0.716	0.260	0.935	0.835	0.257	0.947	0.236	0.079	0.080	0.100	0.715	0.736	0.732	0.219	0.861	0.995	0.213	0.996	0.240	0.079	0.079	0.079	0.080	0.080	0.080	0.079	0.080	0.080	0.081	0.081	0.079	0.079
20:00:01	0.079	0.080	0.079	0.087	0.079	0.079	0.079	0.079	0.082	0.080	0.079	0.080	0.079	0.101	0.752	0.723	0.714	0.198	0.654	0.860	0.209	0.852	0.241	0.080	0.080	0.100	0.796	0.709	0.665	0.245	0.878	0.758	0.234	0.947	0.263	0.079	0.079	0.100	0.694	0.636	0.602	0.240	0.855	0.926	0.248	0.871	0.263	0.079	0.079	0.100	0.724	0.635	0.607	0.248	0.917	0.905	0.253	0.351	0.524	0.079	0.079	0.100	0.676	0.698	0.716	0.263	0.937	0.834	0.261	0.949	0.238	0.079	0.080	0.100	0.718	0.738	0.731	0.225	0.858	0.991	0.213	0.998	0.240	0.079	0.079	0.079	0.080	0.080	0.080	0.079	0.080	0.080	0.081	0.081	0.079	0.079
20:10:01	0.080	0.080	0.080	0.086	0.079	0.080	0.079	0.080	0.083	0.080	0.080	0.080	0.079	0.101	0.753	0.725	0.717	0.200	0.656	0.874	0.210	0.859	0.239	0.080	0.080	0.100	0.801	0.713	0.667	0.247	0.888	0.766	0.236	0.952	0.268	0.079	0.079	0.100	0.694	0.640	0.605	0.243	0.854	0.932	0.248	0.874	0.261	0.079	0.079	0.100	0.728	0.637	0.608	0.251	0.919	0.913	0.255	0.354	0.526	0.080	0.079	0.100	0.678	0.700	0.718	0.265	0.945	0.829	0.259	0.948	0.238	0.079	0.080	0.100	0.722	0.742	0.732	0.224	0.854	0.993	0.214	1.002	0.242	0.079	0.079	0.079	0.080	0.080	0.080	0.080	0.080	0.081	0.081	0.081	0.079	0.079
20:20:01	0.080	0.080	0.080	0.087	0.079	0.080	0.080	0.080	0.082	0.080	0.080	0.080	0.079	0.100	0.759	0.726	0.721	0.199	0.660	0.885	0.218	0.869	0.237	0.080	0.079	0.101	0.804	0.717	0.668	0.248	0.898	0.772	0.237	0.954	0.270	0.079	0.079	0.100	0.697	0.643	0.606	0.244	0.862	0.936	0.251	0.876	0.260	0.079	0.080	0.100	0.736	0.640	0.610	0.253	0.921	0.915	0.257	0.358	0.535	0.079	0.079	0.100	0.680	0.702	0.719	0.266	0.946	0.829	0.259	0.949	0.239	0.079	0.080	0.100	0.725	0.746	0.734	0.220	0.855	0.840	0.217	1.004	0.245	0.079	0.079	0.079	0.080	0.080	0.080	0.080	0.080	0.081	0.081	0.081	0.079	0.079
20:30:01	0.080	0.080	0.079	0.087	0.079	0.080	0.080	0.080	0.083	0.080	0.080	0.080	0.079	0.100	0.761	0.730	0.721	0.202	0.665	0.895	0.215	0.880	0.245	0.080	0.079	0.101	0.805	0.720	0.670	0.253	0.909	0.776	0.240	0.959	0.274	0.079	0.079	0.100	0.703	0.645	0.607	0.247	0.865	0.940	0.255	0.826	0.259	0.079	0.080	0.100	0.740	0.642	0.613	0.255	0.928	0.914	0.258	0.361	0.536	0.080	0.079	0.100	0.683	0.702	0.720	0.269	0.948	0.829	0.263	0.949	0.241	0.079	0.080	0.100	0.727	0.749	0.735	0.221	0.855	0.824	0.216	1.008	0.245	0.079	0.079	0.079	0.081	0.080	0.080	0.080	0.080	0.081	0.081	0.081	0.079	0.079
20:40:01	0.080	0.080	0.079	0.085	0.079	0.079	0.079	0.079	0.083	0.079	0.079	0.080	0.079	0.101	0.766	0.738	0.726	0.200	0.671	0.901	0.218	0.890	0.242	0.080	0.079	0.100	0.807	0.723	0.672	0.254	0.924	0.784	0.240	0.965	0.272	0.079	0.079	0.100	0.707	0.645	0.608	0.247	0.876	0.946	0.255	0.874	0.259	0.079	0.080	0.100	0.739	0.646	0.616	0.256	0.935	0.924	0.259	0.363	0.534	0.079	0.079	0.100	0.686	0.702	0.721	0.272	0.956	0.827	0.266	0.949	0.238	0.079	0.080	0.100	0.728	0.750	0.737	0.221	0.849	0.836	0.219	1.010	0.246	0.079	0.079	0.079	0.081	0.080	0.080	0.080	0.080	0.080	0.080	0.081	0.079	0.079
20:50:01	0.080	0.080	0.079	0.084	0.079	0.080	0.080	0.080	0.083	0.079	0.080	0.080	0.079	0.101	0.768	0.745	0.727	0.202	0.680	0.912	0.215	0.898	0.240	0.080	0.079	0.100	0.809	0.727	0.674	0.256	0.932	0.790	0.244	0.970	0.275	0.079	0.079	0.100	0.710	0.647	0.611	0.249	0.884	0.951	0.257	0.872	0.264	0.079	0.079	0.100	0.741	0.648	0.618	0.258	0.938	0.929	0.262	0.371	0.536	0.079	0.079	0.100	0.688	0.703	0.722	0.276	0.959	0.824	0.268	0.947	0.239	0.079	0.080	0.100	0.729	0.752	0.739	0.226	0.846	0.842	0.217	1.011	0.247	0.079	0.079	0.079	0.080	0.079	0.080	0.079	0.080	0.081	0.081	0.081	0.079	0.079
21:00:01	0.080	0.080	0.079	0.085	0.079	0.079	0.079	0.079	0.082	0.079	0.079	0.080	0.079	0.101	0.769	0.749	0.728	0.204	0.688	0.918	0.215	0.908	0.244	0.080	0.079	0.100	0.812	0.731	0.673	0.258	0.941	0.793	0.245	0.974	0.280	0.079	0.079	0.100	0.711	0.648	0.612	0.252	0.886	0.954	0.257	0.852	0.267	0.079	0.079	0.100	0.745	0.649	0.619	0.259	0.944	0.939	0.266	0.372	0.544	0.079	0.079	0.100	0.690	0.705	0.723	0.278	0.965	0.823	0.270	0.947	0.241	0.079	0.080	0.100	0.732	0.754	0.740	0.228	0.851	0.840	0.221	1.014	0.249	0.079	0.079	0.079	0.080	0.080	0.080	0.080	0.080	0.080	0.081	0.081	0.079	0.079
21:10:01	0.079	0.080	0.079	0.084	0.079	0.079	0.079	0.079	0.084	0.079	0.079	0.080	0.079	0.101	0.775	0.752	0.733	0.204	0.683	0.925	0.215	0.915	0.240	0.080	0.079	0.100	0.817	0.736	0.675	0.258	0.951	0.702	0.247	0.980	0.278	0.079	0.079	0.099	0.714	0.651	0.616	0.253	0.885	0.959	0.258	0.854	0.267	0.079	0.079	0.099	0.748	0.652	0.621	0.260	0.952	0.944	0.270	0.377	0.549	0.079	0.079	0.100	0.692	0.707	0.724	0.281	0.971	0.820	0.271	0.946	0.240	0.079	0.079	0.100	0.736	0.756	0.742	0.227	0.845	0.838	0.221	1.012	0.247	0.079	0.079	0.079	0.080	0.079	0.080	0.079	0.080	0.080	0.080	0.081	0.079	0.079
21:20:01	0.079	0.080	0.079	0.083	0.079	0.079	0.079	0.079	0.084	0.079	0.079	0.080	0.079	0.100	0.779	0.756	0.734	0.205	0.683	0.931	0.218	0.926	0.243	0.080	0.079	0.100	0.819	0.736	0.679	0.260	0.961	0.710	0.249	0.985	0.281	0.079	0.079	0.099	0.716	0.652	0.617	0.254	0.887	0.962	0.259	0.857	0.266	0.079	0.079	0.100	0.749	0.654	0.622	0.262	0.953	0.947	0.273	0.380	0.555	0.079	0.079	0.100	0.694	0.710	0.725	0.283	0.973	0.818	0.272	0.947	0.240	0.079	0.079	0.100	0.737	0.759	0.744	0.229	0.843	0.835	0.222	1.014	0.248	0.079	0.079	0.079	0.080	0.079	0.080	0.079	0.080	0.080	0.081	0.081	0.079	0.079
21:30:01	0.079	0.080	0.079	0.086	0.079	0.079	0.080	0.079	0.083	0.079	0.080	0.080	0.079	0.101	0.785	0.759	0.734	0.206	0.696	0.941	0.216	0.933	0.243	0.080	0.079	0.100	0.820	0.736	0.681	0.262	0.971	0.732	0.251	0.988	0.284	0.079	0.079	0.100	0.716	0.652	0.618	0.256	0.883	0.964	0.260	0.862	0.267	0.079	0.080	0.100	0.751	0.656	0.623	0.264	0.958	0.949	0.273	0.386	0.564	0.079	0.079	0.100	0.696	0.712	0.725	0.285	0.972	0.818	0.273	0.945	0.243	0.079	0.080	0.100	0.736	0.759	0.745	0.229	0.850	0.832	0.225	1.013	0.249	0.080	0.079	0.079	0.080	0.080	0.080	0.080	0.080	0.081	0.081	0.081	0.079	0.079
21:40:01	0.079	0.080	0.079	0.086	0.079	0.079	0.080	0.079	0.082	0.079	0.080	0.080	0.079	0.101	0.789	0.761	0.737	0.207	0.703	0.949	0.214	0.941	0.250	0.080	0.079	0.100	0.819	0.737	0.682	0.266	0.978	0.733	0.255	0.991	0.285	0.079	0.079	0.100	0.717	0.654	0.619	0.258	0.880	0.963	0.264	0.864	0.268	0.079	0.079	0.100	0.752	0.657	0.624	0.267	0.960	0.948	0.273	0.389	0.569	0.079	0.079	0.100	0.699	0.714	0.726	0.288	0.972	0.817	0.274	0.944	0.243	0.079	0.080	0.100	0.737	0.760	0.745	0.232	0.847	0.832	0.226	1.015	0.251	0.079	0.079	0.079	0.080	0.080	0.080	0.080	0.080	0.081	0.081	0.081	0.079	0.079
21:50:01	0.079	0.080	0.079	0.087	0.079	0.079	0.079	0.079	0.082	0.079	0.079	0.080	0.080	0.100	0.791	0.766	0.742	0.209	0.703	0.956	0.218	0.950	0.247	0.080	0.079	0.100	0.822	0.741	0.682	0.268	0.985	0.732	0.257	0.996	0.290	0.079	0.079	0.100	0.719	0.657	0.619	0.259	0.881	0.965	0.266	0.864	0.270	0.079	0.080	0.100	0.756	0.660	0.625	0.270	0.962	0.951	0.272	0.394	0.574	0.079	0.079	0.100	0.701	0.716	0.728	0.291	0.975	0.815	0.276	0.942	0.245	0.079	0.080	0.100	0.739	0.761	0.746	0.231	0.848	0.830	0.229	1.015	0.251	0.079	0.079	0.079	0.080	0.080	0.080	0.080	0.080	0.081	0.079	0.081	0.079	0.079
22:00:01	0.079	0.080	0.079	0.085	0.079	0.079	0.080	0.079	0.084	0.079	0.080	0.080	0.079	0.100	0.792	0.768	0.744	0.210	0.703	0.958	0.218	0.954	0.247	0.080	0.079	0.100	0.824	0.744	0.684	0.270	0.990	0.737	0.259	0.998	0.286	0.079	0.079	0.099	0.723	0.660	0.622	0.261	0.885	0.966	0.269	0.870	0.269	0.079	0.079	0.100	0.758	0.661	0.627	0.273	0.963	0.954	0.276	0.398	0.580	0.079	0.079	0.100	0.703	0.718	0.729	0.293	0.978	0.811	0.281	0.942	0.245	0.079	0.080	0.100	0.739	0.764	0.746	0.231	0.840	0.828	0.231	1.013	0.252	0.079	0.080	0.079	0.080	0.080	0.080	0.079	0.080	0.081	0.079	0.081	0.079	0.079
22:10:01	0.080	0.080	0.079	0.086	0.079	0.080	0.080	0.080	0.083	0.080	0.080	0.080	0.080	0.101	0.794	0.770	0.742	0.211	0.715	0.964	0.221	0.959	0.248	0.080	0.079	0.101	0.824	0.742	0.682	0.273	0.996	0.724	0.263	1.002	0.293	0.079	0.079	0.100	0.725	0.658	0.623	0.265	0.881	0.967	0.270	0.868	0.268	0.079	0.080	0.100	0.760	0.661	0.628	0.277	0.968	0.957	0.280	0.400	0.587	0.079	0.079	0.100	0.705	0.717	0.728	0.296	0.979	0.814	0.284	0.940	0.248	0.080	0.080	0.100	0.741	0.763	0.746	0.232	0.844	0.827	0.227	1.016	0.254	0.079	0.080	0.079	0.080	0.080	0.081	0.080	0.081	0.081	0.080	0.081	0.079	0.080
22:20:01	0.080	0.080	0.079	0.087	0.079	0.080	0.080	0.080	0.082	0.080	0.080	0.080	0.080	0.100	0.797	0.773	0.742	0.212	0.721	0.970	0.221	0.964	0.251	0.080	0.079	0.100	0.825	0.744	0.683	0.276	1.002	0.720	0.266	1.005	0.298	0.079	0.079	0.100	0.728	0.658	0.624	0.266	0.882	0.971	0.273	0.866	0.268	0.079	0.080	0.100	0.764	0.662	0.628	0.278	0.972	0.961	0.284	0.405	0.593	0.079	0.079	0.100	0.707	0.717	0.728	0.298	0.979	0.816	0.286	0.940	0.246	0.079	0.080	0.100	0.742	0.764	0.747	0.233	0.843	0.825	0.229	1.014	0.252	0.079	0.080	0.079	0.080	0.080	0.080	0.080	0.080	0.081	0.080	0.081	0.079	0.079
22:30:01	0.080	0.080	0.079	0.087	0.079	0.080	0.080	0.080	0.082	0.080	0.080	0.080	0.080	0.100	0.798	0.777	0.743	0.214	0.731	0.973	0.220	0.970	0.249	0.080	0.079	0.100	0.826	0.744	0.684	0.281	1.008	0.717	0.269	1.008	0.298	0.079	0.079	0.100	0.729	0.659	0.624	0.269	0.884	0.972	0.277	0.872	0.268	0.079	0.080	0.100	0.763	0.663	0.627	0.280	0.975	0.965	0.287	0.407	0.599	0.079	0.079	0.100	0.710	0.717	0.728	0.301	0.980	0.815	0.286	0.936	0.247	0.079	0.080	0.100	0.742	0.765	0.748	0.237	0.842	0.824	0.230	1.014	0.255	0.079	0.080	0.079	0.080	0.080	0.080	0.079	0.080	0.081	0.080	0.081	0.079	0.079
22:40:01	0.080	0.080	0.079	0.086	0.079	0.080	0.080	0.080	0.082	0.080	0.080	0.080	0.080	0.101	0.799	0.780	0.744	0.216	0.744	0.977	0.220	0.975	0.251	0.080	0.079	0.100	0.829	0.745	0.682	0.285	1.017	0.721	0.272	1.011	0.295	0.079	0.079	0.100	0.730	0.659	0.624	0.271	0.889	0.974	0.279	0.870	0.266	0.079	0.079	0.100	0.761	0.662	0.626	0.283	0.976	0.964	0.287	0.413	0.606	0.079	0.079	0.100	0.710	0.717	0.728	0.304	0.980	0.815	0.289	0.933	0.248	0.079	0.080	0.100	0.743	0.766	0.749	0.234	0.838	0.822	0.232	1.013	0.258	0.079	0.079	0.079	0.080	0.080	0.080	0.079	0.080	0.081	0.079	0.080	0.079	0.079
22:50:01	0.080	0.080	0.079	0.085	0.079	0.080	0.080	0.080	0.082	0.080	0.080	0.080	0.080	0.100	0.803	0.783	0.744	0.216	0.748	0.980	0.218	0.978	0.251	0.080	0.079	0.100	0.832	0.749	0.684	0.287	1.021	0.727	0.276	1.014	0.297	0.079	0.079	0.100	0.733	0.661	0.624	0.269	0.890	0.976	0.280	0.880	0.264	0.079	0.080	0.100	0.761	0.664	0.627	0.284	0.980	0.965	0.287	0.418	0.611	0.079	0.079	0.100	0.711	0.716	0.728	0.308	0.981	0.812	0.295	0.931	0.248	0.079	0.080	0.100	0.744	0.765	0.752	0.235	0.838	0.818	0.234	1.013	0.257	0.079	0.080	0.079	0.080	0.080	0.080	0.079	0.080	0.081	0.080	0.080	0.079	0.079
23:00:01	0.079	0.080	0.079	0.081	0.079	0.079	0.079	0.079	0.083	0.079	0.080	0.080	0.080	0.101	0.805	0.785	0.746	0.218	0.762	0.980	0.218	0.979	0.252	0.079	0.079	0.100	0.833	0.751	0.685	0.288	1.026	0.749	0.279	1.015	0.287	0.079	0.079	0.099	0.734	0.664	0.624	0.273	0.898	0.974	0.283	0.886	0.264	0.079	0.079	0.099	0.760	0.665	0.627	0.285	0.981	0.967	0.291	0.421	0.617	0.079	0.079	0.100	0.711	0.715	0.728	0.311	0.979	0.810	0.299	0.931	0.250	0.079	0.080	0.100	0.744	0.765	0.752	0.237	0.833	0.817	0.233	1.011	0.260	0.079	0.079	0.079	0.080	0.079	0.080	0.079	0.080	0.081	0.079	0.079	0.079	0.079
23:10:01	0.079	0.080	0.079	0.085	0.079	0.079	0.079	0.079	0.083	0.079	0.080	0.080	0.079	0.100	0.806	0.786	0.750	0.218	0.760	0.982	0.219	0.986	0.254	0.079	0.079	0.100	0.833	0.752	0.686	0.292	1.032	0.729	0.282	1.019	0.299	0.079	0.079	0.099	0.737	0.664	0.625	0.276	0.898	0.972	0.284	0.886	0.266	0.079	0.079	0.099	0.761	0.668	0.627	0.288	0.986	0.970	0.292	0.427	0.628	0.079	0.079	0.100	0.712	0.716	0.729	0.314	0.980	0.811	0.302	0.931	0.253	0.079	0.080	0.100	0.745	0.766	0.752	0.238	0.841	0.817	0.236	1.012	0.260	0.079	0.080	0.079	0.080	0.079	0.080	0.079	0.080	0.081	0.079	0.080	0.079	0.079
23:20:01	0.080	0.080	0.079	0.084	0.079	0.079	0.079	0.080	0.084	0.079	0.080	0.080	0.080	0.101	0.808	0.787	0.751	0.220	0.759	0.985	0.225	0.989	0.257	0.079	0.079	0.100	0.834	0.756	0.687	0.291	1.038	0.742	0.285	1.020	0.294	0.079	0.079	0.099	0.737	0.665	0.625	0.277	0.908	0.971	0.286	0.893	0.265	0.079	0.079	0.100	0.764	0.668	0.628	0.291	0.988	0.971	0.294	0.432	0.635	0.079	0.079	0.100	0.713	0.717	0.729	0.316	0.981	0.808	0.303	0.932	0.253	0.079	0.080	0.100	0.747	0.768	0.751	0.241	0.836	0.814	0.235	1.011	0.262	0.079	0.080	0.079	0.080	0.080	0.080	0.079	0.080	0.081	0.079	0.080	0.079	0.079
23:30:01	0.080	0.080	0.079	0.085	0.079	0.079	0.079	0.080	0.083	0.079	0.080	0.080	0.080	0.101	0.809	0.789	0.752	0.222	0.771	0.987	0.223	0.996	0.255	0.079	0.079	0.100	0.832	0.756	0.689	0.294	1.041	0.745	0.287	1.023	0.296	0.079	0.079	0.100	0.737	0.665	0.624	0.282	0.910	0.968	0.290	0.893	0.267	0.079	0.079	0.100	0.765	0.668	0.627	0.294	0.989	0.972	0.295	0.436	0.643	0.079	0.079	0.100	0.713	0.718	0.729	0.320	0.982	0.809	0.306	0.928	0.255	0.079	0.080	0.100	0.747	0.768	0.751	0.244	0.830	0.813	0.240	1.011	0.264	0.079	0.080	0.079	0.080	0.080	0.080	0.079	0.081	0.081	0.079	0.080	0.079	0.079
23:40:01	0.080	0.080	0.079	0.085	0.079	0.079	0.079	0.080	0.083	0.080	0.079	0.080	0.080	0.101	0.814	0.792	0.751	0.222	0.775	0.989	0.220	0.997	0.256	0.079	0.079	0.100	0.831	0.757	0.692	0.296	1.044	0.748	0.289	1.023	0.295	0.079	0.079	0.100	0.737	0.666	0.623	0.284	0.904	0.965	0.291	0.895	0.270	0.079	0.079	0.099	0.766	0.668	0.627	0.296	0.992	0.972	0.297	0.444	0.650	0.079	0.079	0.100	0.714	0.718	0.729	0.323	0.976	0.808	0.307	0.923	0.258	0.079	0.080	0.100	0.749	0.769	0.750	0.244	0.829	0.810	0.240	1.011	0.266	0.079	0.080	0.079	0.080	0.079	0.080	0.079	0.081	0.081	0.079	0.080	0.079	0.079
23:50:01	0.080	0.079	0.079	0.088	0.079	0.079	0.079	0.080	0.082	0.079	0.079	0.080	0.079	0.100	0.816	0.794	0.751	0.224	0.787	0.994	0.225	0.999	0.257	0.079	0.079	0.100	0.832	0.757	0.692	0.300	1.047	0.738	0.292	1.025	0.303	0.079	0.079	0.099	0.738	0.665	0.623	0.286	0.889	0.963	0.293	0.886	0.273	0.079	0.079	0.099	0.772	0.669	0.627	0.300	0.993	0.971	0.299	0.450	0.662	0.080	0.079	0.100	0.715	0.719	0.730	0.326	0.941	0.815	0.309	0.917	0.262	0.079	0.080	0.100	0.752	0.769	0.749	0.246	0.833	0.812	0.242	1.010	0.268	0.079	0.080	0.079	0.080	0.080	0.080	0.079	0.081	0.081	0.079	0.080	0.079	0.079
24:00:01	0.080	0.080	0.079	0.086	0.079	0.080	0.080	0.080	0.082	0.080	0.080	0.080	0.079	0.100	0.818	0.796	0.748	0.225	0.797	0.996	0.228	0.998	0.259	0.079	0.079	0.100	0.833	0.755	0.689	0.301	1.048	0.742	0.293	1.026	0.307	0.079	0.079	0.099	0.739	0.664	0.623	0.287	0.873	0.961	0.295	0.886	0.273	0.079	0.079	0.099	0.774	0.667	0.625	0.302	0.993	0.970	0.301	0.456	0.666	0.080	0.079	0.100	0.715	0.719	0.730	0.329	0.906	0.814	0.311	0.913	0.264	0.079	0.080	0.100	0.754	0.770	0.747	0.248	0.833	0.812	0.243	1.012	0.271	0.080	0.080	0.079	0.080	0.080	0.080	0.080	0.081	0.081	0.080	0.080	0.079	0.079

