Field Group

Plate Comment:	
Procedure Summary
  Plate Type:              Corning 96 well for LogPhase600
  Plate Number:            1
  Discontinuous Kinetics:  Runtime 01:00:00 (D:HH:MM), Interval 00:10:00 (HH:MM:SS), 145 Reads (max)
  Read:                    600 nm
  Incubator:               On
    Temperature setpoint:  37 °C
    Temperature gradient:  On
  Shaking:                 Off		
			
			

600

Time	A1	A2	A3	A4	A5	A6	A7	A8	A9	A10	A11	A12	B1	B2	B3	B4	B5	B6	B7	B8	B9	B10	B11	B12	C1	C2	C3	C4	C5	C6	C7	C8	C9	C10	C11	C12	D1	D2	D3	D4	D5	D6	D7	D8	D9	D10	D11	D12	E1	E2	E3	E4	E5	E6	E7	E8	E9	E10	E11	E12	F1	F2	F3	F4	F5	F6	F7	F8	F9	F10	F11	F12	G1	G2	G3	G4	G5	G6	G7	G8	G9	G10	G11	G12	H1	H2	H3	H4	H5	H6	H7	H8	H9	H10	H11	H12
0:00:00	0.079	0.079	0.078	0.080	0.079	0.078	0.078	0.078	0.081	0.079	0.078	0.080	0.078	0.096	0.128	0.231	0.229	0.128	0.109	0.104	0.102	0.102	0.103	0.078	0.079	0.097	0.235	0.183	0.194	0.118	0.109	0.106	0.102	0.104	0.103	0.079	0.079	0.099	0.320	0.212	0.182	0.116	0.103	0.104	0.102	0.107	0.104	0.078	0.078	0.095	0.199	0.214	0.220	0.117	0.103	0.103	0.101	0.107	0.103	0.078	0.079	0.102	0.180	0.190	0.195	0.123	0.103	0.103	0.101	0.103	0.102	0.078	0.079	0.094	0.197	0.202	0.228	0.117	0.100	0.102	0.101	0.100	0.097	0.078	0.079	0.079	0.079	0.079	0.078	0.078	0.078	0.079	0.078	0.079	0.078	0.078
0:10:00	0.078	0.078	0.078	0.080	0.079	0.078	0.078	0.078	0.081	0.079	0.078	0.080	0.078	0.099	0.130	0.215	0.237	0.130	0.108	0.104	0.101	0.102	0.103	0.078	0.079	0.100	0.240	0.200	0.196	0.119	0.109	0.106	0.102	0.104	0.103	0.079	0.079	0.100	0.286	0.201	0.187	0.116	0.103	0.104	0.102	0.107	0.104	0.078	0.078	0.100	0.193	0.207	0.213	0.118	0.104	0.104	0.101	0.107	0.103	0.078	0.079	0.101	0.177	0.192	0.191	0.124	0.105	0.104	0.101	0.103	0.102	0.078	0.079	0.101	0.191	0.198	0.224	0.119	0.102	0.103	0.101	0.103	0.101	0.078	0.079	0.079	0.079	0.078	0.078	0.078	0.078	0.079	0.079	0.079	0.078	0.078
0:20:00	0.079	0.079	0.079	0.080	0.079	0.078	0.078	0.079	0.081	0.079	0.078	0.080	0.078	0.099	0.131	0.218	0.234	0.131	0.109	0.104	0.101	0.102	0.103	0.078	0.079	0.100	0.236	0.202	0.195	0.119	0.109	0.107	0.102	0.104	0.103	0.079	0.079	0.100	0.282	0.198	0.187	0.118	0.103	0.105	0.102	0.107	0.104	0.078	0.079	0.100	0.192	0.204	0.216	0.118	0.104	0.104	0.101	0.107	0.103	0.078	0.079	0.102	0.179	0.195	0.192	0.125	0.105	0.105	0.101	0.103	0.102	0.078	0.079	0.101	0.197	0.201	0.225	0.121	0.102	0.104	0.101	0.103	0.102	0.078	0.079	0.079	0.079	0.079	0.078	0.078	0.078	0.079	0.079	0.079	0.078	0.079
0:30:00	0.078	0.078	0.078	0.080	0.078	0.078	0.078	0.078	0.080	0.079	0.078	0.080	0.078	0.099	0.132	0.221	0.234	0.132	0.109	0.104	0.101	0.102	0.103	0.078	0.078	0.100	0.234	0.206	0.196	0.120	0.110	0.107	0.101	0.104	0.103	0.078	0.079	0.101	0.282	0.202	0.188	0.119	0.103	0.105	0.102	0.107	0.104	0.078	0.078	0.100	0.193	0.205	0.214	0.118	0.104	0.104	0.101	0.107	0.103	0.078	0.079	0.103	0.182	0.197	0.193	0.126	0.105	0.104	0.101	0.103	0.102	0.078	0.078	0.100	0.199	0.202	0.225	0.121	0.101	0.103	0.101	0.103	0.101	0.078	0.078	0.079	0.078	0.078	0.078	0.078	0.078	0.078	0.078	0.078	0.078	0.078
0:40:00	0.079	0.078	0.078	0.080	0.079	0.078	0.078	0.078	0.080	0.079	0.078	0.080	0.078	0.099	0.134	0.226	0.237	0.135	0.110	0.104	0.101	0.102	0.103	0.078	0.078	0.101	0.237	0.210	0.198	0.122	0.111	0.107	0.101	0.104	0.103	0.078	0.079	0.101	0.283	0.204	0.191	0.118	0.103	0.105	0.102	0.106	0.104	0.078	0.078	0.100	0.196	0.207	0.213	0.119	0.104	0.104	0.101	0.107	0.103	0.078	0.079	0.104	0.186	0.201	0.196	0.128	0.105	0.104	0.101	0.103	0.102	0.078	0.079	0.101	0.202	0.207	0.229	0.123	0.102	0.104	0.101	0.103	0.101	0.078	0.079	0.079	0.079	0.078	0.078	0.078	0.078	0.078	0.078	0.079	0.078	0.078
0:50:00	0.078	0.079	0.078	0.080	0.078	0.078	0.078	0.078	0.080	0.078	0.078	0.080	0.078	0.099	0.135	0.230	0.241	0.135	0.110	0.104	0.101	0.102	0.103	0.078	0.078	0.100	0.238	0.214	0.200	0.123	0.112	0.107	0.102	0.104	0.103	0.079	0.079	0.101	0.284	0.207	0.192	0.119	0.103	0.104	0.102	0.106	0.104	0.078	0.078	0.100	0.197	0.207	0.215	0.121	0.104	0.104	0.101	0.107	0.103	0.078	0.079	0.104	0.189	0.203	0.198	0.129	0.105	0.104	0.101	0.103	0.102	0.078	0.079	0.100	0.206	0.210	0.232	0.125	0.102	0.104	0.101	0.103	0.101	0.078	0.078	0.079	0.079	0.078	0.078	0.078	0.078	0.078	0.078	0.079	0.078	0.078
1:00:00	0.078	0.079	0.078	0.080	0.078	0.078	0.078	0.078	0.080	0.079	0.078	0.080	0.078	0.099	0.137	0.233	0.244	0.136	0.111	0.104	0.101	0.102	0.103	0.078	0.078	0.100	0.241	0.217	0.203	0.124	0.113	0.107	0.101	0.104	0.103	0.079	0.079	0.102	0.286	0.208	0.195	0.120	0.103	0.104	0.102	0.106	0.104	0.078	0.078	0.100	0.200	0.209	0.217	0.122	0.104	0.104	0.101	0.107	0.103	0.078	0.079	0.105	0.194	0.206	0.201	0.130	0.105	0.104	0.101	0.103	0.102	0.078	0.079	0.100	0.212	0.213	0.236	0.126	0.102	0.104	0.101	0.103	0.101	0.078	0.078	0.079	0.079	0.078	0.078	0.078	0.078	0.079	0.078	0.079	0.079	0.079
1:10:00	0.079	0.079	0.078	0.080	0.079	0.078	0.078	0.078	0.080	0.079	0.078	0.080	0.078	0.099	0.139	0.238	0.251	0.138	0.112	0.104	0.101	0.102	0.103	0.078	0.078	0.100	0.245	0.220	0.208	0.125	0.115	0.107	0.101	0.104	0.103	0.079	0.079	0.102	0.289	0.211	0.197	0.122	0.103	0.104	0.102	0.106	0.104	0.078	0.078	0.100	0.203	0.210	0.220	0.124	0.104	0.104	0.101	0.106	0.103	0.078	0.079	0.104	0.199	0.213	0.205	0.131	0.106	0.104	0.101	0.103	0.102	0.078	0.079	0.100	0.219	0.219	0.239	0.128	0.102	0.104	0.101	0.103	0.101	0.078	0.079	0.079	0.079	0.078	0.078	0.078	0.078	0.079	0.078	0.079	0.078	0.079
1:20:00	0.079	0.078	0.078	0.080	0.078	0.078	0.078	0.078	0.081	0.079	0.078	0.080	0.078	0.099	0.141	0.241	0.255	0.140	0.114	0.104	0.102	0.102	0.103	0.078	0.078	0.100	0.247	0.223	0.213	0.126	0.117	0.108	0.102	0.104	0.104	0.079	0.079	0.103	0.294	0.214	0.198	0.125	0.104	0.105	0.102	0.107	0.104	0.078	0.078	0.100	0.206	0.212	0.222	0.124	0.104	0.104	0.101	0.107	0.103	0.078	0.079	0.104	0.203	0.218	0.208	0.133	0.106	0.105	0.101	0.103	0.102	0.078	0.078	0.100	0.225	0.226	0.241	0.128	0.101	0.104	0.101	0.103	0.101	0.078	0.078	0.078	0.078	0.078	0.078	0.078	0.078	0.078	0.078	0.078	0.078	0.078
1:30:00	0.078	0.078	0.078	0.080	0.078	0.078	0.078	0.078	0.080	0.078	0.078	0.080	0.078	0.099	0.144	0.248	0.259	0.141	0.115	0.103	0.101	0.102	0.103	0.078	0.078	0.100	0.253	0.226	0.217	0.126	0.118	0.108	0.101	0.104	0.104	0.078	0.079	0.102	0.297	0.216	0.199	0.125	0.103	0.105	0.102	0.106	0.104	0.078	0.078	0.100	0.212	0.214	0.222	0.125	0.104	0.104	0.101	0.106	0.103	0.078	0.079	0.105	0.208	0.222	0.210	0.133	0.106	0.104	0.101	0.103	0.102	0.078	0.079	0.100	0.232	0.234	0.245	0.129	0.102	0.104	0.101	0.103	0.101	0.078	0.078	0.079	0.078	0.078	0.078	0.078	0.078	0.078	0.078	0.079	0.078	0.078
1:40:00	0.078	0.078	0.078	0.079	0.078	0.078	0.078	0.078	0.080	0.078	0.078	0.080	0.078	0.099	0.146	0.254	0.262	0.142	0.117	0.104	0.101	0.102	0.103	0.078	0.078	0.100	0.257	0.229	0.221	0.127	0.119	0.108	0.101	0.104	0.103	0.078	0.079	0.102	0.299	0.218	0.203	0.125	0.103	0.105	0.102	0.106	0.104	0.078	0.078	0.100	0.214	0.216	0.224	0.126	0.105	0.104	0.101	0.106	0.102	0.078	0.079	0.105	0.209	0.224	0.210	0.134	0.107	0.104	0.101	0.103	0.102	0.078	0.078	0.100	0.236	0.240	0.247	0.129	0.101	0.105	0.101	0.102	0.101	0.078	0.078	0.078	0.078	0.078	0.078	0.078	0.078	0.078	0.078	0.078	0.078	0.078
1:50:00	0.078	0.078	0.078	0.079	0.078	0.078	0.078	0.078	0.080	0.079	0.078	0.080	0.078	0.099	0.149	0.259	0.267	0.143	0.118	0.104	0.101	0.102	0.103	0.078	0.078	0.100	0.260	0.233	0.226	0.128	0.120	0.109	0.102	0.104	0.103	0.079	0.079	0.102	0.301	0.222	0.210	0.126	0.104	0.105	0.102	0.106	0.104	0.078	0.078	0.100	0.217	0.218	0.230	0.128	0.105	0.105	0.101	0.106	0.103	0.078	0.079	0.105	0.212	0.227	0.214	0.135	0.108	0.105	0.101	0.103	0.102	0.078	0.079	0.100	0.240	0.246	0.252	0.130	0.102	0.105	0.101	0.103	0.101	0.078	0.079	0.079	0.079	0.078	0.078	0.078	0.078	0.078	0.078	0.079	0.078	0.078
2:00:00	0.079	0.078	0.078	0.079	0.079	0.078	0.078	0.078	0.080	0.079	0.078	0.080	0.078	0.099	0.152	0.263	0.271	0.144	0.119	0.104	0.101	0.102	0.103	0.078	0.078	0.100	0.263	0.237	0.231	0.128	0.121	0.109	0.101	0.104	0.104	0.079	0.079	0.102	0.306	0.225	0.216	0.127	0.104	0.105	0.102	0.107	0.104	0.078	0.078	0.100	0.222	0.222	0.233	0.128	0.106	0.105	0.101	0.106	0.103	0.078	0.079	0.104	0.217	0.232	0.220	0.136	0.108	0.105	0.101	0.103	0.102	0.078	0.079	0.100	0.244	0.250	0.258	0.132	0.102	0.106	0.101	0.103	0.102	0.078	0.079	0.079	0.079	0.079	0.078	0.078	0.078	0.079	0.079	0.079	0.078	0.079
2:10:00	0.079	0.078	0.078	0.080	0.078	0.078	0.078	0.078	0.081	0.079	0.078	0.080	0.078	0.099	0.154	0.266	0.275	0.144	0.120	0.104	0.102	0.102	0.103	0.078	0.078	0.100	0.268	0.241	0.236	0.129	0.122	0.110	0.102	0.105	0.104	0.079	0.079	0.102	0.310	0.228	0.221	0.128	0.105	0.106	0.102	0.107	0.104	0.078	0.078	0.100	0.227	0.226	0.237	0.128	0.106	0.106	0.101	0.106	0.103	0.078	0.079	0.105	0.223	0.237	0.225	0.137	0.109	0.105	0.101	0.103	0.102	0.078	0.079	0.100	0.247	0.251	0.262	0.133	0.102	0.106	0.102	0.103	0.102	0.078	0.078	0.079	0.078	0.078	0.078	0.078	0.078	0.078	0.078	0.079	0.078	0.078
2:20:00	0.079	0.078	0.078	0.080	0.078	0.078	0.078	0.078	0.080	0.079	0.078	0.080	0.078	0.099	0.155	0.267	0.280	0.145	0.121	0.104	0.101	0.102	0.103	0.078	0.079	0.100	0.272	0.245	0.241	0.130	0.123	0.111	0.102	0.105	0.104	0.079	0.079	0.102	0.314	0.233	0.228	0.128	0.105	0.106	0.102	0.107	0.104	0.078	0.078	0.100	0.233	0.230	0.242	0.128	0.107	0.106	0.101	0.106	0.103	0.078	0.079	0.105	0.228	0.242	0.230	0.138	0.110	0.105	0.101	0.103	0.102	0.078	0.079	0.100	0.249	0.254	0.266	0.135	0.102	0.107	0.102	0.103	0.102	0.078	0.079	0.079	0.079	0.078	0.078	0.078	0.078	0.079	0.079	0.079	0.078	0.079
2:30:00	0.078	0.078	0.078	0.079	0.078	0.078	0.078	0.078	0.080	0.078	0.078	0.080	0.078	0.099	0.158	0.269	0.285	0.146	0.122	0.105	0.101	0.102	0.103	0.078	0.078	0.100	0.278	0.249	0.244	0.130	0.124	0.111	0.102	0.105	0.103	0.078	0.079	0.102	0.318	0.237	0.234	0.129	0.106	0.106	0.102	0.106	0.104	0.078	0.078	0.100	0.239	0.236	0.246	0.129	0.107	0.106	0.101	0.106	0.103	0.078	0.079	0.104	0.233	0.247	0.237	0.138	0.111	0.106	0.101	0.103	0.102	0.078	0.079	0.100	0.254	0.258	0.271	0.136	0.102	0.107	0.101	0.103	0.101	0.078	0.079	0.079	0.078	0.078	0.078	0.078	0.078	0.078	0.079	0.079	0.078	0.078
2:40:00	0.078	0.079	0.078	0.080	0.078	0.078	0.078	0.078	0.080	0.079	0.078	0.080	0.078	0.099	0.161	0.272	0.290	0.146	0.122	0.105	0.101	0.102	0.103	0.078	0.078	0.100	0.283	0.253	0.248	0.131	0.125	0.111	0.101	0.105	0.103	0.079	0.079	0.102	0.323	0.243	0.240	0.129	0.106	0.107	0.102	0.106	0.104	0.078	0.078	0.100	0.246	0.242	0.250	0.130	0.108	0.107	0.101	0.106	0.103	0.078	0.079	0.105	0.237	0.252	0.240	0.139	0.112	0.106	0.101	0.103	0.102	0.078	0.079	0.100	0.259	0.263	0.274	0.138	0.102	0.107	0.101	0.103	0.101	0.078	0.078	0.079	0.079	0.078	0.078	0.078	0.078	0.079	0.078	0.079	0.078	0.079
2:50:00	0.079	0.079	0.078	0.079	0.079	0.078	0.078	0.078	0.080	0.079	0.078	0.080	0.078	0.099	0.165	0.276	0.295	0.148	0.123	0.105	0.101	0.102	0.103	0.078	0.079	0.100	0.287	0.257	0.252	0.132	0.126	0.112	0.101	0.105	0.103	0.079	0.079	0.102	0.329	0.249	0.246	0.130	0.106	0.107	0.102	0.106	0.104	0.078	0.078	0.100	0.253	0.248	0.254	0.132	0.109	0.107	0.101	0.106	0.103	0.078	0.079	0.104	0.241	0.257	0.243	0.139	0.113	0.106	0.101	0.103	0.102	0.078	0.079	0.100	0.265	0.270	0.281	0.140	0.102	0.108	0.102	0.103	0.102	0.078	0.079	0.079	0.079	0.079	0.078	0.078	0.079	0.079	0.078	0.079	0.078	0.079
3:00:00	0.079	0.078	0.078	0.080	0.078	0.078	0.078	0.078	0.081	0.079	0.078	0.080	0.078	0.099	0.168	0.280	0.299	0.148	0.123	0.105	0.102	0.102	0.103	0.078	0.078	0.100	0.292	0.261	0.257	0.132	0.127	0.113	0.102	0.105	0.104	0.079	0.079	0.103	0.338	0.258	0.253	0.130	0.107	0.108	0.102	0.107	0.104	0.078	0.078	0.100	0.266	0.256	0.258	0.132	0.110	0.108	0.101	0.106	0.103	0.078	0.079	0.104	0.244	0.261	0.247	0.140	0.115	0.107	0.101	0.104	0.102	0.078	0.078	0.100	0.270	0.276	0.286	0.139	0.102	0.109	0.102	0.103	0.101	0.078	0.078	0.078	0.078	0.078	0.078	0.078	0.078	0.078	0.078	0.078	0.078	0.078
3:10:00	0.078	0.078	0.078	0.080	0.078	0.078	0.078	0.078	0.080	0.078	0.078	0.080	0.078	0.099	0.171	0.285	0.303	0.147	0.124	0.105	0.101	0.102	0.103	0.078	0.078	0.100	0.297	0.261	0.262	0.132	0.128	0.113	0.101	0.105	0.103	0.079	0.079	0.102	0.345	0.265	0.261	0.130	0.108	0.108	0.102	0.106	0.104	0.078	0.078	0.100	0.281	0.263	0.262	0.133	0.110	0.109	0.101	0.106	0.103	0.078	0.079	0.105	0.246	0.266	0.250	0.140	0.116	0.107	0.101	0.104	0.102	0.078	0.079	0.100	0.272	0.281	0.290	0.139	0.102	0.109	0.101	0.103	0.101	0.078	0.079	0.079	0.078	0.078	0.078	0.078	0.078	0.079	0.079	0.079	0.078	0.078
3:20:00	0.078	0.078	0.078	0.079	0.078	0.078	0.078	0.078	0.080	0.079	0.077	0.080	0.078	0.099	0.175	0.290	0.307	0.148	0.125	0.106	0.101	0.102	0.103	0.078	0.078	0.100	0.302	0.264	0.268	0.133	0.129	0.113	0.101	0.105	0.103	0.078	0.079	0.102	0.353	0.274	0.270	0.131	0.108	0.109	0.102	0.106	0.103	0.078	0.078	0.100	0.293	0.273	0.268	0.133	0.111	0.109	0.100	0.106	0.102	0.078	0.079	0.105	0.251	0.272	0.252	0.141	0.117	0.107	0.101	0.103	0.102	0.078	0.078	0.100	0.280	0.287	0.295	0.138	0.102	0.110	0.101	0.103	0.101	0.078	0.078	0.078	0.078	0.078	0.078	0.078	0.078	0.078	0.078	0.078	0.078	0.078
3:30:00	0.079	0.078	0.078	0.079	0.079	0.078	0.078	0.078	0.080	0.079	0.077	0.080	0.078	0.099	0.179	0.294	0.309	0.148	0.126	0.106	0.102	0.102	0.103	0.078	0.078	0.100	0.308	0.269	0.273	0.133	0.130	0.114	0.102	0.106	0.103	0.079	0.079	0.102	0.364	0.286	0.282	0.132	0.110	0.110	0.102	0.106	0.104	0.078	0.078	0.100	0.327	0.284	0.278	0.133	0.113	0.111	0.101	0.106	0.102	0.078	0.079	0.105	0.257	0.278	0.256	0.142	0.118	0.109	0.101	0.104	0.102	0.078	0.079	0.100	0.287	0.293	0.300	0.138	0.102	0.112	0.102	0.103	0.101	0.078	0.079	0.079	0.079	0.078	0.078	0.078	0.078	0.079	0.079	0.079	0.078	0.079
3:40:00	0.079	0.078	0.078	0.079	0.079	0.078	0.078	0.078	0.080	0.079	0.078	0.080	0.078	0.099	0.184	0.299	0.313	0.148	0.127	0.107	0.101	0.102	0.103	0.078	0.079	0.100	0.315	0.273	0.278	0.133	0.131	0.115	0.101	0.106	0.103	0.079	0.079	0.102	0.377	0.296	0.296	0.132	0.110	0.111	0.102	0.106	0.103	0.078	0.079	0.100	0.347	0.296	0.287	0.132	0.114	0.111	0.101	0.106	0.102	0.078	0.079	0.105	0.262	0.284	0.263	0.143	0.119	0.109	0.101	0.104	0.102	0.078	0.079	0.100	0.294	0.297	0.304	0.138	0.102	0.113	0.102	0.103	0.101	0.078	0.079	0.079	0.079	0.078	0.078	0.078	0.078	0.079	0.079	0.079	0.078	0.079
3:50:00	0.079	0.078	0.078	0.080	0.079	0.078	0.078	0.078	0.080	0.079	0.078	0.080	0.078	0.099	0.190	0.305	0.321	0.149	0.128	0.107	0.102	0.103	0.103	0.078	0.078	0.100	0.322	0.279	0.282	0.134	0.131	0.116	0.102	0.106	0.103	0.079	0.079	0.102	0.392	0.315	0.315	0.134	0.112	0.113	0.102	0.106	0.104	0.078	0.078	0.100	0.361	0.310	0.298	0.133	0.115	0.113	0.101	0.106	0.103	0.078	0.079	0.105	0.268	0.289	0.267	0.144	0.120	0.110	0.101	0.104	0.102	0.078	0.079	0.100	0.304	0.304	0.311	0.138	0.103	0.114	0.102	0.104	0.102	0.078	0.079	0.079	0.079	0.078	0.078	0.078	0.078	0.078	0.079	0.079	0.078	0.079
4:00:00	0.079	0.078	0.078	0.080	0.079	0.078	0.078	0.078	0.080	0.079	0.078	0.080	0.078	0.099	0.197	0.310	0.325	0.148	0.129	0.108	0.101	0.102	0.103	0.078	0.079	0.100	0.329	0.283	0.288	0.134	0.132	0.117	0.101	0.106	0.103	0.079	0.079	0.102	0.406	0.332	0.352	0.134	0.113	0.113	0.102	0.106	0.103	0.079	0.079	0.100	0.380	0.329	0.311	0.133	0.116	0.114	0.101	0.106	0.102	0.078	0.079	0.105	0.278	0.296	0.274	0.145	0.121	0.111	0.101	0.104	0.102	0.078	0.079	0.100	0.311	0.307	0.315	0.138	0.103	0.115	0.102	0.103	0.101	0.078	0.079	0.079	0.079	0.079	0.078	0.078	0.078	0.079	0.079	0.079	0.078	0.079
4:10:00	0.079	0.078	0.078	0.079	0.078	0.078	0.078	0.078	0.080	0.079	0.078	0.080	0.078	0.099	0.205	0.316	0.332	0.149	0.131	0.109	0.102	0.103	0.103	0.078	0.078	0.100	0.335	0.288	0.295	0.135	0.132	0.118	0.102	0.107	0.103	0.079	0.079	0.102	0.408	0.342	0.356	0.135	0.114	0.115	0.102	0.106	0.104	0.078	0.078	0.100	0.377	0.340	0.324	0.134	0.117	0.115	0.101	0.106	0.102	0.078	0.079	0.104	0.286	0.301	0.277	0.146	0.122	0.112	0.101	0.104	0.102	0.078	0.079	0.100	0.323	0.312	0.323	0.139	0.103	0.116	0.102	0.104	0.101	0.078	0.079	0.079	0.079	0.078	0.078	0.078	0.078	0.079	0.079	0.079	0.078	0.079
4:20:00	0.079	0.079	0.078	0.080	0.078	0.078	0.078	0.078	0.080	0.079	0.078	0.080	0.078	0.099	0.209	0.325	0.339	0.149	0.132	0.109	0.101	0.103	0.103	0.078	0.078	0.100	0.345	0.293	0.302	0.134	0.133	0.118	0.101	0.107	0.103	0.079	0.079	0.102	0.430	0.360	0.366	0.135	0.115	0.115	0.102	0.106	0.103	0.079	0.078	0.100	0.412	0.355	0.339	0.134	0.117	0.116	0.101	0.106	0.102	0.078	0.079	0.105	0.296	0.305	0.282	0.146	0.123	0.113	0.101	0.104	0.102	0.078	0.079	0.100	0.334	0.320	0.328	0.138	0.103	0.116	0.102	0.104	0.101	0.078	0.079	0.079	0.079	0.079	0.078	0.078	0.079	0.079	0.079	0.079	0.079	0.079
4:30:00	0.079	0.078	0.078	0.079	0.078	0.078	0.078	0.078	0.080	0.079	0.078	0.080	0.078	0.099	0.217	0.334	0.343	0.148	0.133	0.110	0.101	0.103	0.103	0.078	0.078	0.100	0.354	0.299	0.308	0.134	0.134	0.119	0.101	0.107	0.103	0.079	0.079	0.102	0.454	0.375	0.382	0.136	0.115	0.116	0.102	0.106	0.103	0.079	0.078	0.100	0.425	0.361	0.351	0.134	0.118	0.116	0.101	0.106	0.102	0.078	0.079	0.104	0.300	0.309	0.288	0.146	0.124	0.114	0.101	0.104	0.102	0.078	0.079	0.100	0.339	0.326	0.333	0.139	0.103	0.117	0.102	0.104	0.101	0.078	0.079	0.079	0.079	0.079	0.078	0.078	0.079	0.079	0.079	0.079	0.078	0.079
4:40:00	0.079	0.078	0.079	0.080	0.079	0.078	0.078	0.079	0.080	0.079	0.078	0.080	0.078	0.099	0.227	0.340	0.346	0.150	0.134	0.111	0.102	0.103	0.103	0.079	0.079	0.100	0.357	0.302	0.311	0.136	0.136	0.122	0.102	0.108	0.103	0.079	0.079	0.102	0.454	0.392	0.399	0.137	0.117	0.117	0.102	0.106	0.104	0.079	0.079	0.100	0.421	0.372	0.360	0.135	0.119	0.117	0.101	0.106	0.102	0.078	0.079	0.105	0.306	0.314	0.290	0.148	0.126	0.115	0.101	0.104	0.102	0.078	0.079	0.100	0.346	0.333	0.339	0.140	0.104	0.118	0.102	0.104	0.102	0.078	0.079	0.079	0.079	0.079	0.078	0.078	0.079	0.079	0.079	0.079	0.078	0.079
4:50:00	0.078	0.078	0.078	0.080	0.078	0.078	0.078	0.078	0.080	0.079	0.078	0.080	0.078	0.099	0.235	0.350	0.352	0.150	0.135	0.112	0.101	0.103	0.103	0.078	0.078	0.099	0.372	0.311	0.325	0.135	0.137	0.123	0.101	0.108	0.103	0.079	0.079	0.102	0.492	0.417	0.417	0.137	0.117	0.117	0.102	0.106	0.103	0.078	0.078	0.099	0.451	0.398	0.374	0.135	0.119	0.118	0.101	0.107	0.102	0.078	0.079	0.104	0.322	0.317	0.296	0.147	0.126	0.116	0.101	0.104	0.102	0.078	0.078	0.100	0.360	0.339	0.347	0.140	0.104	0.118	0.102	0.104	0.102	0.078	0.079	0.078	0.078	0.078	0.078	0.078	0.078	0.078	0.079	0.079	0.078	0.078
5:00:00	0.079	0.078	0.078	0.080	0.079	0.078	0.078	0.079	0.080	0.079	0.077	0.080	0.078	0.099	0.248	0.361	0.362	0.150	0.136	0.113	0.102	0.103	0.103	0.079	0.079	0.100	0.385	0.318	0.338	0.135	0.138	0.125	0.102	0.108	0.103	0.079	0.079	0.102	0.516	0.434	0.442	0.137	0.118	0.118	0.102	0.106	0.103	0.079	0.079	0.100	0.479	0.424	0.379	0.135	0.120	0.119	0.101	0.107	0.102	0.079	0.079	0.104	0.336	0.321	0.302	0.148	0.128	0.117	0.101	0.104	0.102	0.078	0.079	0.100	0.369	0.350	0.356	0.140	0.104	0.119	0.102	0.105	0.101	0.078	0.079	0.079	0.079	0.079	0.078	0.078	0.079	0.079	0.079	0.079	0.079	0.079
5:10:00	0.079	0.078	0.078	0.079	0.079	0.078	0.078	0.078	0.080	0.079	0.077	0.080	0.078	0.099	0.260	0.364	0.370	0.152	0.137	0.114	0.102	0.103	0.103	0.078	0.079	0.100	0.385	0.327	0.341	0.135	0.140	0.127	0.101	0.108	0.103	0.079	0.079	0.102	0.514	0.435	0.433	0.137	0.119	0.119	0.102	0.106	0.103	0.079	0.079	0.100	0.482	0.428	0.389	0.136	0.121	0.119	0.101	0.107	0.102	0.078	0.079	0.104	0.345	0.327	0.309	0.148	0.129	0.117	0.101	0.104	0.102	0.078	0.079	0.100	0.379	0.359	0.365	0.141	0.105	0.119	0.102	0.105	0.101	0.078	0.079	0.079	0.079	0.079	0.078	0.078	0.078	0.079	0.079	0.079	0.078	0.079
5:20:00	0.079	0.078	0.078	0.079	0.079	0.078	0.078	0.078	0.080	0.079	0.077	0.080	0.078	0.099	0.272	0.375	0.380	0.152	0.138	0.115	0.102	0.103	0.103	0.079	0.079	0.100	0.397	0.336	0.349	0.136	0.141	0.129	0.102	0.109	0.103	0.079	0.079	0.102	0.538	0.458	0.467	0.138	0.119	0.120	0.102	0.106	0.103	0.079	0.079	0.100	0.502	0.445	0.402	0.136	0.122	0.120	0.101	0.107	0.102	0.079	0.079	0.104	0.356	0.336	0.318	0.148	0.130	0.118	0.101	0.104	0.102	0.078	0.079	0.100	0.391	0.366	0.376	0.141	0.105	0.120	0.102	0.105	0.101	0.078	0.079	0.079	0.079	0.079	0.078	0.078	0.079	0.079	0.079	0.079	0.078	0.079
5:30:00	0.079	0.078	0.078	0.079	0.079	0.078	0.078	0.078	0.080	0.079	0.078	0.080	0.078	0.099	0.278	0.384	0.385	0.154	0.140	0.115	0.101	0.103	0.103	0.079	0.079	0.100	0.405	0.340	0.356	0.137	0.142	0.132	0.101	0.109	0.103	0.079	0.079	0.102	0.566	0.471	0.486	0.138	0.120	0.120	0.102	0.106	0.103	0.079	0.079	0.100	0.513	0.458	0.414	0.136	0.123	0.121	0.101	0.107	0.102	0.079	0.079	0.105	0.363	0.346	0.327	0.148	0.131	0.118	0.101	0.104	0.102	0.078	0.079	0.100	0.399	0.369	0.383	0.142	0.105	0.121	0.102	0.105	0.101	0.078	0.079	0.079	0.079	0.079	0.078	0.078	0.079	0.079	0.079	0.079	0.078	0.079
5:40:00	0.079	0.078	0.078	0.079	0.078	0.078	0.078	0.078	0.080	0.079	0.078	0.080	0.078	0.099	0.292	0.393	0.392	0.154	0.141	0.116	0.102	0.104	0.103	0.078	0.078	0.100	0.419	0.349	0.364	0.137	0.143	0.135	0.102	0.109	0.103	0.079	0.079	0.102	0.585	0.479	0.493	0.138	0.121	0.121	0.102	0.106	0.103	0.079	0.078	0.100	0.538	0.477	0.429	0.137	0.123	0.122	0.101	0.107	0.102	0.078	0.079	0.104	0.376	0.356	0.338	0.149	0.132	0.119	0.101	0.104	0.102	0.078	0.079	0.100	0.412	0.379	0.394	0.143	0.106	0.121	0.102	0.105	0.101	0.078	0.079	0.079	0.078	0.078	0.078	0.078	0.078	0.079	0.079	0.079	0.078	0.079
5:50:00	0.079	0.078	0.078	0.079	0.079	0.078	0.078	0.079	0.080	0.079	0.078	0.081	0.078	0.099	0.302	0.409	0.404	0.155	0.142	0.117	0.102	0.104	0.103	0.079	0.079	0.100	0.433	0.359	0.379	0.138	0.144	0.139	0.102	0.110	0.103	0.079	0.079	0.102	0.607	0.501	0.519	0.139	0.122	0.122	0.102	0.107	0.103	0.079	0.079	0.100	0.577	0.495	0.443	0.137	0.124	0.123	0.101	0.107	0.102	0.079	0.079	0.105	0.387	0.371	0.350	0.149	0.132	0.120	0.101	0.105	0.102	0.079	0.079	0.100	0.432	0.392	0.408	0.144	0.107	0.122	0.102	0.106	0.101	0.078	0.079	0.079	0.079	0.079	0.078	0.078	0.079	0.079	0.079	0.079	0.078	0.079
6:00:00	0.079	0.078	0.078	0.079	0.078	0.078	0.078	0.078	0.080	0.079	0.078	0.080	0.078	0.099	0.309	0.417	0.413	0.157	0.144	0.117	0.102	0.104	0.103	0.078	0.078	0.100	0.442	0.367	0.388	0.139	0.146	0.142	0.102	0.110	0.103	0.079	0.079	0.102	0.595	0.526	0.515	0.139	0.123	0.122	0.102	0.107	0.103	0.079	0.079	0.100	0.568	0.495	0.454	0.138	0.125	0.123	0.101	0.107	0.102	0.079	0.079	0.104	0.391	0.383	0.357	0.150	0.132	0.120	0.101	0.104	0.102	0.078	0.079	0.100	0.439	0.401	0.418	0.145	0.108	0.123	0.102	0.106	0.101	0.078	0.079	0.079	0.079	0.079	0.078	0.078	0.079	0.079	0.079	0.079	0.078	0.079
6:10:00	0.079	0.078	0.078	0.079	0.078	0.078	0.078	0.078	0.080	0.079	0.078	0.080	0.078	0.099	0.319	0.434	0.425	0.157	0.144	0.118	0.101	0.104	0.103	0.078	0.078	0.100	0.462	0.379	0.403	0.138	0.147	0.147	0.101	0.110	0.103	0.079	0.079	0.102	0.628	0.536	0.532	0.139	0.123	0.123	0.102	0.106	0.103	0.079	0.078	0.100	0.578	0.508	0.465	0.138	0.126	0.124	0.101	0.107	0.102	0.079	0.079	0.105	0.410	0.395	0.370	0.150	0.133	0.121	0.101	0.105	0.102	0.079	0.079	0.100	0.457	0.417	0.427	0.145	0.108	0.124	0.102	0.106	0.101	0.079	0.079	0.079	0.079	0.079	0.079	0.078	0.079	0.079	0.079	0.079	0.078	0.079
6:20:00	0.079	0.078	0.078	0.079	0.079	0.078	0.078	0.079	0.080	0.079	0.078	0.081	0.078	0.099	0.329	0.450	0.437	0.157	0.145	0.118	0.102	0.104	0.103	0.079	0.079	0.100	0.482	0.389	0.418	0.139	0.149	0.152	0.101	0.110	0.103	0.079	0.079	0.102	0.659	0.562	0.573	0.140	0.124	0.123	0.102	0.107	0.103	0.079	0.079	0.100	0.610	0.531	0.480	0.138	0.128	0.124	0.101	0.107	0.102	0.079	0.079	0.104	0.431	0.408	0.380	0.150	0.133	0.122	0.101	0.105	0.102	0.079	0.079	0.100	0.471	0.433	0.437	0.145	0.109	0.125	0.102	0.107	0.101	0.079	0.079	0.079	0.079	0.079	0.079	0.078	0.079	0.079	0.079	0.079	0.079	0.079
6:30:00	0.079	0.078	0.078	0.080	0.079	0.078	0.078	0.079	0.080	0.079	0.078	0.081	0.078	0.099	0.339	0.458	0.447	0.159	0.147	0.119	0.102	0.105	0.103	0.079	0.079	0.100	0.492	0.401	0.429	0.140	0.151	0.158	0.102	0.111	0.103	0.079	0.079	0.102	0.654	0.567	0.564	0.140	0.126	0.125	0.102	0.107	0.103	0.079	0.078	0.100	0.604	0.544	0.490	0.139	0.129	0.126	0.101	0.108	0.102	0.079	0.079	0.104	0.443	0.414	0.391	0.150	0.135	0.123	0.101	0.105	0.102	0.078	0.078	0.099	0.481	0.446	0.443	0.146	0.110	0.126	0.102	0.107	0.101	0.078	0.079	0.079	0.078	0.078	0.078	0.078	0.078	0.078	0.078	0.079	0.078	0.079
6:40:00	0.079	0.078	0.078	0.079	0.078	0.078	0.078	0.078	0.080	0.079	0.078	0.081	0.078	0.099	0.346	0.473	0.460	0.159	0.147	0.119	0.102	0.105	0.103	0.079	0.079	0.100	0.509	0.417	0.443	0.139	0.152	0.163	0.101	0.111	0.103	0.079	0.079	0.102	0.681	0.607	0.570	0.141	0.127	0.125	0.102	0.107	0.103	0.079	0.079	0.100	0.644	0.557	0.503	0.140	0.130	0.127	0.101	0.108	0.102	0.079	0.079	0.104	0.459	0.428	0.405	0.150	0.136	0.124	0.101	0.105	0.102	0.079	0.079	0.100	0.502	0.458	0.459	0.146	0.110	0.127	0.102	0.108	0.102	0.078	0.079	0.079	0.079	0.079	0.078	0.078	0.079	0.079	0.079	0.079	0.078	0.079
6:50:00	0.079	0.078	0.078	0.079	0.078	0.078	0.078	0.078	0.080	0.079	0.077	0.080	0.078	0.099	0.352	0.489	0.472	0.160	0.148	0.120	0.101	0.105	0.103	0.078	0.078	0.100	0.525	0.433	0.451	0.140	0.153	0.169	0.101	0.111	0.103	0.079	0.079	0.102	0.733	0.637	0.594	0.141	0.128	0.125	0.102	0.107	0.103	0.079	0.078	0.099	0.658	0.582	0.516	0.140	0.132	0.127	0.100	0.108	0.102	0.078	0.079	0.105	0.469	0.440	0.415	0.151	0.138	0.124	0.101	0.105	0.102	0.078	0.079	0.100	0.516	0.465	0.474	0.146	0.110	0.128	0.102	0.108	0.101	0.078	0.079	0.079	0.079	0.078	0.078	0.078	0.078	0.079	0.079	0.079	0.078	0.079
7:00:00	0.079	0.078	0.078	0.079	0.078	0.078	0.078	0.078	0.080	0.079	0.077	0.080	0.078	0.099	0.360	0.499	0.486	0.162	0.150	0.121	0.102	0.106	0.103	0.078	0.079	0.100	0.531	0.444	0.465	0.140	0.155	0.176	0.101	0.111	0.103	0.079	0.079	0.102	0.718	0.623	0.600	0.141	0.130	0.126	0.102	0.108	0.103	0.079	0.079	0.100	0.665	0.587	0.530	0.141	0.133	0.128	0.101	0.109	0.102	0.079	0.079	0.104	0.479	0.451	0.429	0.151	0.140	0.125	0.101	0.105	0.102	0.078	0.079	0.100	0.527	0.478	0.488	0.146	0.111	0.129	0.102	0.109	0.101	0.078	0.079	0.079	0.079	0.079	0.078	0.078	0.078	0.079	0.079	0.079	0.078	0.079
7:10:00	0.079	0.078	0.078	0.079	0.079	0.078	0.078	0.078	0.080	0.079	0.078	0.081	0.078	0.099	0.372	0.513	0.498	0.163	0.152	0.121	0.102	0.106	0.103	0.079	0.079	0.100	0.553	0.454	0.481	0.141	0.157	0.184	0.102	0.111	0.103	0.079	0.079	0.102	0.755	0.652	0.616	0.142	0.131	0.128	0.102	0.108	0.103	0.079	0.079	0.100	0.693	0.607	0.546	0.142	0.135	0.129	0.101	0.109	0.102	0.079	0.079	0.104	0.497	0.467	0.443	0.152	0.142	0.126	0.101	0.106	0.102	0.079	0.079	0.100	0.548	0.496	0.497	0.147	0.111	0.130	0.102	0.109	0.101	0.079	0.079	0.079	0.079	0.079	0.079	0.079	0.079	0.079	0.079	0.079	0.079	0.079
7:20:00	0.079	0.078	0.078	0.080	0.079	0.078	0.078	0.079	0.080	0.079	0.078	0.081	0.078	0.099	0.383	0.526	0.507	0.165	0.154	0.122	0.102	0.107	0.103	0.079	0.079	0.100	0.562	0.459	0.494	0.142	0.160	0.192	0.102	0.111	0.103	0.079	0.079	0.102	0.765	0.672	0.625	0.143	0.133	0.128	0.102	0.108	0.103	0.079	0.079	0.100	0.706	0.630	0.557	0.142	0.136	0.130	0.101	0.110	0.102	0.079	0.079	0.105	0.506	0.476	0.455	0.152	0.144	0.127	0.101	0.106	0.102	0.079	0.079	0.100	0.559	0.507	0.509	0.147	0.112	0.131	0.103	0.110	0.101	0.078	0.079	0.079	0.079	0.079	0.078	0.078	0.079	0.079	0.079	0.079	0.078	0.079
7:30:00	0.079	0.078	0.078	0.079	0.079	0.078	0.078	0.078	0.080	0.079	0.078	0.081	0.078	0.099	0.396	0.544	0.517	0.165	0.155	0.123	0.102	0.107	0.103	0.079	0.079	0.100	0.570	0.475	0.508	0.143	0.161	0.202	0.102	0.112	0.103	0.079	0.079	0.102	0.776	0.672	0.636	0.143	0.134	0.129	0.102	0.109	0.103	0.079	0.079	0.100	0.718	0.637	0.573	0.143	0.137	0.131	0.101	0.111	0.102	0.079	0.079	0.104	0.526	0.490	0.472	0.152	0.145	0.128	0.101	0.106	0.102	0.079	0.079	0.100	0.575	0.520	0.520	0.147	0.112	0.132	0.103	0.110	0.101	0.078	0.079	0.079	0.079	0.079	0.078	0.078	0.079	0.079	0.079	0.079	0.078	0.079
7:40:00	0.079	0.078	0.078	0.079	0.078	0.078	0.078	0.078	0.080	0.079	0.078	0.081	0.078	0.099	0.407	0.563	0.530	0.165	0.157	0.124	0.102	0.108	0.103	0.079	0.079	0.100	0.597	0.487	0.524	0.143	0.162	0.213	0.102	0.112	0.103	0.079	0.079	0.102	0.814	0.714	0.661	0.143	0.135	0.130	0.102	0.109	0.103	0.079	0.079	0.100	0.747	0.652	0.587	0.143	0.138	0.132	0.101	0.111	0.102	0.079	0.079	0.104	0.546	0.501	0.485	0.153	0.146	0.129	0.101	0.106	0.102	0.078	0.079	0.100	0.588	0.533	0.534	0.148	0.113	0.133	0.103	0.110	0.101	0.078	0.079	0.079	0.079	0.079	0.078	0.078	0.078	0.079	0.079	0.079	0.078	0.079
7:50:00	0.079	0.078	0.078	0.080	0.079	0.078	0.078	0.079	0.080	0.079	0.078	0.081	0.078	0.099	0.420	0.576	0.545	0.167	0.160	0.125	0.102	0.108	0.103	0.079	0.079	0.100	0.591	0.497	0.534	0.144	0.164	0.224	0.101	0.112	0.103	0.079	0.079	0.102	0.813	0.697	0.667	0.144	0.135	0.131	0.102	0.109	0.103	0.079	0.079	0.100	0.745	0.654	0.602	0.143	0.139	0.132	0.101	0.112	0.102	0.079	0.079	0.104	0.553	0.511	0.503	0.153	0.148	0.130	0.101	0.106	0.102	0.079	0.079	0.100	0.594	0.544	0.547	0.149	0.113	0.135	0.103	0.111	0.102	0.079	0.079	0.079	0.079	0.079	0.079	0.079	0.079	0.079	0.079	0.079	0.079	0.079
8:00:00	0.079	0.078	0.078	0.079	0.079	0.078	0.078	0.079	0.080	0.079	0.078	0.081	0.078	0.099	0.431	0.594	0.559	0.167	0.161	0.125	0.102	0.109	0.103	0.079	0.079	0.099	0.611	0.514	0.553	0.144	0.164	0.238	0.101	0.112	0.103	0.079	0.079	0.101	0.830	0.717	0.685	0.144	0.136	0.132	0.102	0.109	0.103	0.079	0.079	0.099	0.761	0.677	0.613	0.143	0.140	0.133	0.101	0.112	0.102	0.079	0.079	0.104	0.575	0.523	0.517	0.152	0.150	0.131	0.101	0.106	0.102	0.079	0.079	0.100	0.613	0.556	0.561	0.149	0.113	0.137	0.103	0.111	0.101	0.079	0.079	0.079	0.079	0.079	0.079	0.079	0.079	0.079	0.079	0.079	0.079	0.079
8:10:00	0.079	0.078	0.079	0.080	0.079	0.078	0.078	0.079	0.080	0.079	0.078	0.081	0.079	0.099	0.444	0.609	0.574	0.168	0.164	0.126	0.102	0.110	0.103	0.079	0.079	0.100	0.645	0.529	0.566	0.145	0.166	0.258	0.102	0.113	0.103	0.079	0.079	0.102	0.873	0.767	0.706	0.145	0.138	0.135	0.102	0.110	0.103	0.079	0.079	0.100	0.801	0.714	0.629	0.145	0.141	0.135	0.101	0.114	0.102	0.079	0.079	0.104	0.588	0.540	0.534	0.153	0.152	0.132	0.101	0.107	0.102	0.079	0.079	0.100	0.633	0.570	0.578	0.150	0.114	0.139	0.103	0.112	0.101	0.079	0.079	0.079	0.079	0.079	0.079	0.078	0.079	0.079	0.079	0.079	0.079	0.079
8:20:00	0.079	0.078	0.078	0.080	0.078	0.078	0.078	0.078	0.080	0.079	0.078	0.081	0.078	0.098	0.455	0.622	0.594	0.169	0.166	0.128	0.102	0.110	0.103	0.079	0.078	0.099	0.641	0.537	0.581	0.145	0.168	0.275	0.102	0.113	0.103	0.079	0.079	0.102	0.865	0.751	0.705	0.145	0.140	0.135	0.102	0.111	0.103	0.079	0.078	0.099	0.802	0.715	0.645	0.145	0.142	0.136	0.101	0.114	0.102	0.079	0.079	0.103	0.598	0.553	0.551	0.153	0.153	0.133	0.101	0.107	0.102	0.078	0.079	0.099	0.649	0.589	0.591	0.150	0.114	0.141	0.103	0.112	0.101	0.078	0.079	0.079	0.078	0.078	0.078	0.078	0.078	0.079	0.079	0.079	0.078	0.079
8:30:00	0.079	0.078	0.079	0.079	0.079	0.078	0.078	0.078	0.080	0.079	0.078	0.081	0.079	0.099	0.464	0.642	0.607	0.169	0.168	0.129	0.102	0.110	0.103	0.079	0.079	0.100	0.669	0.552	0.599	0.146	0.171	0.294	0.102	0.113	0.103	0.079	0.079	0.102	0.889	0.769	0.714	0.146	0.141	0.137	0.102	0.111	0.103	0.079	0.079	0.100	0.824	0.728	0.661	0.146	0.144	0.137	0.101	0.115	0.102	0.079	0.079	0.104	0.621	0.569	0.563	0.154	0.155	0.134	0.101	0.107	0.102	0.079	0.079	0.100	0.668	0.607	0.607	0.151	0.114	0.143	0.103	0.112	0.101	0.079	0.079	0.079	0.079	0.079	0.079	0.079	0.079	0.079	0.079	0.079	0.079	0.079
8:40:00	0.079	0.078	0.078	0.079	0.079	0.078	0.078	0.079	0.080	0.079	0.078	0.081	0.078	0.099	0.472	0.655	0.626	0.170	0.170	0.130	0.102	0.111	0.103	0.079	0.079	0.100	0.683	0.569	0.612	0.146	0.173	0.312	0.102	0.113	0.103	0.079	0.079	0.102	0.913	0.797	0.738	0.147	0.142	0.137	0.102	0.112	0.103	0.079	0.079	0.100	0.841	0.748	0.680	0.146	0.145	0.139	0.101	0.115	0.102	0.079	0.079	0.103	0.634	0.584	0.572	0.155	0.157	0.135	0.101	0.108	0.102	0.079	0.079	0.100	0.681	0.624	0.622	0.152	0.115	0.144	0.103	0.113	0.101	0.079	0.079	0.079	0.079	0.079	0.079	0.078	0.079	0.079	0.079	0.079	0.078	0.079
8:50:00	0.079	0.078	0.078	0.079	0.079	0.078	0.078	0.079	0.080	0.079	0.077	0.081	0.078	0.099	0.483	0.677	0.639	0.171	0.172	0.132	0.102	0.111	0.103	0.079	0.079	0.100	0.694	0.587	0.626	0.146	0.175	0.324	0.102	0.113	0.103	0.079	0.079	0.102	0.920	0.794	0.750	0.148	0.144	0.138	0.102	0.112	0.103	0.079	0.079	0.100	0.853	0.765	0.703	0.147	0.147	0.140	0.101	0.115	0.102	0.079	0.079	0.104	0.647	0.596	0.584	0.155	0.160	0.136	0.101	0.108	0.102	0.079	0.079	0.100	0.698	0.639	0.640	0.153	0.116	0.146	0.103	0.113	0.101	0.079	0.079	0.079	0.079	0.079	0.079	0.079	0.079	0.079	0.079	0.079	0.079	0.079
9:00:00	0.079	0.078	0.078	0.080	0.079	0.078	0.078	0.079	0.080	0.079	0.078	0.081	0.079	0.099	0.496	0.703	0.655	0.171	0.173	0.134	0.102	0.112	0.103	0.079	0.079	0.100	0.724	0.607	0.639	0.147	0.176	0.337	0.102	0.114	0.103	0.079	0.079	0.102	0.939	0.824	0.762	0.149	0.145	0.139	0.102	0.113	0.103	0.079	0.079	0.100	0.867	0.792	0.723	0.147	0.149	0.141	0.101	0.116	0.102	0.079	0.079	0.105	0.667	0.609	0.595	0.156	0.163	0.136	0.101	0.108	0.102	0.079	0.079	0.100	0.714	0.659	0.659	0.154	0.116	0.148	0.104	0.114	0.102	0.079	0.079	0.079	0.079	0.079	0.079	0.079	0.079	0.079	0.079	0.079	0.079	0.079
9:10:00	0.079	0.078	0.078	0.079	0.079	0.078	0.078	0.079	0.080	0.079	0.078	0.081	0.078	0.099	0.509	0.713	0.676	0.173	0.176	0.136	0.102	0.113	0.103	0.079	0.079	0.100	0.722	0.621	0.650	0.147	0.179	0.349	0.102	0.114	0.103	0.079	0.079	0.102	0.952	0.827	0.771	0.150	0.146	0.141	0.102	0.113	0.103	0.079	0.079	0.100	0.877	0.804	0.738	0.148	0.151	0.142	0.101	0.116	0.102	0.079	0.079	0.104	0.673	0.625	0.608	0.157	0.166	0.137	0.101	0.109	0.102	0.079	0.079	0.100	0.728	0.673	0.673	0.155	0.117	0.150	0.104	0.116	0.102	0.079	0.079	0.079	0.079	0.079	0.079	0.078	0.079	0.079	0.079	0.079	0.078	0.079
9:20:00	0.079	0.078	0.078	0.079	0.079	0.078	0.078	0.079	0.080	0.079	0.078	0.081	0.079	0.099	0.522	0.728	0.692	0.173	0.176	0.136	0.102	0.113	0.103	0.079	0.079	0.100	0.738	0.635	0.662	0.148	0.181	0.363	0.102	0.114	0.103	0.079	0.079	0.102	0.970	0.833	0.784	0.150	0.147	0.142	0.102	0.114	0.103	0.079	0.079	0.100	0.885	0.806	0.745	0.148	0.153	0.143	0.101	0.117	0.102	0.079	0.079	0.104	0.690	0.640	0.629	0.157	0.168	0.138	0.101	0.109	0.102	0.079	0.079	0.100	0.747	0.686	0.685	0.156	0.118	0.152	0.104	0.117	0.102	0.079	0.080	0.079	0.079	0.079	0.079	0.078	0.079	0.079	0.079	0.079	0.079	0.079
9:30:00	0.079	0.078	0.078	0.079	0.079	0.078	0.078	0.079	0.080	0.079	0.078	0.081	0.078	0.099	0.532	0.752	0.718	0.174	0.179	0.137	0.102	0.114	0.103	0.079	0.079	0.100	0.774	0.655	0.680	0.148	0.183	0.379	0.102	0.114	0.103	0.079	0.079	0.102	0.992	0.862	0.803	0.151	0.149	0.143	0.102	0.114	0.103	0.079	0.079	0.099	0.914	0.823	0.760	0.149	0.155	0.144	0.101	0.117	0.102	0.079	0.079	0.104	0.712	0.656	0.646	0.157	0.171	0.139	0.101	0.109	0.102	0.079	0.079	0.100	0.763	0.700	0.699	0.158	0.119	0.155	0.104	0.117	0.102	0.079	0.080	0.079	0.079	0.079	0.079	0.079	0.079	0.079	0.079	0.079	0.079	0.079
9:40:00	0.079	0.078	0.078	0.080	0.079	0.078	0.078	0.079	0.080	0.079	0.078	0.081	0.078	0.099	0.538	0.764	0.734	0.176	0.183	0.138	0.102	0.114	0.103	0.079	0.079	0.099	0.765	0.671	0.694	0.149	0.186	0.392	0.102	0.115	0.103	0.079	0.079	0.102	1.009	0.866	0.803	0.151	0.150	0.144	0.102	0.115	0.103	0.079	0.079	0.099	0.923	0.834	0.780	0.150	0.157	0.145	0.101	0.117	0.102	0.079	0.079	0.104	0.719	0.671	0.660	0.158	0.174	0.140	0.101	0.110	0.102	0.079	0.079	0.100	0.775	0.716	0.714	0.159	0.120	0.159	0.104	0.118	0.102	0.079	0.080	0.079	0.079	0.079	0.079	0.079	0.079	0.079	0.079	0.079	0.079	0.080
9:50:00	0.079	0.078	0.078	0.079	0.079	0.078	0.078	0.079	0.080	0.079	0.078	0.081	0.079	0.099	0.547	0.783	0.749	0.176	0.185	0.140	0.102	0.115	0.103	0.079	0.079	0.100	0.793	0.690	0.709	0.149	0.188	0.408	0.102	0.115	0.103	0.079	0.080	0.102	1.023	0.879	0.816	0.152	0.152	0.145	0.102	0.114	0.103	0.079	0.079	0.100	0.930	0.845	0.796	0.151	0.160	0.146	0.101	0.118	0.102	0.079	0.079	0.104	0.736	0.678	0.679	0.158	0.176	0.141	0.101	0.109	0.102	0.079	0.079	0.100	0.792	0.732	0.731	0.159	0.121	0.163	0.104	0.120	0.102	0.079	0.080	0.079	0.079	0.079	0.079	0.079	0.079	0.079	0.079	0.079	0.079	0.079
10:00:00	0.079	0.078	0.078	0.080	0.078	0.078	0.078	0.079	0.080	0.079	0.078	0.081	0.078	0.098	0.554	0.805	0.765	0.177	0.189	0.141	0.102	0.117	0.103	0.079	0.079	0.099	0.833	0.713	0.729	0.151	0.190	0.422	0.102	0.116	0.103	0.079	0.079	0.102	1.041	0.909	0.834	0.153	0.154	0.147	0.102	0.116	0.103	0.079	0.078	0.099	0.945	0.869	0.815	0.153	0.164	0.147	0.101	0.118	0.102	0.079	0.079	0.103	0.756	0.692	0.699	0.159	0.178	0.142	0.101	0.110	0.102	0.079	0.079	0.099	0.809	0.748	0.747	0.160	0.123	0.167	0.104	0.121	0.102	0.079	0.079	0.078	0.078	0.078	0.078	0.078	0.078	0.079	0.078	0.079	0.078	0.079
10:10:00	0.079	0.078	0.078	0.079	0.078	0.078	0.078	0.079	0.080	0.079	0.078	0.080	0.078	0.099	0.561	0.818	0.783	0.177	0.191	0.143	0.102	0.119	0.103	0.079	0.079	0.100	0.823	0.721	0.745	0.151	0.192	0.442	0.102	0.116	0.103	0.079	0.079	0.101	1.054	0.900	0.834	0.153	0.155	0.148	0.102	0.116	0.103	0.079	0.079	0.099	0.950	0.883	0.838	0.153	0.167	0.149	0.101	0.119	0.102	0.079	0.079	0.104	0.771	0.709	0.707	0.159	0.181	0.143	0.101	0.110	0.102	0.079	0.079	0.100	0.824	0.763	0.771	0.160	0.125	0.172	0.104	0.122	0.102	0.079	0.080	0.079	0.079	0.079	0.079	0.079	0.079	0.079	0.079	0.079	0.078	0.079
10:20:00	0.079	0.078	0.078	0.079	0.078	0.078	0.078	0.079	0.080	0.079	0.078	0.080	0.078	0.099	0.570	0.837	0.800	0.178	0.193	0.145	0.102	0.120	0.103	0.079	0.079	0.099	0.852	0.739	0.764	0.152	0.194	0.459	0.102	0.117	0.103	0.079	0.079	0.102	1.071	0.913	0.847	0.154	0.156	0.149	0.102	0.116	0.103	0.079	0.079	0.099	0.963	0.891	0.857	0.154	0.170	0.150	0.101	0.119	0.102	0.079	0.079	0.104	0.789	0.727	0.724	0.160	0.184	0.145	0.101	0.110	0.102	0.079	0.079	0.100	0.837	0.780	0.786	0.161	0.127	0.178	0.104	0.124	0.102	0.079	0.079	0.079	0.079	0.079	0.079	0.078	0.079	0.079	0.079	0.079	0.078	0.079
10:30:00	0.079	0.078	0.078	0.079	0.079	0.078	0.078	0.079	0.080	0.079	0.078	0.080	0.079	0.099	0.575	0.853	0.823	0.180	0.195	0.149	0.102	0.123	0.103	0.079	0.079	0.099	0.862	0.748	0.781	0.152	0.198	0.476	0.102	0.117	0.103	0.079	0.079	0.102	1.087	0.920	0.855	0.155	0.158	0.151	0.102	0.117	0.103	0.079	0.079	0.099	0.973	0.899	0.873	0.155	0.174	0.152	0.101	0.120	0.102	0.079	0.079	0.103	0.802	0.745	0.741	0.161	0.187	0.146	0.101	0.111	0.102	0.079	0.079	0.100	0.844	0.796	0.804	0.163	0.130	0.183	0.104	0.125	0.101	0.079	0.080	0.079	0.079	0.079	0.079	0.079	0.079	0.079	0.079	0.079	0.079	0.079
10:40:00	0.080	0.078	0.079	0.079	0.079	0.079	0.078	0.079	0.080	0.079	0.078	0.080	0.079	0.099	0.585	0.871	0.845	0.181	0.198	0.152	0.102	0.123	0.103	0.079	0.079	0.100	0.870	0.756	0.800	0.153	0.201	0.496	0.102	0.118	0.103	0.080	0.080	0.101	1.103	0.926	0.864	0.156	0.159	0.151	0.102	0.117	0.103	0.079	0.079	0.100	0.986	0.909	0.890	0.157	0.178	0.152	0.101	0.121	0.102	0.079	0.080	0.104	0.816	0.765	0.756	0.162	0.187	0.148	0.101	0.111	0.102	0.079	0.079	0.100	0.859	0.811	0.823	0.164	0.133	0.186	0.104	0.128	0.102	0.079	0.080	0.079	0.079	0.079	0.079	0.079	0.079	0.079	0.079	0.079	0.079	0.080
10:50:00	0.079	0.078	0.079	0.079	0.079	0.078	0.078	0.079	0.080	0.079	0.078	0.080	0.079	0.099	0.597	0.891	0.858	0.181	0.200	0.152	0.103	0.126	0.103	0.079	0.079	0.100	0.893	0.775	0.817	0.154	0.205	0.509	0.102	0.119	0.103	0.079	0.080	0.101	1.116	0.945	0.874	0.157	0.160	0.153	0.102	0.118	0.103	0.079	0.079	0.100	1.002	0.921	0.902	0.158	0.182	0.154	0.101	0.121	0.102	0.079	0.079	0.104	0.832	0.785	0.771	0.162	0.189	0.150	0.101	0.111	0.102	0.079	0.079	0.100	0.881	0.828	0.841	0.165	0.136	0.192	0.105	0.130	0.102	0.079	0.080	0.079	0.079	0.079	0.079	0.078	0.079	0.079	0.079	0.079	0.079	0.079
11:00:00	0.080	0.078	0.079	0.079	0.079	0.078	0.078	0.079	0.080	0.079	0.078	0.080	0.079	0.099	0.609	0.900	0.877	0.184	0.204	0.157	0.103	0.129	0.103	0.079	0.079	0.100	0.903	0.788	0.827	0.154	0.211	0.520	0.102	0.119	0.103	0.080	0.080	0.102	1.129	0.953	0.886	0.158	0.161	0.154	0.102	0.118	0.103	0.079	0.079	0.100	1.008	0.933	0.921	0.159	0.187	0.156	0.101	0.122	0.102	0.079	0.080	0.104	0.844	0.799	0.785	0.164	0.191	0.152	0.101	0.112	0.102	0.079	0.079	0.100	0.901	0.846	0.857	0.166	0.140	0.199	0.105	0.129	0.102	0.079	0.080	0.079	0.079	0.079	0.079	0.079	0.079	0.079	0.079	0.079	0.079	0.080
11:10:00	0.079	0.078	0.078	0.079	0.079	0.078	0.078	0.079	0.080	0.079	0.078	0.080	0.079	0.099	0.620	0.919	0.894	0.183	0.206	0.159	0.103	0.131	0.103	0.079	0.079	0.099	0.917	0.808	0.844	0.154	0.213	0.530	0.102	0.119	0.103	0.079	0.079	0.101	1.151	0.963	0.896	0.158	0.162	0.155	0.102	0.118	0.103	0.079	0.079	0.099	1.014	0.942	0.930	0.159	0.193	0.157	0.101	0.122	0.102	0.079	0.079	0.104	0.866	0.809	0.798	0.164	0.193	0.152	0.101	0.112	0.102	0.079	0.079	0.100	0.916	0.868	0.880	0.166	0.145	0.207	0.105	0.136	0.101	0.079	0.080	0.079	0.079	0.079	0.079	0.079	0.079	0.079	0.079	0.079	0.079	0.079
11:20:00	0.079	0.078	0.078	0.079	0.079	0.078	0.078	0.079	0.080	0.079	0.078	0.080	0.078	0.099	0.628	0.937	0.913	0.185	0.208	0.161	0.103	0.133	0.103	0.079	0.079	0.099	0.940	0.830	0.857	0.155	0.216	0.542	0.102	0.120	0.103	0.079	0.079	0.101	1.170	0.976	0.907	0.158	0.163	0.156	0.102	0.119	0.103	0.079	0.079	0.099	1.025	0.954	0.939	0.160	0.199	0.160	0.101	0.123	0.102	0.079	0.079	0.104	0.880	0.825	0.810	0.165	0.196	0.154	0.101	0.112	0.102	0.079	0.079	0.100	0.927	0.891	0.899	0.166	0.150	0.216	0.105	0.138	0.101	0.079	0.080	0.079	0.079	0.079	0.079	0.079	0.079	0.079	0.079	0.079	0.079	0.080
11:30:00	0.080	0.078	0.079	0.079	0.079	0.079	0.078	0.079	0.080	0.079	0.078	0.081	0.079	0.099	0.637	0.941	0.929	0.188	0.213	0.164	0.103	0.134	0.103	0.079	0.079	0.099	0.939	0.835	0.867	0.155	0.221	0.552	0.102	0.120	0.103	0.080	0.080	0.101	1.180	0.986	0.917	0.159	0.165	0.158	0.102	0.119	0.103	0.079	0.079	0.099	1.032	0.968	0.954	0.161	0.205	0.162	0.101	0.124	0.102	0.079	0.080	0.103	0.892	0.833	0.822	0.166	0.201	0.156	0.101	0.112	0.102	0.079	0.079	0.100	0.936	0.913	0.910	0.168	0.156	0.227	0.105	0.141	0.102	0.079	0.080	0.079	0.079	0.079	0.079	0.079	0.079	0.079	0.079	0.079	0.079	0.080
11:40:00	0.080	0.078	0.078	0.080	0.079	0.078	0.078	0.079	0.080	0.079	0.078	0.081	0.079	0.099	0.648	0.959	0.945	0.190	0.214	0.167	0.104	0.136	0.103	0.079	0.079	0.100	0.957	0.853	0.879	0.157	0.224	0.564	0.102	0.121	0.103	0.080	0.080	0.102	1.194	0.996	0.925	0.160	0.167	0.160	0.103	0.120	0.103	0.079	0.079	0.099	1.045	0.976	0.964	0.163	0.212	0.164	0.101	0.125	0.102	0.079	0.079	0.103	0.903	0.846	0.837	0.167	0.205	0.158	0.101	0.113	0.102	0.079	0.079	0.099	0.946	0.889	0.922	0.168	0.163	0.237	0.105	0.164	0.102	0.079	0.079	0.079	0.079	0.079	0.078	0.078	0.079	0.079	0.079	0.079	0.079	0.079
11:50:00	0.079	0.078	0.078	0.079	0.078	0.078	0.078	0.079	0.080	0.079	0.078	0.080	0.079	0.098	0.654	0.971	0.962	0.192	0.217	0.171	0.103	0.137	0.103	0.079	0.079	0.099	0.960	0.867	0.890	0.157	0.228	0.570	0.102	0.122	0.103	0.079	0.079	0.101	1.209	1.001	0.942	0.161	0.169	0.162	0.102	0.121	0.103	0.079	0.079	0.099	1.055	0.988	0.978	0.164	0.218	0.167	0.101	0.125	0.102	0.079	0.079	0.103	0.912	0.858	0.856	0.168	0.209	0.160	0.101	0.113	0.102	0.079	0.079	0.099	0.957	0.890	0.935	0.170	0.170	0.251	0.105	0.151	0.102	0.079	0.080	0.079	0.079	0.079	0.079	0.079	0.079	0.079	0.079	0.079	0.079	0.080
12:00:00	0.079	0.078	0.078	0.079	0.079	0.078	0.078	0.079	0.080	0.079	0.078	0.080	0.079	0.099	0.664	0.984	0.976	0.193	0.219	0.173	0.103	0.138	0.103	0.079	0.079	0.099	0.974	0.878	0.900	0.157	0.229	0.578	0.102	0.122	0.103	0.079	0.080	0.102	1.220	1.012	0.952	0.161	0.169	0.163	0.103	0.121	0.103	0.079	0.079	0.099	1.069	1.002	0.993	0.165	0.225	0.168	0.101	0.126	0.102	0.079	0.079	0.103	0.924	0.867	0.870	0.169	0.212	0.163	0.101	0.113	0.102	0.079	0.079	0.100	0.970	0.889	0.951	0.170	0.178	0.267	0.105	0.169	0.102	0.079	0.080	0.079	0.079	0.079	0.079	0.079	0.079	0.079	0.079	0.079	0.079	0.080
12:10:00	0.079	0.078	0.078	0.079	0.079	0.078	0.078	0.079	0.080	0.079	0.078	0.080	0.079	0.099	0.671	1.001	0.987	0.195	0.222	0.176	0.103	0.138	0.103	0.079	0.079	0.099	0.994	0.891	0.909	0.157	0.232	0.587	0.102	0.123	0.103	0.080	0.080	0.101	1.233	1.026	0.963	0.162	0.171	0.164	0.103	0.122	0.103	0.079	0.079	0.099	1.082	1.012	1.005	0.167	0.234	0.170	0.101	0.127	0.102	0.079	0.079	0.103	0.937	0.882	0.881	0.170	0.216	0.166	0.101	0.113	0.102	0.079	0.079	0.100	0.983	0.898	0.969	0.171	0.187	0.284	0.106	0.170	0.102	0.079	0.080	0.079	0.079	0.079	0.079	0.079	0.079	0.079	0.079	0.079	0.079	0.080
12:20:00	0.079	0.078	0.079	0.079	0.079	0.078	0.078	0.079	0.080	0.079	0.078	0.080	0.079	0.099	0.678	1.006	1.007	0.199	0.227	0.178	0.103	0.139	0.103	0.079	0.079	0.099	0.999	0.898	0.923	0.159	0.235	0.604	0.102	0.124	0.103	0.080	0.080	0.101	1.250	1.035	0.975	0.164	0.173	0.167	0.103	0.122	0.103	0.079	0.079	0.099	1.091	1.024	1.016	0.169	0.242	0.173	0.101	0.128	0.102	0.079	0.079	0.104	0.941	0.890	0.893	0.171	0.219	0.171	0.102	0.114	0.102	0.079	0.080	0.100	0.991	0.905	0.982	0.174	0.196	0.303	0.106	0.162	0.102	0.079	0.080	0.079	0.079	0.079	0.079	0.079	0.079	0.079	0.079	0.079	0.079	0.080
12:30:00	0.080	0.078	0.079	0.079	0.079	0.079	0.079	0.079	0.080	0.079	0.078	0.080	0.079	0.099	0.688	1.020	1.020	0.201	0.231	0.180	0.103	0.139	0.103	0.079	0.079	0.099	1.010	0.911	0.934	0.159	0.237	0.621	0.102	0.124	0.103	0.080	0.080	0.101	1.259	1.039	0.982	0.165	0.173	0.168	0.103	0.123	0.103	0.079	0.079	0.100	1.101	1.032	1.025	0.170	0.255	0.173	0.101	0.130	0.102	0.079	0.080	0.104	0.949	0.904	0.906	0.172	0.223	0.175	0.102	0.114	0.102	0.079	0.079	0.100	1.005	0.912	0.993	0.175	0.207	0.323	0.106	0.168	0.102	0.079	0.080	0.079	0.079	0.079	0.079	0.079	0.079	0.079	0.079	0.079	0.079	0.080
12:40:00	0.080	0.078	0.079	0.079	0.079	0.078	0.078	0.079	0.080	0.079	0.078	0.080	0.079	0.099	0.696	1.036	1.032	0.203	0.234	0.184	0.103	0.139	0.103	0.079	0.079	0.099	1.030	0.923	0.945	0.160	0.239	0.635	0.102	0.125	0.103	0.080	0.080	0.101	1.271	1.050	0.990	0.166	0.174	0.170	0.103	0.124	0.103	0.078	0.079	0.099	1.109	1.041	1.030	0.171	0.267	0.176	0.101	0.131	0.102	0.079	0.080	0.104	0.958	0.916	0.919	0.172	0.227	0.179	0.102	0.114	0.102	0.079	0.079	0.100	1.013	0.919	1.003	0.176	0.219	0.345	0.106	0.165	0.102	0.079	0.080	0.079	0.079	0.079	0.079	0.079	0.079	0.079	0.079	0.079	0.079	0.079
12:50:00	0.080	0.078	0.079	0.079	0.079	0.078	0.078	0.079	0.080	0.079	0.078	0.080	0.079	0.099	0.705	1.038	1.050	0.206	0.239	0.186	0.104	0.139	0.103	0.079	0.079	0.100	1.032	0.936	0.956	0.161	0.241	0.643	0.103	0.127	0.103	0.080	0.080	0.102	1.283	1.058	1.000	0.168	0.176	0.173	0.103	0.124	0.103	0.079	0.079	0.100	1.113	1.055	1.035	0.173	0.282	0.178	0.101	0.133	0.102	0.080	0.080	0.104	0.963	0.926	0.935	0.174	0.232	0.181	0.102	0.114	0.102	0.079	0.079	0.100	1.022	0.928	1.009	0.178	0.234	0.371	0.107	0.163	0.102	0.079	0.080	0.079	0.079	0.079	0.079	0.079	0.079	0.079	0.079	0.079	0.079	0.079
13:00:00	0.080	0.078	0.078	0.079	0.079	0.078	0.078	0.079	0.080	0.079	0.079	0.080	0.079	0.099	0.717	1.055	1.070	0.208	0.241	0.186	0.104	0.139	0.103	0.079	0.079	0.099	1.045	0.952	0.971	0.161	0.242	0.655	0.102	0.128	0.102	0.080	0.080	0.101	1.293	1.075	1.009	0.169	0.174	0.174	0.102	0.124	0.102	0.079	0.079	0.099	1.126	1.065	1.045	0.173	0.298	0.180	0.101	0.134	0.102	0.080	0.080	0.104	0.974	0.936	0.949	0.175	0.237	0.182	0.101	0.115	0.102	0.079	0.080	0.100	1.035	0.938	1.011	0.178	0.251	0.402	0.106	0.166	0.102	0.079	0.080	0.079	0.079	0.079	0.079	0.079	0.079	0.079	0.079	0.080	0.079	0.079
13:10:00	0.079	0.078	0.078	0.079	0.079	0.078	0.078	0.079	0.080	0.079	0.079	0.080	0.079	0.098	0.725	1.065	1.075	0.210	0.243	0.186	0.104	0.140	0.103	0.079	0.079	0.099	1.063	0.962	0.980	0.163	0.243	0.664	0.102	0.129	0.103	0.080	0.080	0.101	1.300	1.081	1.019	0.170	0.175	0.176	0.103	0.125	0.103	0.079	0.079	0.099	1.130	1.076	1.049	0.174	0.314	0.183	0.101	0.136	0.102	0.080	0.080	0.103	0.979	0.943	0.954	0.175	0.242	0.183	0.102	0.115	0.102	0.080	0.080	0.100	1.045	0.943	1.013	0.179	0.268	0.434	0.107	0.165	0.102	0.079	0.080	0.079	0.079	0.079	0.079	0.079	0.079	0.080	0.079	0.080	0.079	0.079
13:20:00	0.080	0.078	0.079	0.079	0.079	0.079	0.079	0.079	0.080	0.080	0.078	0.081	0.079	0.099	0.734	1.071	1.067	0.213	0.248	0.194	0.104	0.140	0.103	0.079	0.079	0.099	1.062	0.967	0.982	0.165	0.246	0.676	0.103	0.130	0.103	0.080	0.080	0.101	1.308	1.088	1.026	0.173	0.178	0.179	0.103	0.126	0.103	0.079	0.079	0.099	1.134	1.086	1.054	0.176	0.332	0.186	0.101	0.139	0.102	0.080	0.080	0.103	0.982	0.953	0.962	0.176	0.246	0.184	0.102	0.116	0.102	0.080	0.080	0.100	1.052	0.950	1.017	0.181	0.286	0.464	0.107	0.165	0.102	0.079	0.080	0.079	0.079	0.079	0.079	0.079	0.079	0.080	0.079	0.080	0.079	0.079
13:30:00	0.079	0.078	0.078	0.080	0.079	0.079	0.078	0.079	0.081	0.079	0.078	0.081	0.079	0.098	0.744	1.082	1.067	0.215	0.251	0.197	0.104	0.141	0.103	0.079	0.079	0.099	1.075	0.976	0.988	0.166	0.248	0.684	0.103	0.133	0.103	0.080	0.080	0.102	1.316	1.094	1.030	0.175	0.178	0.183	0.103	0.127	0.103	0.079	0.079	0.099	1.146	1.091	1.063	0.178	0.351	0.188	0.101	0.142	0.102	0.080	0.079	0.103	0.996	0.966	0.969	0.177	0.252	0.184	0.102	0.116	0.102	0.079	0.079	0.099	1.062	0.957	1.024	0.181	0.308	0.496	0.107	0.167	0.102	0.079	0.079	0.079	0.079	0.079	0.078	0.078	0.079	0.079	0.078	0.079	0.079	0.079
13:40:00	0.080	0.078	0.078	0.079	0.079	0.078	0.078	0.079	0.080	0.079	0.078	0.080	0.079	0.099	0.753	1.089	1.065	0.218	0.255	0.202	0.104	0.141	0.103	0.079	0.079	0.099	1.081	0.985	0.992	0.167	0.251	0.694	0.103	0.134	0.103	0.080	0.080	0.101	1.325	1.101	1.040	0.177	0.179	0.187	0.103	0.127	0.103	0.079	0.079	0.099	1.154	1.100	1.073	0.180	0.371	0.189	0.101	0.143	0.102	0.080	0.080	0.103	0.996	0.974	0.977	0.178	0.257	0.186	0.102	0.116	0.102	0.079	0.079	0.100	1.071	0.963	1.032	0.183	0.325	0.526	0.108	0.169	0.102	0.079	0.080	0.079	0.079	0.079	0.079	0.079	0.079	0.079	0.079	0.079	0.079	0.079
13:50:00	0.080	0.078	0.079	0.079	0.079	0.078	0.078	0.079	0.080	0.079	0.078	0.080	0.079	0.099	0.762	1.100	1.066	0.220	0.255	0.205	0.104	0.142	0.103	0.079	0.079	0.099	1.084	0.996	0.998	0.168	0.252	0.701	0.103	0.133	0.103	0.080	0.080	0.101	1.329	1.110	1.046	0.179	0.179	0.190	0.103	0.128	0.103	0.078	0.079	0.099	1.161	1.101	1.077	0.181	0.393	0.191	0.101	0.146	0.102	0.080	0.080	0.103	1.000	0.981	0.983	0.180	0.262	0.189	0.102	0.117	0.102	0.079	0.079	0.099	1.079	0.969	1.040	0.184	0.352	0.558	0.109	0.173	0.102	0.079	0.080	0.079	0.079	0.079	0.079	0.079	0.079	0.079	0.079	0.079	0.079	0.079
14:00:00	0.080	0.078	0.079	0.079	0.079	0.079	0.079	0.079	0.080	0.079	0.078	0.080	0.079	0.099	0.770	1.112	1.070	0.222	0.258	0.207	0.105	0.143	0.103	0.079	0.079	0.099	1.088	1.005	1.006	0.169	0.255	0.708	0.103	0.134	0.103	0.080	0.080	0.101	1.333	1.115	1.054	0.181	0.179	0.193	0.103	0.129	0.103	0.079	0.079	0.099	1.172	1.108	1.082	0.183	0.418	0.193	0.101	0.149	0.102	0.080	0.080	0.104	1.012	0.986	0.990	0.181	0.269	0.192	0.102	0.117	0.102	0.079	0.080	0.100	1.089	0.974	1.047	0.186	0.362	0.591	0.110	0.174	0.102	0.079	0.080	0.079	0.079	0.079	0.079	0.079	0.079	0.079	0.079	0.080	0.079	0.079
14:10:00	0.080	0.078	0.079	0.079	0.079	0.079	0.079	0.079	0.080	0.079	0.078	0.080	0.079	0.098	0.776	1.114	1.075	0.225	0.262	0.211	0.104	0.143	0.103	0.079	0.079	0.099	1.087	1.011	1.013	0.170	0.258	0.715	0.103	0.135	0.103	0.080	0.080	0.101	1.337	1.123	1.060	0.183	0.179	0.196	0.103	0.130	0.103	0.079	0.079	0.099	1.182	1.117	1.091	0.185	0.442	0.194	0.101	0.153	0.102	0.080	0.080	0.103	1.013	0.994	0.998	0.183	0.274	0.195	0.102	0.117	0.102	0.079	0.080	0.100	1.097	0.980	1.054	0.188	0.366	0.619	0.110	0.174	0.102	0.079	0.080	0.079	0.079	0.079	0.079	0.079	0.079	0.079	0.079	0.080	0.079	0.079
14:20:00	0.080	0.078	0.079	0.079	0.079	0.079	0.079	0.079	0.080	0.080	0.078	0.080	0.079	0.099	0.785	1.122	1.082	0.228	0.267	0.215	0.105	0.145	0.103	0.079	0.079	0.099	1.094	1.018	1.022	0.172	0.261	0.723	0.103	0.137	0.103	0.080	0.080	0.101	1.341	1.131	1.067	0.186	0.181	0.198	0.103	0.131	0.103	0.079	0.079	0.099	1.184	1.125	1.098	0.188	0.471	0.197	0.101	0.158	0.102	0.078	0.080	0.103	1.018	1.003	1.005	0.185	0.280	0.199	0.102	0.118	0.102	0.079	0.079	0.100	1.101	0.986	1.061	0.190	0.386	0.649	0.110	0.174	0.102	0.079	0.080	0.079	0.079	0.079	0.079	0.079	0.079	0.079	0.079	0.080	0.079	0.079
14:30:00	0.080	0.078	0.079	0.079	0.079	0.079	0.079	0.079	0.081	0.079	0.078	0.080	0.079	0.099	0.794	1.126	1.089	0.232	0.273	0.219	0.105	0.146	0.103	0.079	0.079	0.099	1.099	1.023	1.030	0.175	0.266	0.733	0.103	0.139	0.103	0.080	0.080	0.101	1.349	1.138	1.073	0.189	0.183	0.201	0.103	0.132	0.103	0.079	0.079	0.099	1.187	1.133	1.106	0.191	0.498	0.200	0.101	0.162	0.102	0.078	0.080	0.103	1.020	1.011	1.012	0.187	0.287	0.203	0.102	0.119	0.102	0.080	0.080	0.100	1.107	0.992	1.069	0.193	0.406	0.679	0.110	0.173	0.102	0.079	0.080	0.079	0.079	0.079	0.079	0.079	0.079	0.079	0.079	0.080	0.079	0.079
14:40:00	0.080	0.078	0.078	0.079	0.079	0.079	0.079	0.079	0.080	0.079	0.078	0.080	0.079	0.099	0.803	1.128	1.098	0.235	0.276	0.221	0.105	0.147	0.103	0.079	0.079	0.099	1.104	1.027	1.039	0.175	0.268	0.741	0.103	0.139	0.103	0.080	0.080	0.101	1.351	1.145	1.074	0.191	0.183	0.203	0.103	0.133	0.103	0.079	0.079	0.099	1.190	1.133	1.106	0.192	0.533	0.203	0.101	0.165	0.102	0.078	0.080	0.103	1.026	1.016	1.018	0.188	0.293	0.207	0.102	0.119	0.102	0.079	0.080	0.100	1.116	0.997	1.077	0.195	0.417	0.739	0.110	0.171	0.102	0.079	0.080	0.079	0.079	0.079	0.079	0.079	0.079	0.079	0.079	0.080	0.079	0.079
14:50:00	0.080	0.078	0.079	0.079	0.079	0.079	0.079	0.079	0.080	0.079	0.079	0.081	0.079	0.099	0.813	1.134	1.107	0.239	0.280	0.222	0.105	0.149	0.103	0.079	0.079	0.099	1.109	1.034	1.046	0.177	0.270	0.751	0.103	0.141	0.103	0.080	0.080	0.101	1.353	1.154	1.081	0.192	0.184	0.206	0.103	0.135	0.103	0.079	0.079	0.099	1.193	1.133	1.108	0.194	0.570	0.206	0.101	0.170	0.102	0.079	0.080	0.103	1.030	1.018	1.024	0.189	0.301	0.210	0.102	0.119	0.102	0.080	0.080	0.100	1.122	1.002	1.084	0.196	0.435	0.709	0.110	0.169	0.102	0.080	0.080	0.079	0.079	0.079	0.079	0.079	0.079	0.080	0.079	0.080	0.079	0.079
15:00:00	0.080	0.078	0.079	0.079	0.079	0.079	0.079	0.079	0.080	0.080	0.079	0.081	0.079	0.098	0.817	1.135	1.115	0.243	0.285	0.226	0.105	0.150	0.103	0.080	0.079	0.099	1.110	1.035	1.054	0.179	0.273	0.757	0.103	0.144	0.103	0.080	0.080	0.101	1.360	1.156	1.089	0.194	0.186	0.209	0.103	0.136	0.103	0.079	0.079	0.099	1.202	1.139	1.116	0.198	0.596	0.209	0.101	0.177	0.102	0.079	0.080	0.103	1.030	1.023	1.031	0.192	0.308	0.214	0.102	0.120	0.102	0.079	0.080	0.099	1.130	1.008	1.093	0.200	0.443	0.726	0.111	0.169	0.102	0.080	0.080	0.079	0.080	0.080	0.079	0.079	0.080	0.080	0.079	0.080	0.079	0.079
15:10:00	0.080	0.078	0.079	0.079	0.079	0.079	0.079	0.079	0.080	0.080	0.078	0.081	0.079	0.099	0.822	1.139	1.127	0.245	0.287	0.227	0.105	0.153	0.103	0.080	0.080	0.099	1.112	1.040	1.060	0.180	0.276	0.764	0.104	0.145	0.103	0.079	0.080	0.101	1.360	1.160	1.091	0.195	0.186	0.212	0.104	0.136	0.103	0.079	0.079	0.099	1.202	1.140	1.120	0.199	0.637	0.211	0.102	0.187	0.102	0.079	0.080	0.103	1.035	1.027	1.038	0.193	0.317	0.217	0.102	0.121	0.102	0.079	0.080	0.100	1.137	1.013	1.101	0.202	0.461	0.730	0.111	0.168	0.102	0.080	0.080	0.079	0.080	0.080	0.079	0.079	0.079	0.080	0.079	0.080	0.079	0.079
15:20:00	0.079	0.078	0.078	0.080	0.079	0.078	0.078	0.079	0.081	0.079	0.079	0.080	0.079	0.098	0.826	1.142	1.138	0.248	0.288	0.228	0.106	0.154	0.103	0.079	0.079	0.099	1.117	1.045	1.068	0.183	0.277	0.769	0.104	0.146	0.103	0.079	0.080	0.101	1.361	1.170	1.097	0.197	0.186	0.215	0.104	0.136	0.103	0.078	0.079	0.099	1.204	1.144	1.127	0.201	0.674	0.213	0.102	0.196	0.102	0.078	0.079	0.102	1.039	1.032	1.045	0.195	0.326	0.220	0.102	0.122	0.102	0.078	0.079	0.099	1.144	1.017	1.111	0.203	0.473	0.746	0.111	0.168	0.102	0.079	0.080	0.079	0.079	0.079	0.079	0.078	0.079	0.079	0.079	0.079	0.079	0.079
15:30:00	0.080	0.078	0.078	0.079	0.079	0.079	0.079	0.079	0.080	0.079	0.078	0.080	0.079	0.099	0.832	1.144	1.148	0.249	0.294	0.234	0.106	0.155	0.103	0.079	0.079	0.099	1.120	1.047	1.074	0.184	0.282	0.776	0.104	0.148	0.103	0.079	0.080	0.101	1.360	1.165	1.097	0.198	0.188	0.219	0.104	0.135	0.103	0.079	0.079	0.099	1.204	1.147	1.129	0.202	0.714	0.215	0.102	0.206	0.102	0.078	0.080	0.103	1.042	1.034	1.052	0.196	0.335	0.222	0.102	0.122	0.102	0.078	0.080	0.100	1.147	1.025	1.124	0.206	0.483	0.751	0.112	0.167	0.102	0.079	0.080	0.079	0.079	0.079	0.079	0.079	0.079	0.080	0.079	0.080	0.079	0.079
15:40:00	0.080	0.078	0.079	0.079	0.079	0.079	0.079	0.079	0.080	0.080	0.078	0.080	0.079	0.098	0.841	1.149	1.149	0.250	0.298	0.235	0.106	0.155	0.103	0.079	0.079	0.099	1.127	1.052	1.078	0.188	0.285	0.782	0.104	0.150	0.103	0.079	0.080	0.101	1.360	1.159	1.106	0.199	0.189	0.222	0.104	0.138	0.103	0.079	0.079	0.099	1.205	1.151	1.137	0.204	0.747	0.217	0.102	0.217	0.102	0.078	0.080	0.103	1.046	1.039	1.059	0.199	0.345	0.225	0.102	0.124	0.102	0.078	0.080	0.099	1.153	1.032	1.126	0.207	0.496	0.743	0.112	0.167	0.102	0.079	0.080	0.079	0.079	0.079	0.079	0.079	0.079	0.080	0.079	0.080	0.079	0.079
15:50:00	0.080	0.078	0.079	0.079	0.079	0.079	0.079	0.079	0.080	0.080	0.078	0.080	0.079	0.099	0.847	1.152	1.153	0.253	0.301	0.237	0.106	0.157	0.103	0.080	0.079	0.099	1.130	1.054	1.082	0.189	0.288	0.793	0.104	0.153	0.103	0.079	0.080	0.101	1.359	1.152	1.105	0.202	0.190	0.225	0.104	0.137	0.103	0.079	0.079	0.099	1.198	1.149	1.140	0.206	0.779	0.219	0.102	0.228	0.102	0.078	0.080	0.103	1.050	1.043	1.066	0.203	0.353	0.228	0.103	0.125	0.102	0.078	0.080	0.100	1.154	1.040	1.132	0.210	0.496	0.746	0.113	0.167	0.102	0.079	0.080	0.079	0.079	0.080	0.079	0.079	0.079	0.080	0.079	0.080	0.079	0.079
16:00:00	0.080	0.078	0.079	0.079	0.079	0.079	0.079	0.079	0.080	0.080	0.079	0.080	0.079	0.098	0.857	1.153	1.155	0.255	0.304	0.239	0.106	0.162	0.103	0.080	0.080	0.099	1.132	1.058	1.087	0.191	0.292	0.801	0.104	0.156	0.103	0.079	0.080	0.101	1.359	1.152	1.111	0.205	0.190	0.228	0.104	0.138	0.103	0.079	0.080	0.099	1.193	1.147	1.142	0.206	0.806	0.222	0.102	0.242	0.102	0.079	0.080	0.103	1.053	1.049	1.071	0.204	0.362	0.231	0.103	0.126	0.102	0.079	0.080	0.100	1.157	1.045	1.136	0.211	0.505	0.745	0.113	0.167	0.102	0.080	0.080	0.079	0.080	0.080	0.080	0.079	0.080	0.080	0.079	0.080	0.079	0.079
16:10:00	0.080	0.078	0.079	0.079	0.079	0.079	0.079	0.079	0.081	0.080	0.079	0.080	0.079	0.098	0.864	1.152	1.159	0.257	0.307	0.244	0.106	0.164	0.103	0.080	0.079	0.099	1.137	1.061	1.091	0.194	0.296	0.808	0.104	0.158	0.103	0.079	0.080	0.101	1.361	1.148	1.109	0.207	0.191	0.231	0.104	0.139	0.103	0.078	0.079	0.099	1.187	1.144	1.144	0.207	0.837	0.225	0.102	0.257	0.102	0.078	0.080	0.103	1.057	1.054	1.074	0.207	0.370	0.234	0.103	0.127	0.102	0.078	0.080	0.099	1.160	1.051	1.139	0.215	0.522	0.744	0.114	0.168	0.103	0.080	0.080	0.079	0.079	0.079	0.079	0.079	0.079	0.080	0.079	0.080	0.079	0.079
16:20:00	0.080	0.078	0.079	0.079	0.079	0.079	0.079	0.079	0.081	0.080	0.079	0.080	0.079	0.099	0.867	1.155	1.162	0.259	0.311	0.249	0.106	0.169	0.103	0.080	0.080	0.099	1.142	1.069	1.094	0.196	0.297	0.814	0.104	0.161	0.103	0.079	0.080	0.101	1.349	1.147	1.113	0.209	0.191	0.233	0.104	0.141	0.103	0.079	0.080	0.099	1.185	1.143	1.145	0.210	0.861	0.227	0.102	0.273	0.102	0.079	0.080	0.104	1.061	1.056	1.079	0.208	0.383	0.237	0.103	0.128	0.102	0.079	0.080	0.100	1.165	1.058	1.144	0.217	0.540	0.746	0.114	0.168	0.103	0.079	0.081	0.079	0.080	0.080	0.080	0.079	0.080	0.080	0.079	0.080	0.079	0.079
16:30:00	0.080	0.078	0.079	0.079	0.079	0.079	0.079	0.079	0.081	0.080	0.079	0.080	0.079	0.099	0.872	1.157	1.164	0.263	0.317	0.255	0.107	0.172	0.103	0.080	0.079	0.099	1.151	1.076	1.095	0.198	0.301	0.816	0.104	0.165	0.103	0.079	0.080	0.101	1.344	1.146	1.119	0.212	0.192	0.238	0.104	0.143	0.103	0.078	0.079	0.099	1.185	1.140	1.148	0.212	0.890	0.230	0.102	0.293	0.102	0.078	0.080	0.103	1.067	1.062	1.085	0.209	0.393	0.240	0.103	0.129	0.102	0.079	0.080	0.099	1.169	1.061	1.146	0.219	0.548	0.754	0.114	0.169	0.103	0.078	0.080	0.079	0.079	0.080	0.079	0.079	0.079	0.080	0.079	0.080	0.079	0.079
16:40:00	0.080	0.078	0.079	0.079	0.079	0.079	0.079	0.079	0.080	0.080	0.079	0.081	0.079	0.098	0.875	1.159	1.167	0.264	0.320	0.260	0.107	0.172	0.103	0.080	0.079	0.099	1.155	1.079	1.100	0.199	0.304	0.823	0.104	0.170	0.103	0.079	0.080	0.101	1.345	1.144	1.118	0.214	0.192	0.241	0.105	0.145	0.103	0.079	0.079	0.099	1.187	1.142	1.150	0.214	0.910	0.231	0.102	0.315	0.102	0.079	0.080	0.103	1.071	1.063	1.089	0.212	0.403	0.245	0.103	0.130	0.102	0.079	0.080	0.099	1.173	1.063	1.151	0.220	0.566	0.759	0.115	0.171	0.103	0.079	0.080	0.079	0.080	0.080	0.080	0.079	0.080	0.080	0.079	0.080	0.079	0.079
16:50:01	0.080	0.078	0.079	0.079	0.079	0.079	0.079	0.079	0.080	0.080	0.078	0.081	0.079	0.098	0.884	1.161	1.170	0.265	0.323	0.263	0.107	0.172	0.103	0.080	0.080	0.099	1.158	1.082	1.101	0.201	0.306	0.828	0.104	0.175	0.103	0.079	0.080	0.101	1.344	1.143	1.119	0.217	0.193	0.244	0.105	0.147	0.103	0.079	0.080	0.099	1.187	1.141	1.149	0.217	0.941	0.234	0.102	0.338	0.102	0.079	0.080	0.103	1.075	1.064	1.092	0.213	0.413	0.249	0.103	0.131	0.102	0.079	0.080	0.099	1.175	1.067	1.157	0.223	0.581	0.760	0.116	0.173	0.103	0.079	0.080	0.079	0.080	0.080	0.079	0.079	0.080	0.080	0.079	0.080	0.079	0.079
17:00:01	0.080	0.078	0.079	0.079	0.079	0.079	0.079	0.079	0.080	0.080	0.078	0.081	0.079	0.099	0.893	1.165	1.173	0.267	0.326	0.266	0.107	0.172	0.104	0.079	0.080	0.099	1.163	1.086	1.105	0.203	0.310	0.836	0.105	0.180	0.103	0.079	0.080	0.101	1.342	1.145	1.124	0.219	0.194	0.248	0.105	0.149	0.103	0.079	0.080	0.099	1.186	1.139	1.150	0.219	0.960	0.237	0.102	0.365	0.102	0.079	0.080	0.103	1.079	1.067	1.095	0.214	0.423	0.254	0.103	0.131	0.102	0.079	0.080	0.100	1.179	1.072	1.162	0.225	0.592	0.768	0.117	0.175	0.103	0.079	0.080	0.079	0.080	0.080	0.080	0.079	0.080	0.080	0.079	0.080	0.079	0.079
17:10:01	0.080	0.078	0.079	0.080	0.079	0.079	0.079	0.079	0.081	0.080	0.078	0.081	0.079	0.099	0.896	1.170	1.174	0.269	0.327	0.270	0.108	0.174	0.104	0.079	0.080	0.099	1.168	1.090	1.111	0.207	0.313	0.844	0.105	0.186	0.103	0.079	0.080	0.101	1.341	1.142	1.126	0.222	0.194	0.251	0.105	0.151	0.103	0.079	0.080	0.099	1.187	1.141	1.152	0.222	0.990	0.241	0.102	0.394	0.102	0.079	0.080	0.102	1.085	1.070	1.097	0.217	0.437	0.258	0.104	0.132	0.102	0.079	0.080	0.100	1.181	1.073	1.163	0.226	0.604	0.773	0.117	0.177	0.103	0.079	0.080	0.079	0.079	0.079	0.079	0.079	0.079	0.080	0.079	0.080	0.079	0.079
17:20:01	0.080	0.078	0.078	0.079	0.079	0.078	0.079	0.079	0.080	0.079	0.078	0.080	0.079	0.098	0.899	1.172	1.178	0.269	0.330	0.272	0.108	0.175	0.103	0.079	0.079	0.099	1.168	1.097	1.114	0.208	0.316	0.849	0.105	0.191	0.103	0.079	0.080	0.101	1.341	1.142	1.124	0.222	0.193	0.255	0.105	0.153	0.103	0.078	0.079	0.099	1.187	1.147	1.154	0.222	1.015	0.244	0.102	0.428	0.102	0.078	0.080	0.103	1.086	1.075	1.105	0.218	0.451	0.259	0.103	0.131	0.102	0.078	0.080	0.099	1.186	1.075	1.167	0.227	0.613	0.802	0.117	0.177	0.103	0.078	0.080	0.079	0.079	0.080	0.079	0.079	0.079	0.080	0.079	0.080	0.079	0.079
17:30:01	0.080	0.078	0.079	0.079	0.079	0.079	0.079	0.079	0.081	0.080	0.078	0.080	0.079	0.098	0.904	1.178	1.179	0.272	0.332	0.276	0.108	0.179	0.103	0.079	0.079	0.099	1.169	1.104	1.115	0.209	0.317	0.852	0.105	0.198	0.103	0.079	0.080	0.101	1.342	1.150	1.133	0.224	0.193	0.260	0.105	0.156	0.103	0.078	0.079	0.099	1.196	1.145	1.155	0.224	1.037	0.248	0.102	0.462	0.102	0.078	0.080	0.103	1.088	1.077	1.107	0.220	0.464	0.263	0.104	0.133	0.102	0.078	0.080	0.099	1.189	1.078	1.168	0.229	0.617	0.802	0.117	0.180	0.103	0.078	0.079	0.079	0.079	0.079	0.079	0.079	0.079	0.080	0.079	0.080	0.079	0.079
17:40:01	0.080	0.078	0.079	0.079	0.079	0.079	0.079	0.079	0.081	0.080	0.078	0.080	0.079	0.098	0.908	1.182	1.184	0.275	0.335	0.281	0.108	0.179	0.104	0.079	0.080	0.099	1.175	1.110	1.120	0.211	0.320	0.858	0.105	0.204	0.103	0.079	0.080	0.101	1.343	1.157	1.133	0.227	0.194	0.265	0.105	0.158	0.103	0.079	0.080	0.099	1.203	1.146	1.158	0.228	1.051	0.251	0.102	0.492	0.102	0.079	0.080	0.103	1.095	1.083	1.109	0.223	0.476	0.267	0.104	0.134	0.102	0.079	0.080	0.099	1.192	1.084	1.171	0.232	0.623	0.817	0.118	0.183	0.103	0.079	0.079	0.079	0.080	0.080	0.080	0.079	0.080	0.080	0.079	0.080	0.079	0.079
17:50:01	0.080	0.078	0.079	0.079	0.079	0.079	0.079	0.079	0.081	0.080	0.078	0.080	0.079	0.098	0.909	1.190	1.188	0.276	0.338	0.286	0.109	0.182	0.103	0.079	0.080	0.099	1.180	1.113	1.125	0.212	0.323	0.862	0.106	0.207	0.103	0.079	0.080	0.101	1.343	1.163	1.131	0.231	0.196	0.270	0.106	0.158	0.103	0.079	0.080	0.099	1.213	1.151	1.167	0.230	1.068	0.255	0.103	0.522	0.102	0.079	0.080	0.103	1.100	1.086	1.114	0.224	0.487	0.272	0.104	0.135	0.102	0.079	0.080	0.100	1.200	1.088	1.176	0.234	0.632	0.825	0.118	0.182	0.103	0.079	0.080	0.079	0.080	0.080	0.080	0.079	0.080	0.080	0.079	0.080	0.079	0.079
18:00:01	0.080	0.078	0.079	0.079	0.079	0.079	0.079	0.079	0.081	0.080	0.078	0.080	0.079	0.098	0.913	1.197	1.193	0.277	0.341	0.289	0.109	0.186	0.104	0.079	0.080	0.099	1.187	1.115	1.130	0.214	0.325	0.866	0.106	0.211	0.104	0.079	0.080	0.101	1.344	1.174	1.129	0.235	0.196	0.273	0.106	0.159	0.103	0.079	0.080	0.099	1.219	1.151	1.171	0.231	1.089	0.259	0.103	0.554	0.102	0.078	0.080	0.103	1.103	1.089	1.120	0.226	0.496	0.274	0.104	0.136	0.102	0.079	0.080	0.099	1.211	1.092	1.180	0.235	0.645	0.834	0.118	0.185	0.103	0.079	0.079	0.079	0.080	0.080	0.079	0.079	0.080	0.080	0.079	0.080	0.079	0.079
18:10:01	0.080	0.078	0.079	0.079	0.079	0.079	0.079	0.079	0.081	0.080	0.078	0.080	0.079	0.098	0.916	1.201	1.196	0.278	0.343	0.292	0.109	0.190	0.104	0.079	0.080	0.099	1.189	1.120	1.132	0.216	0.329	0.870	0.106	0.219	0.104	0.079	0.080	0.101	1.344	1.182	1.131	0.238	0.197	0.276	0.106	0.163	0.103	0.079	0.080	0.099	1.222	1.153	1.173	0.234	1.101	0.263	0.103	0.589	0.102	0.079	0.080	0.103	1.106	1.091	1.124	0.228	0.504	0.278	0.104	0.136	0.102	0.079	0.080	0.100	1.218	1.094	1.182	0.235	0.653	0.845	0.119	0.189	0.103	0.079	0.080	0.079	0.080	0.080	0.080	0.079	0.080	0.080	0.079	0.080	0.079	0.079
18:20:01	0.080	0.078	0.079	0.079	0.079	0.079	0.079	0.079	0.081	0.080	0.078	0.080	0.079	0.098	0.917	1.207	1.198	0.280	0.346	0.297	0.110	0.194	0.104	0.079	0.079	0.099	1.190	1.126	1.133	0.219	0.333	0.874	0.106	0.228	0.103	0.079	0.080	0.101	1.346	1.185	1.132	0.241	0.198	0.278	0.106	0.164	0.103	0.078	0.079	0.099	1.222	1.156	1.177	0.235	1.112	0.266	0.103	0.626	0.102	0.078	0.080	0.103	1.109	1.092	1.126	0.230	0.509	0.279	0.104	0.136	0.102	0.079	0.080	0.099	1.224	1.097	1.186	0.235	0.658	0.872	0.119	0.192	0.103	0.078	0.079	0.079	0.080	0.080	0.080	0.079	0.080	0.080	0.079	0.080	0.079	0.079
18:30:01	0.080	0.078	0.079	0.079	0.079	0.079	0.079	0.079	0.080	0.080	0.078	0.081	0.079	0.098	0.920	1.210	1.198	0.281	0.347	0.302	0.110	0.203	0.104	0.079	0.080	0.099	1.192	1.128	1.135	0.221	0.335	0.878	0.106	0.239	0.104	0.079	0.080	0.101	1.347	1.189	1.135	0.244	0.198	0.280	0.106	0.166	0.103	0.079	0.079	0.099	1.223	1.159	1.179	0.237	1.133	0.269	0.103	0.701	0.102	0.079	0.080	0.103	1.110	1.093	1.129	0.231	0.518	0.284	0.104	0.137	0.102	0.079	0.080	0.099	1.226	1.099	1.188	0.235	0.667	0.873	0.119	0.193	0.103	0.079	0.079	0.079	0.080	0.080	0.080	0.079	0.080	0.080	0.079	0.080	0.079	0.079
18:40:01	0.080	0.078	0.079	0.079	0.079	0.079	0.079	0.079	0.080	0.080	0.078	0.081	0.079	0.098	0.922	1.212	1.199	0.284	0.349	0.306	0.110	0.208	0.104	0.079	0.080	0.099	1.191	1.131	1.134	0.223	0.338	0.881	0.107	0.250	0.104	0.079	0.080	0.101	1.345	1.188	1.135	0.246	0.199	0.282	0.106	0.167	0.103	0.079	0.080	0.099	1.219	1.160	1.181	0.240	1.151	0.273	0.103	0.628	0.102	0.079	0.080	0.102	1.110	1.093	1.130	0.233	0.524	0.287	0.104	0.136	0.102	0.079	0.080	0.099	1.228	1.101	1.188	0.236	0.673	0.878	0.120	0.196	0.104	0.079	0.080	0.079	0.080	0.080	0.080	0.080	0.080	0.080	0.079	0.080	0.079	0.079
18:50:01	0.080	0.078	0.079	0.080	0.079	0.079	0.079	0.079	0.081	0.080	0.078	0.080	0.079	0.098	0.923	1.216	1.203	0.289	0.351	0.311	0.111	0.210	0.104	0.079	0.080	0.099	1.194	1.134	1.137	0.226	0.342	0.884	0.107	0.262	0.104	0.079	0.080	0.101	1.344	1.192	1.132	0.248	0.199	0.285	0.107	0.169	0.103	0.078	0.080	0.099	1.220	1.161	1.187	0.242	1.171	0.277	0.103	0.643	0.102	0.078	0.080	0.102	1.112	1.096	1.133	0.236	0.532	0.289	0.105	0.138	0.102	0.079	0.080	0.099	1.230	1.106	1.192	0.238	0.680	0.885	0.120	0.200	0.104	0.079	0.079	0.079	0.080	0.080	0.079	0.079	0.079	0.080	0.079	0.080	0.079	0.079
19:00:01	0.080	0.078	0.078	0.080	0.079	0.079	0.079	0.079	0.081	0.079	0.078	0.080	0.079	0.098	0.925	1.220	1.207	0.292	0.352	0.314	0.111	0.215	0.104	0.079	0.079	0.098	1.198	1.137	1.140	0.229	0.345	0.890	0.107	0.275	0.104	0.079	0.080	0.100	1.345	1.191	1.133	0.251	0.200	0.288	0.107	0.173	0.103	0.078	0.079	0.099	1.219	1.160	1.189	0.245	1.191	0.283	0.103	0.659	0.102	0.078	0.080	0.102	1.114	1.096	1.135	0.237	0.539	0.293	0.105	0.139	0.102	0.078	0.080	0.099	1.233	1.109	1.194	0.241	0.692	0.860	0.121	0.204	0.104	0.079	0.079	0.079	0.080	0.080	0.079	0.079	0.080	0.080	0.079	0.080	0.079	0.079
19:10:01	0.080	0.078	0.079	0.079	0.079	0.079	0.079	0.079	0.081	0.079	0.078	0.080	0.079	0.098	0.924	1.223	1.211	0.295	0.354	0.318	0.112	0.217	0.104	0.079	0.080	0.099	1.197	1.142	1.141	0.232	0.349	0.894	0.107	0.288	0.104	0.079	0.080	0.101	1.346	1.187	1.129	0.254	0.201	0.290	0.107	0.176	0.103	0.078	0.080	0.099	1.219	1.160	1.191	0.249	1.203	0.287	0.103	0.668	0.102	0.078	0.080	0.102	1.116	1.098	1.135	0.240	0.549	0.297	0.105	0.140	0.102	0.078	0.080	0.099	1.237	1.113	1.196	0.243	0.695	0.834	0.121	0.208	0.104	0.079	0.080	0.079	0.080	0.080	0.080	0.079	0.080	0.080	0.079	0.080	0.079	0.079
19:20:01	0.080	0.078	0.079	0.079	0.079	0.079	0.079	0.079	0.081	0.079	0.078	0.080	0.079	0.098	0.927	1.226	1.213	0.296	0.356	0.321	0.112	0.217	0.104	0.079	0.080	0.099	1.198	1.143	1.141	0.234	0.352	0.896	0.108	0.304	0.104	0.079	0.080	0.101	1.345	1.184	1.128	0.257	0.202	0.292	0.107	0.177	0.103	0.079	0.080	0.099	1.216	1.159	1.194	0.252	1.220	0.292	0.103	0.675	0.102	0.078	0.080	0.102	1.117	1.099	1.135	0.241	0.558	0.299	0.105	0.141	0.102	0.078	0.080	0.099	1.243	1.114	1.200	0.246	0.698	0.815	0.122	0.213	0.104	0.079	0.080	0.079	0.080	0.080	0.080	0.079	0.080	0.080	0.079	0.080	0.079	0.079
19:30:01	0.080	0.078	0.079	0.079	0.079	0.079	0.079	0.079	0.081	0.079	0.078	0.080	0.079	0.098	0.928	1.230	1.215	0.299	0.357	0.324	0.113	0.219	0.104	0.079	0.080	0.099	1.198	1.145	1.143	0.236	0.358	0.898	0.108	0.319	0.104	0.079	0.080	0.101	1.347	1.183	1.128	0.260	0.203	0.294	0.107	0.180	0.103	0.079	0.080	0.099	1.214	1.158	1.194	0.256	1.236	0.297	0.104	0.682	0.102	0.078	0.080	0.103	1.120	1.099	1.136	0.243	0.564	0.302	0.105	0.142	0.102	0.079	0.080	0.099	1.244	1.117	1.200	0.249	0.700	0.802	0.122	0.219	0.104	0.079	0.080	0.079	0.080	0.079	0.080	0.079	0.080	0.080	0.079	0.080	0.079	0.079
19:40:01	0.080	0.078	0.079	0.079	0.079	0.079	0.079	0.080	0.081	0.079	0.078	0.080	0.079	0.098	0.928	1.235	1.218	0.302	0.357	0.326	0.113	0.221	0.104	0.079	0.080	0.099	1.200	1.147	1.146	0.239	0.364	0.903	0.108	0.343	0.104	0.079	0.080	0.100	1.349	1.182	1.127	0.263	0.203	0.296	0.107	0.184	0.103	0.079	0.080	0.099	1.213	1.159	1.195	0.258	1.251	0.303	0.104	0.695	0.102	0.078	0.080	0.103	1.123	1.102	1.139	0.244	0.568	0.304	0.106	0.142	0.102	0.079	0.080	0.099	1.249	1.123	1.204	0.251	0.704	0.807	0.123	0.225	0.104	0.079	0.080	0.079	0.080	0.079	0.080	0.079	0.080	0.080	0.079	0.080	0.079	0.079
19:50:01	0.080	0.078	0.079	0.079	0.079	0.079	0.079	0.079	0.081	0.079	0.078	0.080	0.079	0.098	0.928	1.234	1.219	0.304	0.359	0.329	0.114	0.224	0.104	0.079	0.080	0.099	1.201	1.147	1.146	0.241	0.367	0.905	0.109	0.363	0.104	0.079	0.080	0.100	1.353	1.179	1.126	0.266	0.204	0.297	0.108	0.188	0.104	0.078	0.080	0.099	1.214	1.158	1.193	0.261	1.266	0.309	0.104	0.700	0.102	0.078	0.080	0.102	1.123	1.102	1.138	0.246	0.573	0.307	0.106	0.142	0.103	0.078	0.080	0.099	1.246	1.124	1.203	0.254	0.707	0.787	0.124	0.231	0.104	0.079	0.079	0.079	0.080	0.079	0.080	0.079	0.080	0.080	0.079	0.079	0.079	0.079
20:00:01	0.081	0.078	0.079	0.079	0.079	0.079	0.079	0.080	0.081	0.079	0.078	0.081	0.080	0.098	0.927	1.236	1.222	0.309	0.362	0.332	0.114	0.226	0.104	0.079	0.080	0.099	1.202	1.141	1.150	0.243	0.373	0.906	0.109	0.387	0.104	0.079	0.081	0.101	1.361	1.182	1.122	0.268	0.205	0.298	0.108	0.190	0.104	0.079	0.080	0.099	1.216	1.159	1.192	0.263	1.280	0.314	0.104	0.700	0.102	0.078	0.080	0.103	1.124	1.103	1.140	0.248	0.579	0.312	0.106	0.142	0.103	0.079	0.080	0.099	1.247	1.127	1.204	0.257	0.712	0.787	0.124	0.239	0.105	0.079	0.079	0.079	0.080	0.079	0.080	0.080	0.080	0.080	0.079	0.079	0.079	0.079
20:10:01	0.080	0.078	0.079	0.079	0.079	0.079	0.079	0.080	0.081	0.079	0.078	0.080	0.079	0.098	0.932	1.236	1.223	0.310	0.361	0.334	0.115	0.228	0.104	0.079	0.080	0.099	1.202	1.139	1.151	0.245	0.377	0.908	0.109	0.412	0.104	0.079	0.081	0.100	1.383	1.183	1.121	0.271	0.205	0.300	0.108	0.191	0.104	0.078	0.080	0.099	1.212	1.157	1.193	0.264	1.297	0.320	0.104	0.709	0.102	0.079	0.080	0.102	1.127	1.104	1.141	0.249	0.585	0.314	0.106	0.142	0.102	0.079	0.080	0.099	1.248	1.130	1.204	0.258	0.714	0.792	0.124	0.247	0.104	0.079	0.079	0.079	0.080	0.079	0.080	0.080	0.080	0.080	0.079	0.079	0.079	0.079
20:20:01	0.079	0.078	0.078	0.079	0.079	0.079	0.079	0.079	0.080	0.079	0.079	0.080	0.079	0.098	0.932	1.239	1.225	0.313	0.363	0.336	0.115	0.230	0.104	0.079	0.080	0.098	1.203	1.139	1.151	0.247	0.384	0.909	0.109	0.431	0.104	0.079	0.080	0.100	1.375	1.183	1.120	0.274	0.205	0.304	0.108	0.194	0.103	0.079	0.080	0.099	1.208	1.155	1.193	0.266	1.306	0.325	0.104	0.724	0.102	0.079	0.080	0.103	1.127	1.106	1.142	0.251	0.588	0.317	0.106	0.142	0.103	0.079	0.080	0.099	1.251	1.134	1.205	0.260	0.717	0.808	0.124	0.258	0.104	0.079	0.079	0.079	0.080	0.079	0.080	0.080	0.080	0.080	0.079	0.079	0.079	0.079
20:30:01	0.079	0.078	0.079	0.079	0.079	0.079	0.079	0.080	0.080	0.079	0.078	0.080	0.079	0.098	0.932	1.239	1.224	0.316	0.366	0.337	0.116	0.231	0.104	0.079	0.080	0.098	1.203	1.139	1.150	0.248	0.389	0.910	0.110	0.456	0.104	0.079	0.080	0.100	1.372	1.181	1.114	0.275	0.205	0.307	0.109	0.195	0.104	0.079	0.080	0.099	1.207	1.153	1.190	0.267	1.307	0.330	0.104	0.737	0.102	0.079	0.080	0.102	1.128	1.109	1.144	0.251	0.589	0.320	0.106	0.142	0.103	0.079	0.080	0.099	1.253	1.137	1.206	0.262	0.719	0.814	0.125	0.269	0.105	0.079	0.079	0.079	0.080	0.079	0.080	0.080	0.080	0.080	0.079	0.079	0.079	0.079
20:40:01	0.079	0.078	0.079	0.079	0.080	0.079	0.079	0.080	0.081	0.079	0.078	0.080	0.080	0.098	0.936	1.241	1.225	0.318	0.368	0.340	0.116	0.233	0.104	0.079	0.080	0.099	1.203	1.139	1.149	0.251	0.395	0.912	0.110	0.474	0.104	0.079	0.081	0.100	1.371	1.179	1.113	0.277	0.205	0.308	0.109	0.197	0.103	0.079	0.080	0.099	1.204	1.151	1.188	0.270	1.331	0.334	0.104	0.757	0.102	0.079	0.080	0.102	1.133	1.111	1.144	0.253	0.591	0.321	0.107	0.142	0.103	0.079	0.080	0.099	1.255	1.141	1.207	0.264	0.721	0.805	0.125	0.281	0.105	0.079	0.079	0.080	0.080	0.079	0.080	0.080	0.080	0.080	0.079	0.079	0.079	0.079
20:50:01	0.079	0.078	0.079	0.080	0.079	0.079	0.079	0.080	0.081	0.079	0.078	0.080	0.079	0.098	0.936	1.241	1.224	0.322	0.369	0.341	0.117	0.235	0.105	0.079	0.080	0.099	1.202	1.142	1.151	0.254	0.399	0.908	0.111	0.509	0.105	0.079	0.080	0.100	1.376	1.179	1.105	0.278	0.207	0.310	0.110	0.203	0.104	0.079	0.080	0.099	1.204	1.153	1.187	0.274	1.335	0.337	0.105	0.797	0.102	0.078	0.080	0.101	1.137	1.113	1.144	0.254	0.592	0.324	0.107	0.142	0.103	0.078	0.080	0.099	1.254	1.144	1.206	0.266	0.724	0.789	0.125	0.292	0.105	0.078	0.079	0.079	0.080	0.079	0.079	0.079	0.080	0.080	0.079	0.079	0.079	0.079
21:00:01	0.079	0.078	0.079	0.079	0.079	0.079	0.079	0.079	0.080	0.079	0.078	0.080	0.079	0.098	0.943	1.243	1.224	0.324	0.368	0.345	0.117	0.238	0.104	0.079	0.080	0.098	1.206	1.142	1.153	0.255	0.407	0.909	0.111	0.503	0.105	0.079	0.080	0.100	1.369	1.178	1.109	0.279	0.206	0.313	0.109	0.203	0.104	0.078	0.080	0.098	1.201	1.150	1.189	0.277	1.330	0.340	0.105	0.797	0.102	0.078	0.080	0.102	1.148	1.113	1.143	0.255	0.592	0.327	0.107	0.143	0.103	0.078	0.080	0.099	1.258	1.149	1.210	0.268	0.724	0.813	0.125	0.310	0.105	0.078	0.079	0.079	0.080	0.079	0.080	0.079	0.080	0.080	0.079	0.079	0.079	0.079
21:10:01	0.079	0.078	0.079	0.079	0.079	0.079	0.079	0.080	0.081	0.079	0.078	0.080	0.079	0.098	0.941	1.244	1.222	0.326	0.371	0.347	0.118	0.239	0.104	0.079	0.080	0.098	1.203	1.146	1.152	0.257	0.413	0.907	0.111	0.510	0.105	0.079	0.081	0.100	1.368	1.177	1.107	0.280	0.207	0.314	0.109	0.205	0.104	0.078	0.080	0.099	1.204	1.150	1.189	0.281	1.328	0.344	0.105	0.826	0.102	0.078	0.080	0.102	1.155	1.113	1.144	0.257	0.592	0.331	0.108	0.143	0.103	0.078	0.080	0.099	1.259	1.151	1.209	0.270	0.723	0.800	0.126	0.326	0.105	0.078	0.079	0.079	0.080	0.079	0.080	0.079	0.080	0.080	0.079	0.079	0.079	0.079
21:20:01	0.079	0.078	0.079	0.079	0.079	0.079	0.079	0.080	0.081	0.079	0.078	0.080	0.079	0.098	0.943	1.246	1.220	0.327	0.371	0.351	0.119	0.243	0.105	0.079	0.080	0.099	1.205	1.148	1.154	0.259	0.421	0.903	0.112	0.514	0.105	0.079	0.081	0.100	1.367	1.176	1.107	0.282	0.207	0.316	0.110	0.207	0.104	0.078	0.079	0.099	1.203	1.150	1.190	0.284	1.326	0.349	0.105	0.849	0.103	0.078	0.080	0.103	1.156	1.113	1.145	0.258	0.593	0.332	0.108	0.143	0.103	0.079	0.080	0.099	1.260	1.153	1.211	0.272	0.719	0.803	0.126	0.348	0.105	0.078	0.079	0.079	0.080	0.079	0.080	0.080	0.080	0.080	0.079	0.079	0.079	0.079
21:30:01	0.079	0.078	0.079	0.079	0.079	0.079	0.079	0.080	0.081	0.079	0.078	0.080	0.079	0.098	0.946	1.248	1.220	0.328	0.372	0.354	0.119	0.252	0.105	0.079	0.080	0.098	1.207	1.150	1.154	0.261	0.428	0.903	0.112	0.520	0.105	0.079	0.081	0.100	1.364	1.175	1.110	0.285	0.207	0.319	0.110	0.209	0.104	0.078	0.079	0.099	1.203	1.149	1.187	0.287	1.327	0.354	0.105	0.854	0.102	0.078	0.080	0.102	1.158	1.115	1.146	0.260	0.593	0.334	0.108	0.143	0.103	0.079	0.080	0.099	1.259	1.154	1.212	0.274	0.718	0.802	0.126	0.371	0.106	0.079	0.079	0.079	0.080	0.079	0.080	0.080	0.080	0.080	0.079	0.079	0.079	0.079
21:40:01	0.079	0.078	0.079	0.080	0.080	0.079	0.079	0.080	0.081	0.079	0.078	0.080	0.079	0.098	0.943	1.249	1.220	0.331	0.373	0.356	0.120	0.262	0.105	0.079	0.080	0.099	1.204	1.151	1.153	0.263	0.434	0.901	0.112	0.529	0.105	0.079	0.081	0.100	1.363	1.176	1.109	0.288	0.208	0.321	0.110	0.213	0.104	0.079	0.079	0.099	1.202	1.147	1.188	0.289	1.319	0.360	0.106	0.861	0.103	0.078	0.080	0.102	1.154	1.116	1.145	0.262	0.591	0.337	0.109	0.143	0.103	0.079	0.080	0.099	1.259	1.157	1.213	0.276	0.718	0.800	0.126	0.397	0.106	0.078	0.079	0.079	0.080	0.079	0.080	0.080	0.080	0.080	0.079	0.079	0.080	0.079
21:50:01	0.079	0.078	0.079	0.079	0.079	0.079	0.079	0.080	0.081	0.079	0.078	0.080	0.079	0.098	0.949	1.252	1.223	0.334	0.374	0.360	0.121	0.262	0.105	0.079	0.080	0.098	1.208	1.154	1.152	0.265	0.442	0.900	0.113	0.537	0.105	0.079	0.081	0.100	1.361	1.179	1.113	0.291	0.208	0.323	0.110	0.216	0.104	0.078	0.079	0.099	1.201	1.146	1.188	0.292	1.321	0.368	0.106	0.866	0.103	0.078	0.080	0.102	1.157	1.118	1.144	0.264	0.592	0.340	0.109	0.143	0.103	0.078	0.080	0.099	1.260	1.159	1.214	0.277	0.721	0.800	0.127	0.427	0.106	0.078	0.079	0.079	0.080	0.079	0.080	0.080	0.080	0.080	0.079	0.079	0.079	0.079
22:00:01	0.079	0.078	0.079	0.079	0.079	0.079	0.079	0.080	0.079	0.079	0.078	0.080	0.079	0.098	0.943	1.255	1.224	0.338	0.376	0.364	0.122	0.266	0.105	0.079	0.080	0.099	1.204	1.153	1.153	0.266	0.451	0.901	0.113	0.540	0.105	0.079	0.081	0.100	1.358	1.176	1.116	0.293	0.207	0.326	0.110	0.219	0.104	0.078	0.079	0.099	1.199	1.146	1.189	0.294	1.311	0.372	0.106	0.861	0.103	0.078	0.080	0.102	1.152	1.120	1.143	0.266	0.592	0.343	0.109	0.144	0.103	0.078	0.080	0.099	1.261	1.163	1.215	0.280	0.722	0.816	0.127	0.461	0.106	0.078	0.079	0.079	0.080	0.079	0.080	0.080	0.080	0.080	0.079	0.079	0.079	0.079
22:10:01	0.079	0.078	0.079	0.079	0.080	0.079	0.079	0.080	0.079	0.079	0.078	0.080	0.080	0.098	0.944	1.257	1.224	0.340	0.375	0.368	0.122	0.267	0.105	0.079	0.080	0.099	1.207	1.156	1.154	0.267	0.459	0.898	0.113	0.546	0.105	0.079	0.080	0.100	1.356	1.175	1.117	0.296	0.207	0.327	0.110	0.224	0.104	0.079	0.079	0.099	1.200	1.147	1.187	0.296	1.311	0.382	0.106	0.866	0.103	0.079	0.081	0.102	1.155	1.122	1.143	0.267	0.592	0.345	0.109	0.144	0.103	0.079	0.080	0.099	1.264	1.176	1.215	0.281	0.724	0.818	0.127	0.495	0.106	0.079	0.079	0.080	0.080	0.079	0.080	0.080	0.080	0.080	0.079	0.079	0.080	0.079
22:20:01	0.079	0.078	0.079	0.079	0.080	0.079	0.079	0.080	0.079	0.079	0.078	0.080	0.079	0.098	0.946	1.256	1.226	0.343	0.375	0.371	0.122	0.268	0.105	0.079	0.080	0.098	1.207	1.157	1.155	0.269	0.469	0.898	0.113	0.560	0.105	0.079	0.080	0.100	1.353	1.176	1.119	0.298	0.208	0.328	0.110	0.228	0.104	0.079	0.079	0.098	1.204	1.149	1.186	0.297	1.313	0.392	0.107	0.879	0.103	0.079	0.080	0.102	1.155	1.122	1.146	0.268	0.594	0.346	0.109	0.145	0.104	0.079	0.080	0.099	1.262	1.190	1.217	0.284	0.725	0.814	0.127	0.531	0.107	0.079	0.079	0.080	0.080	0.079	0.080	0.080	0.080	0.080	0.079	0.079	0.080	0.079
22:30:01	0.079	0.078	0.079	0.079	0.080	0.079	0.079	0.080	0.079	0.079	0.078	0.080	0.080	0.098	0.947	1.256	1.227	0.348	0.377	0.374	0.123	0.273	0.105	0.079	0.080	0.098	1.210	1.159	1.158	0.270	0.477	0.896	0.114	0.578	0.105	0.079	0.080	0.100	1.350	1.174	1.118	0.301	0.207	0.328	0.111	0.232	0.104	0.079	0.079	0.099	1.207	1.153	1.185	0.300	1.317	0.398	0.107	0.895	0.103	0.079	0.081	0.102	1.153	1.124	1.148	0.270	0.595	0.349	0.109	0.144	0.104	0.079	0.080	0.099	1.260	1.191	1.217	0.286	0.723	0.812	0.127	0.565	0.107	0.079	0.079	0.080	0.080	0.079	0.080	0.080	0.080	0.079	0.079	0.079	0.080	0.079
22:40:01	0.079	0.078	0.079	0.079	0.080	0.080	0.080	0.080	0.079	0.079	0.078	0.081	0.080	0.098	0.946	1.254	1.227	0.351	0.380	0.375	0.124	0.274	0.105	0.079	0.080	0.098	1.213	1.159	1.156	0.272	0.489	0.895	0.114	0.582	0.106	0.079	0.080	0.100	1.348	1.167	1.122	0.306	0.207	0.331	0.111	0.236	0.104	0.079	0.079	0.099	1.213	1.154	1.181	0.304	1.322	0.403	0.107	0.888	0.103	0.079	0.081	0.102	1.153	1.122	1.146	0.272	0.597	0.350	0.110	0.144	0.104	0.079	0.080	0.099	1.258	1.184	1.216	0.288	0.717	0.794	0.128	0.601	0.107	0.079	0.079	0.080	0.080	0.079	0.080	0.080	0.080	0.080	0.079	0.080	0.080	0.079
22:50:01	0.079	0.078	0.078	0.079	0.079	0.079	0.079	0.079	0.079	0.079	0.078	0.080	0.079	0.097	0.942	1.255	1.229	0.354	0.378	0.377	0.124	0.279	0.105	0.079	0.079	0.098	1.214	1.159	1.159	0.276	0.504	0.893	0.114	0.596	0.106	0.079	0.079	0.100	1.342	1.165	1.124	0.308	0.207	0.331	0.111	0.240	0.104	0.078	0.079	0.098	1.210	1.155	1.181	0.306	1.319	0.412	0.107	0.902	0.103	0.078	0.080	0.102	1.150	1.124	1.148	0.274	0.598	0.351	0.110	0.143	0.104	0.078	0.080	0.098	1.255	1.185	1.215	0.290	0.711	0.817	0.128	0.637	0.107	0.078	0.079	0.079	0.079	0.079	0.079	0.079	0.080	0.079	0.079	0.079	0.079	0.079
23:00:01	0.079	0.078	0.079	0.079	0.079	0.079	0.079	0.080	0.079	0.079	0.078	0.080	0.080	0.098	0.942	1.258	1.232	0.356	0.382	0.381	0.124	0.282	0.105	0.079	0.080	0.098	1.213	1.159	1.164	0.278	0.514	0.889	0.115	0.612	0.106	0.079	0.080	0.100	1.337	1.163	1.125	0.311	0.207	0.331	0.112	0.246	0.104	0.078	0.079	0.098	1.209	1.156	1.179	0.309	1.321	0.419	0.108	0.925	0.103	0.078	0.081	0.101	1.152	1.125	1.149	0.277	0.598	0.351	0.110	0.143	0.104	0.078	0.080	0.099	1.254	1.192	1.214	0.293	0.705	0.821	0.129	0.670	0.107	0.078	0.079	0.080	0.080	0.079	0.080	0.080	0.080	0.079	0.079	0.079	0.079	0.079
23:10:01	0.079	0.078	0.079	0.079	0.080	0.079	0.079	0.080	0.079	0.079	0.078	0.080	0.079	0.098	0.944	1.257	1.232	0.358	0.384	0.383	0.125	0.287	0.105	0.079	0.080	0.098	1.210	1.161	1.160	0.280	0.533	0.886	0.115	0.615	0.106	0.079	0.080	0.100	1.331	1.161	1.132	0.314	0.207	0.333	0.112	0.248	0.104	0.079	0.079	0.098	1.212	1.155	1.174	0.313	1.324	0.429	0.108	0.915	0.103	0.078	0.081	0.102	1.152	1.122	1.149	0.278	0.603	0.355	0.111	0.144	0.104	0.078	0.080	0.099	1.253	1.194	1.214	0.294	0.696	0.812	0.129	0.706	0.107	0.078	0.079	0.080	0.080	0.079	0.080	0.080	0.080	0.079	0.079	0.079	0.079	0.079
23:20:01	0.079	0.078	0.079	0.079	0.080	0.080	0.080	0.080	0.079	0.079	0.078	0.080	0.080	0.098	0.943	1.258	1.233	0.360	0.387	0.386	0.125	0.292	0.106	0.079	0.080	0.098	1.209	1.162	1.158	0.283	0.551	0.884	0.115	0.625	0.106	0.079	0.080	0.100	1.325	1.160	1.136	0.318	0.207	0.334	0.113	0.251	0.105	0.079	0.079	0.099	1.211	1.155	1.174	0.317	1.323	0.439	0.109	0.922	0.103	0.079	0.081	0.102	1.152	1.123	1.151	0.280	0.606	0.358	0.111	0.145	0.104	0.078	0.080	0.099	1.252	1.195	1.210	0.297	0.692	0.813	0.130	0.740	0.108	0.078	0.079	0.080	0.080	0.079	0.080	0.080	0.079	0.080	0.079	0.079	0.080	0.079
23:30:01	0.079	0.078	0.079	0.080	0.080	0.080	0.080	0.080	0.079	0.079	0.078	0.080	0.080	0.098	0.943	1.261	1.233	0.362	0.385	0.392	0.126	0.294	0.106	0.079	0.080	0.098	1.211	1.165	1.159	0.285	0.569	0.880	0.115	0.641	0.106	0.079	0.080	0.100	1.322	1.156	1.141	0.322	0.207	0.335	0.113	0.253	0.105	0.079	0.079	0.099	1.216	1.156	1.173	0.320	1.325	0.451	0.109	0.930	0.103	0.079	0.081	0.102	1.153	1.125	1.155	0.283	0.611	0.362	0.111	0.146	0.104	0.079	0.080	0.099	1.250	1.195	1.212	0.300	0.690	0.807	0.130	0.771	0.108	0.079	0.079	0.080	0.080	0.080	0.080	0.079	0.079	0.080	0.079	0.080	0.080	0.079
23:40:01	0.079	0.078	0.079	0.079	0.080	0.080	0.080	0.080	0.079	0.079	0.078	0.080	0.080	0.098	0.940	1.264	1.234	0.363	0.388	0.395	0.126	0.297	0.106	0.079	0.079	0.098	1.212	1.168	1.159	0.286	0.586	0.876	0.116	0.658	0.107	0.079	0.080	0.100	1.320	1.155	1.146	0.326	0.207	0.337	0.113	0.254	0.105	0.079	0.079	0.098	1.213	1.157	1.175	0.324	1.324	0.463	0.109	0.942	0.103	0.078	0.081	0.102	1.156	1.127	1.159	0.286	0.612	0.364	0.111	0.146	0.104	0.078	0.080	0.099	1.251	1.194	1.215	0.301	0.690	0.820	0.132	0.802	0.108	0.078	0.079	0.080	0.080	0.079	0.080	0.079	0.079	0.080	0.079	0.079	0.080	0.079
23:50:01	0.079	0.078	0.079	0.080	0.080	0.080	0.080	0.080	0.079	0.079	0.078	0.081	0.080	0.098	0.943	1.264	1.232	0.366	0.390	0.399	0.127	0.303	0.106	0.079	0.079	0.099	1.213	1.170	1.158	0.289	0.601	0.873	0.116	0.675	0.107	0.079	0.080	0.100	1.317	1.154	1.149	0.331	0.207	0.338	0.113	0.258	0.105	0.079	0.079	0.099	1.216	1.155	1.174	0.327	1.326	0.478	0.110	0.935	0.103	0.079	0.081	0.102	1.153	1.125	1.156	0.287	0.616	0.368	0.112	0.146	0.104	0.079	0.081	0.099	1.250	1.195	1.214	0.302	0.691	0.801	0.133	0.829	0.109	0.079	0.079	0.080	0.080	0.080	0.080	0.079	0.079	0.080	0.079	0.080	0.080	0.079
24:00:01	0.079	0.078	0.079	0.079	0.080	0.079	0.080	0.080	0.079	0.079	0.078	0.080	0.080	0.098	0.938	1.266	1.232	0.368	0.392	0.404	0.127	0.306	0.106	0.079	0.079	0.098	1.215	1.173	1.159	0.291	0.623	0.870	0.116	0.694	0.106	0.079	0.080	0.100	1.315	1.153	1.154	0.331	0.207	0.339	0.113	0.259	0.105	0.079	0.079	0.098	1.213	1.153	1.173	0.330	1.324	0.492	0.110	0.937	0.103	0.078	0.081	0.102	1.155	1.126	1.158	0.289	0.614	0.371	0.112	0.146	0.104	0.079	0.080	0.099	1.253	1.196	1.214	0.302	0.690	0.819	0.133	0.857	0.109	0.079	0.079	0.080	0.080	0.079	0.079	0.079	0.079	0.080	0.079	0.079	0.080	0.079

