Field Group

Plate Comment:	
Procedure Summary
  Plate Type:              Corning 96 well for LogPhase600
  Plate Number:            3
  Discontinuous Kinetics:  Runtime 01:00:00 (D:HH:MM), Interval 00:10:00 (HH:MM:SS), 145 Reads (max)
  Read:                    600 nm
  Incubator:               On
    Temperature setpoint:  37 °C
    Temperature gradient:  On
  Shaking:                 Off		
			
			

600

Time	A1	A2	A3	A4	A5	A6	A7	A8	A9	A10	A11	A12	B1	B2	B3	B4	B5	B6	B7	B8	B9	B10	B11	B12	C1	C2	C3	C4	C5	C6	C7	C8	C9	C10	C11	C12	D1	D2	D3	D4	D5	D6	D7	D8	D9	D10	D11	D12	E1	E2	E3	E4	E5	E6	E7	E8	E9	E10	E11	E12	F1	F2	F3	F4	F5	F6	F7	F8	F9	F10	F11	F12	G1	G2	G3	G4	G5	G6	G7	G8	G9	G10	G11	G12	H1	H2	H3	H4	H5	H6	H7	H8	H9	H10	H11	H12
0:00:00	0.078	0.077	0.079	0.079	0.081	0.081	0.079	0.079	0.080	0.079	0.078	0.079	0.079	0.101	0.178	0.192	0.162	0.104	0.187	0.184	0.112	0.191	0.145	0.079	0.080	0.101	0.141	0.178	0.153	0.102	0.208	0.170	0.101	0.173	0.122	0.079	0.079	0.100	0.124	0.156	0.145	0.105	0.122	0.129	0.102	0.178	0.128	0.079	0.079	0.102	0.125	0.140	0.135	0.111	0.132	0.125	0.103	0.163	0.216	0.079	0.079	0.102	0.131	0.147	0.127	0.103	0.153	0.136	0.104	0.157	0.120	0.080	0.079	0.102	0.153	0.168	0.171	0.105	0.132	0.133	0.102	0.144	0.135	0.079	0.079	0.079	0.079	0.079	0.079	0.079	0.081	0.079	0.079	0.079	0.079	0.078
0:10:00	0.078	0.077	0.079	0.079	0.080	0.081	0.079	0.079	0.080	0.079	0.078	0.079	0.078	0.101	0.176	0.180	0.161	0.105	0.181	0.192	0.109	0.192	0.131	0.079	0.079	0.100	0.154	0.193	0.156	0.102	0.213	0.163	0.101	0.176	0.121	0.078	0.079	0.100	0.142	0.153	0.149	0.106	0.121	0.142	0.101	0.190	0.169	0.078	0.079	0.102	0.135	0.141	0.137	0.112	0.135	0.128	0.103	0.164	0.223	0.079	0.079	0.102	0.145	0.150	0.140	0.103	0.156	0.154	0.104	0.161	0.123	0.079	0.079	0.102	0.154	0.169	0.156	0.108	0.145	0.151	0.102	0.150	0.124	0.079	0.079	0.079	0.079	0.079	0.079	0.079	0.080	0.079	0.078	0.079	0.079	0.078
0:20:00	0.078	0.077	0.079	0.079	0.080	0.081	0.079	0.079	0.079	0.079	0.078	0.079	0.078	0.101	0.182	0.181	0.155	0.105	0.193	0.195	0.109	0.197	0.141	0.079	0.079	0.100	0.156	0.183	0.150	0.102	0.214	0.162	0.101	0.172	0.130	0.079	0.079	0.100	0.162	0.150	0.154	0.106	0.126	0.152	0.101	0.190	0.183	0.078	0.078	0.102	0.142	0.138	0.143	0.114	0.142	0.139	0.104	0.164	0.235	0.079	0.078	0.102	0.164	0.156	0.140	0.103	0.145	0.159	0.105	0.160	0.127	0.079	0.078	0.102	0.141	0.161	0.151	0.109	0.146	0.155	0.102	0.161	0.133	0.079	0.079	0.079	0.079	0.079	0.079	0.079	0.080	0.079	0.078	0.079	0.079	0.078
0:30:00	0.078	0.077	0.079	0.079	0.080	0.081	0.079	0.079	0.079	0.079	0.078	0.079	0.078	0.101	0.189	0.184	0.155	0.105	0.199	0.196	0.109	0.196	0.145	0.079	0.079	0.100	0.160	0.180	0.151	0.101	0.211	0.168	0.101	0.172	0.140	0.078	0.078	0.100	0.171	0.151	0.159	0.106	0.134	0.155	0.101	0.192	0.191	0.078	0.078	0.102	0.151	0.142	0.146	0.114	0.151	0.146	0.104	0.164	0.235	0.079	0.078	0.102	0.161	0.162	0.144	0.103	0.150	0.161	0.105	0.160	0.128	0.079	0.078	0.102	0.158	0.164	0.165	0.111	0.147	0.154	0.102	0.163	0.138	0.079	0.078	0.079	0.079	0.079	0.079	0.079	0.080	0.079	0.078	0.079	0.079	0.078
0:40:00	0.078	0.077	0.079	0.079	0.080	0.081	0.079	0.079	0.079	0.079	0.078	0.079	0.078	0.101	0.192	0.186	0.160	0.106	0.202	0.195	0.109	0.198	0.150	0.079	0.079	0.100	0.165	0.182	0.155	0.101	0.202	0.167	0.101	0.173	0.136	0.079	0.079	0.100	0.168	0.153	0.156	0.106	0.138	0.156	0.101	0.194	0.201	0.079	0.079	0.102	0.159	0.143	0.147	0.112	0.151	0.148	0.103	0.163	0.236	0.079	0.079	0.102	0.168	0.166	0.146	0.103	0.153	0.161	0.105	0.159	0.132	0.080	0.079	0.102	0.165	0.164	0.165	0.114	0.149	0.155	0.102	0.171	0.138	0.079	0.079	0.079	0.079	0.079	0.079	0.079	0.080	0.079	0.083	0.079	0.079	0.079
0:50:00	0.078	0.077	0.079	0.079	0.080	0.081	0.079	0.079	0.080	0.079	0.078	0.079	0.079	0.100	0.193	0.187	0.163	0.106	0.204	0.197	0.111	0.198	0.150	0.079	0.079	0.100	0.168	0.183	0.158	0.101	0.198	0.170	0.102	0.173	0.136	0.079	0.079	0.100	0.166	0.157	0.159	0.106	0.142	0.158	0.101	0.194	0.206	0.079	0.079	0.102	0.160	0.146	0.149	0.112	0.151	0.150	0.104	0.164	0.237	0.079	0.079	0.102	0.170	0.169	0.148	0.103	0.154	0.163	0.105	0.161	0.132	0.080	0.079	0.102	0.176	0.168	0.160	0.113	0.152	0.156	0.102	0.172	0.139	0.079	0.079	0.079	0.079	0.079	0.079	0.079	0.081	0.079	0.086	0.079	0.079	0.079
1:00:00	0.079	0.077	0.079	0.079	0.081	0.081	0.079	0.079	0.080	0.079	0.078	0.079	0.079	0.101	0.195	0.188	0.166	0.106	0.206	0.198	0.112	0.200	0.151	0.079	0.080	0.100	0.172	0.184	0.161	0.102	0.196	0.172	0.102	0.176	0.136	0.079	0.079	0.100	0.168	0.161	0.161	0.107	0.145	0.160	0.101	0.196	0.211	0.079	0.079	0.102	0.161	0.149	0.153	0.112	0.153	0.152	0.104	0.166	0.241	0.080	0.079	0.102	0.172	0.170	0.150	0.103	0.155	0.164	0.105	0.163	0.132	0.080	0.079	0.102	0.183	0.173	0.168	0.115	0.158	0.159	0.102	0.172	0.140	0.079	0.079	0.079	0.079	0.079	0.079	0.079	0.081	0.079	0.087	0.079	0.079	0.078
1:10:00	0.078	0.077	0.079	0.079	0.080	0.081	0.079	0.079	0.080	0.079	0.078	0.079	0.078	0.100	0.199	0.189	0.167	0.107	0.207	0.198	0.112	0.202	0.154	0.079	0.079	0.100	0.175	0.186	0.162	0.102	0.196	0.174	0.102	0.177	0.136	0.079	0.079	0.100	0.172	0.164	0.163	0.108	0.147	0.161	0.101	0.195	0.213	0.079	0.079	0.102	0.166	0.154	0.157	0.113	0.155	0.153	0.105	0.168	0.244	0.079	0.079	0.102	0.176	0.171	0.154	0.103	0.156	0.165	0.105	0.167	0.133	0.080	0.079	0.102	0.191	0.179	0.172	0.117	0.162	0.161	0.102	0.174	0.141	0.079	0.079	0.079	0.079	0.079	0.079	0.079	0.080	0.079	0.086	0.079	0.079	0.078
1:20:00	0.078	0.077	0.079	0.079	0.080	0.081	0.079	0.079	0.080	0.079	0.078	0.079	0.079	0.101	0.202	0.192	0.169	0.107	0.207	0.199	0.113	0.205	0.159	0.079	0.080	0.100	0.178	0.188	0.163	0.102	0.197	0.177	0.102	0.179	0.137	0.079	0.079	0.100	0.178	0.167	0.165	0.109	0.150	0.162	0.101	0.197	0.216	0.079	0.079	0.102	0.170	0.158	0.161	0.113	0.157	0.155	0.105	0.170	0.246	0.080	0.079	0.102	0.180	0.172	0.158	0.103	0.158	0.167	0.105	0.170	0.135	0.080	0.079	0.102	0.198	0.187	0.179	0.118	0.166	0.164	0.102	0.182	0.140	0.079	0.079	0.079	0.079	0.079	0.079	0.079	0.081	0.079	0.085	0.079	0.079	0.079
1:30:00	0.078	0.077	0.079	0.079	0.080	0.081	0.079	0.079	0.080	0.079	0.078	0.079	0.078	0.100	0.206	0.193	0.173	0.107	0.207	0.199	0.113	0.206	0.161	0.079	0.079	0.100	0.182	0.189	0.164	0.102	0.198	0.179	0.102	0.181	0.139	0.079	0.079	0.100	0.185	0.169	0.167	0.109	0.153	0.164	0.101	0.199	0.219	0.079	0.079	0.102	0.172	0.164	0.164	0.114	0.158	0.158	0.105	0.172	0.247	0.079	0.079	0.102	0.185	0.174	0.163	0.103	0.160	0.168	0.106	0.174	0.136	0.079	0.079	0.102	0.201	0.194	0.181	0.117	0.170	0.166	0.102	0.183	0.141	0.079	0.079	0.079	0.079	0.079	0.079	0.079	0.080	0.079	0.084	0.079	0.079	0.078
1:40:00	0.078	0.077	0.079	0.079	0.080	0.081	0.079	0.079	0.080	0.079	0.078	0.079	0.078	0.101	0.210	0.196	0.180	0.108	0.206	0.201	0.114	0.209	0.159	0.079	0.080	0.100	0.186	0.191	0.165	0.102	0.197	0.181	0.102	0.183	0.144	0.079	0.079	0.100	0.190	0.172	0.169	0.110	0.156	0.166	0.101	0.201	0.221	0.079	0.079	0.102	0.176	0.169	0.168	0.114	0.160	0.160	0.106	0.175	0.249	0.080	0.079	0.102	0.191	0.177	0.165	0.103	0.162	0.170	0.106	0.178	0.137	0.080	0.079	0.102	0.207	0.199	0.183	0.116	0.173	0.168	0.102	0.187	0.143	0.079	0.079	0.079	0.079	0.079	0.079	0.079	0.081	0.079	0.084	0.079	0.079	0.079
1:50:00	0.078	0.078	0.079	0.079	0.081	0.081	0.079	0.079	0.080	0.079	0.078	0.079	0.079	0.101	0.213	0.198	0.187	0.108	0.205	0.202	0.114	0.213	0.160	0.079	0.080	0.101	0.190	0.193	0.167	0.102	0.198	0.183	0.102	0.186	0.147	0.079	0.079	0.100	0.194	0.174	0.172	0.110	0.159	0.169	0.101	0.203	0.223	0.079	0.079	0.102	0.181	0.173	0.171	0.115	0.162	0.163	0.106	0.179	0.255	0.080	0.079	0.102	0.196	0.182	0.167	0.103	0.166	0.172	0.106	0.183	0.140	0.080	0.079	0.102	0.211	0.200	0.188	0.117	0.176	0.171	0.102	0.191	0.146	0.079	0.079	0.079	0.079	0.079	0.079	0.080	0.081	0.079	0.085	0.079	0.079	0.079
2:00:00	0.078	0.077	0.079	0.079	0.080	0.081	0.079	0.079	0.080	0.079	0.078	0.079	0.079	0.101	0.217	0.200	0.189	0.109	0.204	0.202	0.114	0.215	0.160	0.079	0.080	0.100	0.194	0.196	0.170	0.102	0.198	0.184	0.102	0.189	0.148	0.079	0.079	0.100	0.195	0.178	0.174	0.110	0.162	0.170	0.101	0.205	0.226	0.079	0.079	0.102	0.185	0.176	0.173	0.115	0.164	0.165	0.106	0.182	0.257	0.080	0.079	0.102	0.199	0.186	0.170	0.103	0.169	0.173	0.106	0.187	0.141	0.080	0.079	0.102	0.216	0.203	0.190	0.118	0.180	0.173	0.102	0.196	0.146	0.079	0.079	0.079	0.079	0.079	0.079	0.079	0.081	0.079	0.085	0.079	0.079	0.079
2:10:00	0.078	0.077	0.079	0.079	0.080	0.081	0.079	0.079	0.080	0.079	0.078	0.079	0.078	0.101	0.222	0.202	0.190	0.109	0.203	0.202	0.115	0.218	0.161	0.079	0.079	0.100	0.198	0.198	0.173	0.102	0.199	0.185	0.102	0.192	0.149	0.079	0.079	0.100	0.197	0.183	0.177	0.111	0.165	0.172	0.101	0.208	0.229	0.079	0.079	0.102	0.191	0.180	0.176	0.116	0.165	0.168	0.107	0.184	0.257	0.080	0.079	0.102	0.202	0.190	0.171	0.103	0.173	0.174	0.106	0.190	0.142	0.080	0.079	0.102	0.220	0.207	0.194	0.118	0.183	0.176	0.102	0.199	0.146	0.079	0.079	0.079	0.079	0.079	0.079	0.079	0.081	0.079	0.085	0.079	0.079	0.079
2:20:00	0.078	0.077	0.079	0.079	0.080	0.081	0.079	0.079	0.080	0.079	0.078	0.079	0.078	0.100	0.226	0.201	0.194	0.109	0.201	0.202	0.115	0.219	0.162	0.079	0.079	0.100	0.203	0.201	0.173	0.102	0.200	0.188	0.102	0.195	0.151	0.079	0.078	0.100	0.202	0.187	0.179	0.111	0.168	0.175	0.101	0.210	0.231	0.079	0.078	0.102	0.195	0.184	0.179	0.116	0.166	0.171	0.107	0.186	0.258	0.080	0.078	0.102	0.205	0.193	0.170	0.103	0.176	0.176	0.107	0.196	0.143	0.080	0.078	0.102	0.224	0.210	0.202	0.119	0.187	0.179	0.102	0.204	0.148	0.079	0.079	0.079	0.079	0.079	0.079	0.079	0.080	0.079	0.085	0.079	0.079	0.079
2:30:00	0.079	0.078	0.079	0.079	0.080	0.081	0.079	0.079	0.080	0.079	0.078	0.079	0.079	0.101	0.230	0.205	0.200	0.110	0.201	0.204	0.115	0.223	0.163	0.079	0.080	0.100	0.206	0.205	0.176	0.102	0.201	0.190	0.103	0.199	0.153	0.079	0.079	0.100	0.208	0.192	0.183	0.111	0.171	0.179	0.102	0.214	0.232	0.079	0.079	0.102	0.198	0.190	0.182	0.116	0.168	0.174	0.108	0.190	0.261	0.080	0.079	0.102	0.208	0.197	0.174	0.104	0.181	0.178	0.107	0.201	0.144	0.080	0.079	0.102	0.230	0.214	0.205	0.121	0.190	0.182	0.103	0.210	0.150	0.080	0.079	0.079	0.079	0.079	0.079	0.079	0.081	0.079	0.087	0.079	0.079	0.079
2:40:00	0.079	0.078	0.079	0.079	0.081	0.081	0.079	0.079	0.080	0.079	0.079	0.079	0.079	0.101	0.236	0.208	0.205	0.111	0.202	0.205	0.116	0.227	0.165	0.079	0.080	0.100	0.210	0.208	0.178	0.102	0.203	0.192	0.103	0.203	0.153	0.079	0.079	0.100	0.211	0.196	0.187	0.111	0.174	0.182	0.102	0.217	0.233	0.079	0.079	0.102	0.202	0.194	0.185	0.116	0.171	0.177	0.108	0.194	0.264	0.080	0.079	0.102	0.210	0.200	0.178	0.104	0.184	0.180	0.108	0.205	0.145	0.080	0.079	0.102	0.235	0.216	0.210	0.121	0.195	0.186	0.103	0.217	0.151	0.079	0.079	0.079	0.079	0.079	0.079	0.079	0.081	0.079	0.087	0.079	0.079	0.079
2:50:00	0.079	0.077	0.079	0.079	0.081	0.081	0.079	0.079	0.080	0.079	0.079	0.079	0.079	0.101	0.242	0.217	0.209	0.111	0.204	0.207	0.116	0.231	0.166	0.080	0.080	0.100	0.213	0.211	0.180	0.103	0.205	0.195	0.103	0.208	0.153	0.079	0.079	0.100	0.214	0.201	0.191	0.112	0.178	0.184	0.102	0.220	0.235	0.079	0.079	0.102	0.207	0.198	0.188	0.117	0.173	0.180	0.108	0.197	0.268	0.080	0.079	0.102	0.212	0.205	0.181	0.104	0.189	0.182	0.108	0.208	0.147	0.080	0.079	0.102	0.242	0.219	0.216	0.122	0.201	0.190	0.103	0.219	0.151	0.079	0.079	0.079	0.079	0.079	0.079	0.079	0.081	0.079	0.085	0.079	0.079	0.079
3:00:00	0.078	0.077	0.079	0.079	0.080	0.081	0.079	0.079	0.080	0.079	0.078	0.079	0.078	0.100	0.245	0.222	0.210	0.111	0.205	0.208	0.116	0.233	0.166	0.079	0.079	0.100	0.218	0.213	0.181	0.103	0.207	0.198	0.103	0.211	0.154	0.079	0.078	0.100	0.217	0.203	0.194	0.112	0.182	0.188	0.102	0.222	0.237	0.079	0.079	0.102	0.211	0.200	0.190	0.117	0.176	0.182	0.108	0.201	0.266	0.080	0.078	0.102	0.217	0.209	0.184	0.104	0.192	0.183	0.109	0.215	0.147	0.080	0.078	0.101	0.250	0.223	0.220	0.123	0.206	0.195	0.102	0.223	0.152	0.079	0.079	0.079	0.079	0.079	0.079	0.079	0.080	0.079	0.085	0.079	0.079	0.079
3:10:00	0.079	0.078	0.079	0.079	0.081	0.081	0.079	0.079	0.080	0.079	0.079	0.079	0.079	0.101	0.249	0.226	0.214	0.112	0.208	0.211	0.117	0.238	0.169	0.080	0.080	0.100	0.221	0.217	0.184	0.103	0.210	0.201	0.103	0.215	0.154	0.079	0.079	0.100	0.221	0.207	0.199	0.112	0.188	0.192	0.102	0.227	0.239	0.079	0.079	0.102	0.215	0.203	0.194	0.117	0.180	0.186	0.109	0.204	0.267	0.080	0.079	0.102	0.223	0.213	0.190	0.104	0.197	0.186	0.110	0.222	0.147	0.080	0.079	0.102	0.258	0.229	0.224	0.125	0.211	0.200	0.103	0.229	0.154	0.079	0.079	0.079	0.079	0.079	0.079	0.079	0.081	0.079	0.086	0.079	0.079	0.079
3:20:00	0.078	0.077	0.079	0.079	0.080	0.081	0.079	0.079	0.080	0.079	0.078	0.079	0.079	0.100	0.252	0.229	0.215	0.113	0.211	0.213	0.116	0.242	0.169	0.079	0.080	0.100	0.224	0.220	0.185	0.103	0.213	0.205	0.103	0.219	0.154	0.079	0.079	0.100	0.226	0.212	0.203	0.113	0.192	0.197	0.102	0.229	0.241	0.079	0.079	0.102	0.221	0.206	0.198	0.117	0.183	0.190	0.110	0.210	0.267	0.080	0.079	0.102	0.228	0.218	0.193	0.104	0.201	0.188	0.110	0.227	0.147	0.080	0.079	0.102	0.263	0.234	0.227	0.127	0.216	0.204	0.103	0.235	0.154	0.079	0.079	0.079	0.079	0.079	0.079	0.079	0.081	0.079	0.085	0.079	0.079	0.079
3:30:00	0.079	0.078	0.079	0.079	0.081	0.082	0.079	0.080	0.080	0.079	0.079	0.080	0.079	0.101	0.255	0.224	0.219	0.113	0.216	0.217	0.117	0.247	0.170	0.080	0.080	0.100	0.230	0.226	0.188	0.103	0.216	0.209	0.103	0.226	0.156	0.079	0.079	0.100	0.231	0.216	0.208	0.113	0.198	0.202	0.102	0.234	0.243	0.079	0.079	0.102	0.226	0.210	0.202	0.118	0.188	0.195	0.110	0.216	0.271	0.080	0.079	0.102	0.232	0.224	0.199	0.105	0.205	0.192	0.111	0.232	0.148	0.080	0.079	0.102	0.271	0.241	0.233	0.129	0.221	0.212	0.103	0.240	0.156	0.080	0.079	0.079	0.079	0.079	0.079	0.080	0.081	0.079	0.085	0.079	0.079	0.079
3:40:00	0.079	0.078	0.079	0.079	0.081	0.081	0.079	0.079	0.080	0.079	0.079	0.080	0.079	0.101	0.259	0.226	0.222	0.113	0.220	0.221	0.117	0.251	0.170	0.079	0.080	0.100	0.235	0.231	0.190	0.103	0.220	0.215	0.103	0.229	0.156	0.079	0.079	0.100	0.239	0.220	0.212	0.113	0.203	0.207	0.102	0.237	0.245	0.079	0.079	0.102	0.235	0.214	0.206	0.118	0.192	0.198	0.111	0.221	0.272	0.080	0.079	0.102	0.240	0.230	0.204	0.105	0.223	0.195	0.111	0.240	0.148	0.080	0.079	0.102	0.277	0.247	0.238	0.133	0.228	0.217	0.103	0.255	0.156	0.080	0.079	0.079	0.079	0.079	0.079	0.079	0.081	0.079	0.085	0.079	0.079	0.079
3:50:00	0.079	0.078	0.079	0.079	0.081	0.082	0.079	0.079	0.080	0.080	0.079	0.080	0.079	0.101	0.266	0.228	0.224	0.114	0.225	0.225	0.117	0.261	0.172	0.080	0.080	0.100	0.243	0.238	0.194	0.104	0.224	0.219	0.104	0.238	0.156	0.079	0.079	0.100	0.246	0.226	0.216	0.113	0.210	0.213	0.102	0.244	0.247	0.079	0.079	0.102	0.243	0.219	0.212	0.118	0.197	0.203	0.111	0.223	0.272	0.080	0.079	0.102	0.248	0.238	0.209	0.105	0.236	0.199	0.111	0.250	0.149	0.080	0.079	0.102	0.292	0.255	0.245	0.135	0.233	0.224	0.103	0.268	0.158	0.080	0.079	0.079	0.079	0.079	0.079	0.079	0.081	0.079	0.085	0.079	0.079	0.079
4:00:00	0.079	0.078	0.079	0.079	0.081	0.081	0.079	0.079	0.080	0.079	0.079	0.080	0.079	0.101	0.275	0.231	0.225	0.114	0.231	0.229	0.117	0.267	0.174	0.080	0.080	0.100	0.253	0.246	0.198	0.104	0.228	0.225	0.104	0.248	0.158	0.079	0.079	0.100	0.254	0.231	0.218	0.114	0.216	0.221	0.103	0.249	0.248	0.079	0.079	0.102	0.254	0.226	0.216	0.119	0.203	0.208	0.111	0.233	0.272	0.080	0.079	0.102	0.256	0.245	0.215	0.105	0.248	0.203	0.112	0.261	0.151	0.080	0.079	0.102	0.306	0.262	0.260	0.137	0.237	0.228	0.103	0.278	0.159	0.080	0.079	0.079	0.079	0.079	0.079	0.079	0.081	0.079	0.086	0.079	0.079	0.079
4:10:00	0.078	0.078	0.079	0.079	0.080	0.081	0.079	0.079	0.080	0.079	0.079	0.080	0.078	0.101	0.282	0.239	0.230	0.114	0.233	0.233	0.118	0.275	0.174	0.079	0.079	0.100	0.260	0.254	0.200	0.103	0.232	0.231	0.104	0.260	0.159	0.079	0.079	0.100	0.260	0.238	0.222	0.114	0.222	0.228	0.103	0.254	0.250	0.079	0.079	0.102	0.263	0.236	0.220	0.119	0.207	0.213	0.111	0.239	0.267	0.080	0.079	0.102	0.271	0.257	0.226	0.106	0.250	0.207	0.112	0.272	0.151	0.080	0.079	0.102	0.336	0.267	0.266	0.138	0.249	0.247	0.103	0.293	0.159	0.079	0.079	0.079	0.079	0.079	0.079	0.079	0.080	0.079	0.086	0.079	0.079	0.079
4:20:00	0.079	0.078	0.079	0.079	0.080	0.081	0.079	0.079	0.080	0.079	0.079	0.080	0.079	0.100	0.331	0.243	0.233	0.114	0.233	0.244	0.118	0.285	0.176	0.079	0.080	0.100	0.274	0.261	0.203	0.103	0.245	0.239	0.104	0.274	0.161	0.079	0.079	0.100	0.265	0.244	0.228	0.114	0.231	0.238	0.103	0.259	0.252	0.079	0.079	0.102	0.269	0.243	0.226	0.119	0.213	0.220	0.112	0.248	0.269	0.080	0.079	0.102	0.290	0.277	0.235	0.106	0.247	0.211	0.112	0.286	0.152	0.080	0.079	0.101	0.348	0.290	0.293	0.139	0.270	0.272	0.103	0.304	0.160	0.080	0.079	0.079	0.079	0.079	0.079	0.079	0.081	0.079	0.087	0.079	0.079	0.079
4:30:00	0.079	0.078	0.079	0.079	0.081	0.081	0.079	0.079	0.080	0.079	0.079	0.080	0.079	0.100	0.304	0.250	0.238	0.115	0.234	0.247	0.118	0.293	0.178	0.080	0.080	0.100	0.292	0.265	0.208	0.104	0.245	0.243	0.104	0.286	0.159	0.079	0.079	0.100	0.274	0.257	0.233	0.114	0.237	0.243	0.103	0.265	0.254	0.079	0.079	0.101	0.276	0.248	0.231	0.119	0.219	0.227	0.112	0.258	0.270	0.080	0.079	0.101	0.331	0.301	0.246	0.107	0.252	0.216	0.113	0.301	0.152	0.080	0.079	0.101	0.359	0.301	0.297	0.140	0.301	0.298	0.103	0.326	0.161	0.080	0.079	0.079	0.079	0.079	0.079	0.079	0.081	0.079	0.087	0.079	0.079	0.079
4:40:00	0.079	0.078	0.079	0.079	0.081	0.081	0.079	0.080	0.080	0.080	0.079	0.080	0.079	0.100	0.315	0.261	0.244	0.115	0.236	0.273	0.119	0.311	0.179	0.080	0.080	0.100	0.325	0.282	0.215	0.104	0.251	0.248	0.104	0.304	0.163	0.079	0.079	0.100	0.286	0.265	0.241	0.115	0.251	0.261	0.104	0.276	0.257	0.079	0.079	0.102	0.288	0.253	0.241	0.119	0.227	0.236	0.112	0.269	0.272	0.080	0.079	0.102	0.335	0.308	0.258	0.107	0.266	0.222	0.113	0.311	0.153	0.080	0.079	0.102	0.401	0.324	0.317	0.141	0.315	0.311	0.103	0.374	0.162	0.080	0.079	0.079	0.079	0.079	0.079	0.079	0.081	0.079	0.086	0.079	0.079	0.079
4:50:00	0.079	0.078	0.079	0.079	0.081	0.081	0.079	0.079	0.080	0.079	0.079	0.080	0.079	0.100	0.327	0.265	0.248	0.117	0.248	0.281	0.119	0.329	0.180	0.080	0.080	0.100	0.337	0.287	0.220	0.104	0.268	0.260	0.105	0.320	0.162	0.079	0.079	0.100	0.291	0.271	0.255	0.115	0.275	0.274	0.104	0.280	0.258	0.079	0.079	0.102	0.294	0.265	0.255	0.119	0.232	0.248	0.112	0.282	0.273	0.080	0.079	0.102	0.337	0.326	0.279	0.107	0.281	0.228	0.113	0.321	0.154	0.080	0.079	0.101	0.433	0.384	0.332	0.142	0.336	0.336	0.103	0.395	0.163	0.080	0.079	0.079	0.079	0.079	0.079	0.079	0.081	0.079	0.086	0.079	0.079	0.079
5:00:00	0.079	0.078	0.079	0.079	0.081	0.081	0.079	0.080	0.080	0.080	0.079	0.080	0.079	0.100	0.336	0.272	0.253	0.118	0.252	0.288	0.119	0.333	0.182	0.080	0.080	0.100	0.332	0.292	0.225	0.105	0.265	0.267	0.105	0.316	0.166	0.079	0.079	0.100	0.295	0.285	0.265	0.115	0.294	0.279	0.104	0.281	0.260	0.079	0.079	0.102	0.306	0.275	0.258	0.120	0.236	0.256	0.112	0.295	0.274	0.080	0.079	0.102	0.384	0.353	0.282	0.107	0.293	0.234	0.114	0.328	0.156	0.080	0.079	0.102	0.392	0.356	0.336	0.143	0.346	0.334	0.104	0.405	0.163	0.080	0.079	0.079	0.079	0.079	0.079	0.079	0.081	0.079	0.086	0.079	0.079	0.079
5:10:00	0.079	0.078	0.079	0.079	0.081	0.082	0.079	0.080	0.080	0.079	0.079	0.080	0.079	0.100	0.348	0.277	0.261	0.117	0.265	0.312	0.120	0.375	0.180	0.080	0.080	0.100	0.382	0.306	0.232	0.105	0.275	0.283	0.105	0.354	0.169	0.079	0.079	0.100	0.310	0.301	0.277	0.115	0.304	0.292	0.104	0.302	0.260	0.079	0.079	0.102	0.345	0.283	0.275	0.120	0.255	0.277	0.113	0.300	0.272	0.080	0.079	0.102	0.396	0.347	0.336	0.108	0.303	0.245	0.114	0.339	0.156	0.080	0.079	0.102	0.416	0.425	0.358	0.144	0.348	0.374	0.104	0.443	0.164	0.080	0.079	0.079	0.079	0.079	0.079	0.080	0.081	0.079	0.086	0.079	0.079	0.079
5:20:00	0.079	0.078	0.079	0.080	0.081	0.082	0.079	0.079	0.080	0.079	0.079	0.080	0.079	0.100	0.358	0.286	0.269	0.114	0.276	0.309	0.121	0.387	0.182	0.080	0.080	0.100	0.380	0.309	0.236	0.105	0.287	0.294	0.105	0.363	0.170	0.079	0.079	0.100	0.361	0.309	0.287	0.116	0.311	0.311	0.104	0.329	0.262	0.079	0.079	0.102	0.343	0.287	0.280	0.120	0.266	0.286	0.113	0.318	0.271	0.080	0.079	0.102	0.407	0.361	0.322	0.108	0.324	0.263	0.114	0.365	0.155	0.080	0.079	0.102	0.444	0.421	0.394	0.145	0.378	0.381	0.104	0.477	0.165	0.080	0.079	0.079	0.079	0.079	0.079	0.079	0.081	0.079	0.086	0.079	0.079	0.079
5:30:00	0.079	0.078	0.080	0.080	0.081	0.082	0.080	0.080	0.080	0.080	0.079	0.080	0.079	0.101	0.372	0.298	0.278	0.113	0.291	0.319	0.121	0.386	0.183	0.080	0.080	0.100	0.371	0.322	0.246	0.105	0.300	0.307	0.105	0.369	0.170	0.079	0.079	0.100	0.357	0.313	0.288	0.116	0.313	0.316	0.105	0.327	0.260	0.079	0.079	0.102	0.351	0.302	0.292	0.120	0.292	0.288	0.113	0.314	0.275	0.080	0.079	0.102	0.388	0.376	0.333	0.108	0.319	0.274	0.114	0.363	0.155	0.080	0.079	0.102	0.460	0.409	0.404	0.147	0.365	0.383	0.104	0.463	0.159	0.080	0.079	0.079	0.079	0.079	0.079	0.080	0.081	0.080	0.086	0.080	0.080	0.079
5:40:00	0.079	0.078	0.079	0.079	0.081	0.082	0.079	0.079	0.080	0.079	0.079	0.080	0.079	0.100	0.384	0.304	0.281	0.113	0.296	0.323	0.121	0.449	0.183	0.080	0.080	0.100	0.407	0.355	0.253	0.105	0.314	0.328	0.105	0.390	0.169	0.079	0.079	0.100	0.371	0.348	0.310	0.117	0.334	0.330	0.105	0.362	0.257	0.079	0.079	0.102	0.368	0.336	0.315	0.121	0.315	0.301	0.113	0.340	0.271	0.080	0.079	0.102	0.463	0.408	0.391	0.107	0.331	0.286	0.114	0.404	0.154	0.080	0.079	0.102	0.466	0.413	0.424	0.149	0.404	0.397	0.104	0.494	0.160	0.080	0.079	0.079	0.079	0.079	0.079	0.079	0.081	0.079	0.087	0.079	0.079	0.079
5:50:00	0.079	0.078	0.079	0.080	0.081	0.082	0.079	0.080	0.080	0.080	0.079	0.080	0.079	0.101	0.404	0.318	0.296	0.112	0.305	0.330	0.122	0.437	0.183	0.080	0.080	0.100	0.406	0.373	0.259	0.106	0.326	0.329	0.106	0.406	0.170	0.079	0.079	0.100	0.432	0.377	0.318	0.117	0.334	0.344	0.105	0.378	0.261	0.079	0.079	0.102	0.381	0.349	0.343	0.121	0.333	0.315	0.114	0.355	0.272	0.080	0.079	0.102	0.489	0.432	0.418	0.106	0.350	0.304	0.115	0.438	0.155	0.080	0.079	0.102	0.512	0.481	0.444	0.150	0.428	0.425	0.104	0.519	0.164	0.080	0.079	0.079	0.079	0.079	0.079	0.079	0.081	0.079	0.086	0.080	0.080	0.079
6:00:00	0.079	0.078	0.079	0.080	0.080	0.081	0.079	0.079	0.080	0.079	0.079	0.080	0.079	0.100	0.434	0.331	0.311	0.113	0.318	0.341	0.122	0.469	0.183	0.079	0.080	0.100	0.407	0.366	0.279	0.105	0.333	0.341	0.106	0.424	0.169	0.079	0.079	0.100	0.405	0.378	0.342	0.117	0.348	0.350	0.105	0.367	0.261	0.079	0.079	0.102	0.417	0.349	0.336	0.121	0.348	0.317	0.114	0.355	0.274	0.080	0.079	0.102	0.450	0.413	0.395	0.106	0.365	0.308	0.115	0.431	0.155	0.080	0.079	0.102	0.498	0.484	0.446	0.153	0.412	0.435	0.104	0.524	0.164	0.080	0.079	0.079	0.079	0.079	0.079	0.079	0.081	0.079	0.088	0.079	0.079	0.079
6:10:00	0.079	0.078	0.079	0.080	0.081	0.081	0.079	0.079	0.080	0.079	0.079	0.080	0.079	0.100	0.429	0.333	0.319	0.112	0.325	0.355	0.122	0.466	0.183	0.080	0.080	0.100	0.419	0.369	0.297	0.106	0.345	0.359	0.106	0.437	0.174	0.079	0.079	0.099	0.428	0.374	0.347	0.116	0.372	0.369	0.106	0.388	0.263	0.079	0.079	0.101	0.441	0.362	0.366	0.121	0.351	0.334	0.114	0.367	0.272	0.080	0.079	0.101	0.505	0.446	0.411	0.106	0.381	0.308	0.115	0.456	0.156	0.080	0.079	0.101	0.503	0.513	0.491	0.155	0.444	0.463	0.104	0.555	0.165	0.080	0.079	0.079	0.079	0.079	0.079	0.080	0.081	0.079	0.088	0.080	0.079	0.079
6:20:00	0.079	0.078	0.079	0.080	0.081	0.082	0.080	0.080	0.080	0.080	0.079	0.080	0.079	0.101	0.445	0.342	0.326	0.113	0.333	0.352	0.123	0.450	0.185	0.080	0.080	0.100	0.422	0.385	0.290	0.106	0.352	0.367	0.106	0.458	0.174	0.080	0.079	0.100	0.434	0.374	0.361	0.117	0.382	0.383	0.106	0.403	0.257	0.079	0.079	0.101	0.463	0.385	0.376	0.121	0.359	0.341	0.114	0.394	0.273	0.080	0.079	0.102	0.482	0.470	0.446	0.106	0.387	0.319	0.115	0.483	0.158	0.080	0.079	0.102	0.518	0.502	0.494	0.158	0.454	0.476	0.104	0.532	0.168	0.080	0.080	0.079	0.079	0.079	0.079	0.079	0.081	0.079	0.088	0.080	0.080	0.079
6:30:00	0.079	0.078	0.080	0.079	0.081	0.082	0.080	0.080	0.080	0.080	0.079	0.080	0.079	0.100	0.463	0.363	0.344	0.113	0.346	0.363	0.123	0.488	0.185	0.080	0.080	0.100	0.457	0.411	0.308	0.107	0.361	0.372	0.106	0.489	0.177	0.079	0.079	0.100	0.435	0.409	0.369	0.117	0.409	0.394	0.106	0.421	0.262	0.079	0.079	0.102	0.483	0.412	0.402	0.122	0.382	0.357	0.114	0.401	0.277	0.080	0.079	0.102	0.495	0.495	0.468	0.106	0.408	0.336	0.115	0.491	0.159	0.080	0.079	0.101	0.546	0.538	0.498	0.159	0.469	0.504	0.104	0.586	0.169	0.080	0.079	0.079	0.079	0.079	0.079	0.079	0.081	0.079	0.090	0.079	0.079	0.079
6:40:00	0.079	0.078	0.080	0.080	0.081	0.082	0.079	0.080	0.080	0.080	0.079	0.080	0.079	0.100	0.489	0.392	0.359	0.114	0.353	0.372	0.124	0.503	0.186	0.080	0.080	0.100	0.469	0.453	0.333	0.106	0.379	0.384	0.107	0.533	0.176	0.079	0.079	0.100	0.474	0.447	0.388	0.117	0.437	0.420	0.107	0.474	0.261	0.079	0.079	0.101	0.496	0.450	0.437	0.122	0.408	0.372	0.114	0.429	0.276	0.080	0.079	0.102	0.543	0.498	0.509	0.107	0.440	0.349	0.115	0.535	0.162	0.080	0.079	0.102	0.551	0.547	0.545	0.162	0.511	0.519	0.104	0.603	0.171	0.080	0.080	0.079	0.079	0.079	0.079	0.080	0.081	0.080	0.088	0.080	0.080	0.079
6:50:00	0.079	0.078	0.079	0.080	0.081	0.082	0.079	0.080	0.079	0.080	0.079	0.080	0.079	0.100	0.499	0.385	0.377	0.115	0.362	0.377	0.124	0.486	0.188	0.080	0.080	0.100	0.474	0.441	0.351	0.107	0.387	0.398	0.107	0.541	0.176	0.079	0.079	0.100	0.492	0.439	0.410	0.117	0.451	0.419	0.107	0.458	0.265	0.079	0.079	0.102	0.507	0.459	0.429	0.122	0.416	0.376	0.115	0.435	0.273	0.080	0.079	0.102	0.554	0.496	0.482	0.107	0.444	0.356	0.115	0.526	0.163	0.080	0.079	0.101	0.549	0.513	0.513	0.164	0.510	0.502	0.104	0.576	0.175	0.080	0.079	0.079	0.079	0.079	0.079	0.079	0.081	0.079	0.087	0.079	0.079	0.079
7:00:00	0.079	0.078	0.080	0.080	0.081	0.082	0.080	0.080	0.079	0.080	0.079	0.080	0.079	0.100	0.523	0.399	0.381	0.116	0.377	0.384	0.125	0.525	0.190	0.080	0.080	0.100	0.495	0.435	0.367	0.107	0.397	0.425	0.107	0.560	0.178	0.080	0.079	0.100	0.489	0.458	0.422	0.118	0.475	0.426	0.107	0.490	0.263	0.079	0.079	0.102	0.509	0.483	0.461	0.122	0.419	0.389	0.115	0.449	0.273	0.081	0.079	0.102	0.541	0.531	0.508	0.108	0.456	0.372	0.116	0.547	0.163	0.080	0.079	0.102	0.597	0.556	0.526	0.165	0.510	0.540	0.105	0.621	0.179	0.080	0.080	0.079	0.080	0.080	0.079	0.080	0.081	0.080	0.088	0.080	0.080	0.079
7:10:00	0.079	0.078	0.079	0.080	0.081	0.082	0.080	0.080	0.079	0.080	0.079	0.080	0.079	0.100	0.554	0.424	0.424	0.117	0.380	0.399	0.124	0.532	0.191	0.080	0.080	0.100	0.518	0.470	0.368	0.107	0.400	0.445	0.107	0.579	0.176	0.080	0.079	0.100	0.535	0.467	0.459	0.118	0.501	0.440	0.108	0.532	0.266	0.079	0.079	0.102	0.541	0.504	0.484	0.122	0.432	0.409	0.115	0.496	0.273	0.080	0.079	0.102	0.539	0.564	0.532	0.108	0.485	0.382	0.116	0.590	0.162	0.080	0.079	0.101	0.589	0.567	0.559	0.166	0.563	0.576	0.105	0.636	0.179	0.080	0.080	0.079	0.079	0.079	0.079	0.080	0.081	0.079	0.088	0.080	0.080	0.079
7:20:00	0.080	0.078	0.080	0.080	0.081	0.082	0.080	0.080	0.079	0.080	0.079	0.080	0.079	0.101	0.553	0.444	0.422	0.121	0.394	0.411	0.125	0.543	0.194	0.080	0.080	0.100	0.523	0.468	0.387	0.108	0.421	0.440	0.108	0.567	0.177	0.080	0.079	0.100	0.503	0.471	0.474	0.118	0.481	0.436	0.108	0.511	0.265	0.079	0.079	0.102	0.517	0.495	0.469	0.123	0.434	0.407	0.115	0.480	0.274	0.081	0.079	0.102	0.517	0.531	0.498	0.110	0.472	0.386	0.116	0.560	0.164	0.080	0.079	0.102	0.594	0.563	0.544	0.168	0.534	0.569	0.106	0.601	0.182	0.080	0.080	0.079	0.080	0.080	0.079	0.080	0.081	0.080	0.087	0.080	0.080	0.079
7:30:00	0.079	0.078	0.079	0.080	0.081	0.082	0.079	0.080	0.079	0.080	0.079	0.080	0.079	0.100	0.566	0.466	0.434	0.122	0.411	0.420	0.124	0.556	0.192	0.080	0.080	0.100	0.540	0.507	0.405	0.108	0.448	0.463	0.108	0.597	0.175	0.080	0.079	0.100	0.519	0.506	0.506	0.119	0.517	0.466	0.108	0.560	0.267	0.079	0.079	0.102	0.538	0.505	0.504	0.123	0.456	0.430	0.115	0.515	0.273	0.080	0.079	0.102	0.568	0.570	0.513	0.110	0.498	0.401	0.116	0.604	0.166	0.080	0.079	0.102	0.625	0.577	0.580	0.169	0.558	0.589	0.106	0.658	0.180	0.080	0.079	0.079	0.079	0.079	0.079	0.079	0.081	0.079	0.087	0.079	0.079	0.079
7:40:00	0.079	0.078	0.080	0.080	0.081	0.082	0.080	0.080	0.079	0.080	0.079	0.080	0.079	0.100	0.571	0.464	0.435	0.126	0.422	0.434	0.124	0.545	0.198	0.080	0.080	0.100	0.534	0.529	0.418	0.108	0.454	0.465	0.108	0.607	0.176	0.080	0.079	0.100	0.535	0.512	0.514	0.119	0.525	0.482	0.109	0.561	0.273	0.079	0.079	0.102	0.552	0.523	0.551	0.123	0.476	0.445	0.116	0.522	0.275	0.080	0.079	0.102	0.607	0.580	0.546	0.111	0.522	0.429	0.116	0.608	0.166	0.080	0.079	0.102	0.609	0.570	0.580	0.169	0.570	0.594	0.106	0.645	0.185	0.080	0.080	0.079	0.079	0.079	0.079	0.079	0.081	0.079	0.088	0.079	0.080	0.079
7:50:00	0.079	0.078	0.079	0.080	0.081	0.082	0.080	0.080	0.079	0.080	0.079	0.080	0.079	0.100	0.588	0.480	0.450	0.129	0.429	0.440	0.124	0.559	0.200	0.080	0.080	0.100	0.545	0.553	0.436	0.109	0.462	0.475	0.109	0.606	0.176	0.079	0.079	0.100	0.521	0.510	0.496	0.119	0.520	0.486	0.109	0.577	0.273	0.079	0.079	0.102	0.556	0.528	0.535	0.122	0.478	0.444	0.116	0.520	0.275	0.081	0.079	0.102	0.582	0.551	0.547	0.112	0.514	0.428	0.116	0.594	0.167	0.080	0.079	0.101	0.601	0.619	0.569	0.171	0.567	0.603	0.106	0.659	0.185	0.080	0.080	0.079	0.079	0.080	0.079	0.080	0.081	0.080	0.089	0.080	0.080	0.079
8:00:00	0.079	0.078	0.080	0.080	0.081	0.082	0.080	0.080	0.079	0.080	0.079	0.080	0.079	0.100	0.594	0.503	0.485	0.131	0.455	0.461	0.124	0.565	0.201	0.080	0.080	0.100	0.585	0.577	0.466	0.110	0.496	0.507	0.109	0.626	0.175	0.079	0.079	0.100	0.550	0.546	0.532	0.119	0.553	0.508	0.109	0.598	0.278	0.079	0.079	0.101	0.589	0.559	0.577	0.123	0.493	0.461	0.116	0.550	0.272	0.081	0.079	0.101	0.597	0.582	0.563	0.113	0.542	0.436	0.116	0.621	0.166	0.081	0.079	0.101	0.625	0.633	0.600	0.172	0.586	0.622	0.106	0.682	0.187	0.080	0.080	0.080	0.080	0.080	0.079	0.080	0.081	0.080	0.089	0.080	0.080	0.080
8:10:00	0.080	0.079	0.080	0.080	0.081	0.082	0.080	0.080	0.080	0.080	0.079	0.080	0.079	0.101	0.591	0.496	0.476	0.134	0.455	0.468	0.125	0.570	0.203	0.080	0.080	0.100	0.576	0.549	0.465	0.110	0.516	0.522	0.110	0.624	0.178	0.079	0.079	0.100	0.534	0.541	0.522	0.119	0.549	0.508	0.110	0.568	0.272	0.079	0.080	0.102	0.575	0.563	0.567	0.123	0.494	0.470	0.116	0.550	0.274	0.081	0.080	0.102	0.603	0.587	0.563	0.114	0.537	0.442	0.116	0.608	0.168	0.081	0.079	0.102	0.644	0.603	0.593	0.173	0.598	0.597	0.107	0.646	0.186	0.080	0.080	0.080	0.080	0.080	0.080	0.080	0.081	0.080	0.088	0.080	0.080	0.080
8:20:00	0.079	0.078	0.080	0.080	0.081	0.081	0.080	0.080	0.079	0.080	0.079	0.080	0.079	0.100	0.618	0.529	0.498	0.135	0.477	0.502	0.125	0.606	0.202	0.080	0.080	0.100	0.594	0.594	0.504	0.107	0.533	0.541	0.110	0.649	0.175	0.079	0.079	0.099	0.560	0.553	0.552	0.118	0.583	0.518	0.110	0.609	0.275	0.079	0.079	0.102	0.593	0.564	0.593	0.123	0.508	0.491	0.116	0.565	0.272	0.080	0.079	0.102	0.610	0.588	0.575	0.114	0.553	0.456	0.116	0.631	0.166	0.081	0.079	0.101	0.656	0.628	0.595	0.173	0.611	0.613	0.107	0.691	0.182	0.080	0.079	0.079	0.079	0.079	0.079	0.079	0.081	0.079	0.088	0.079	0.079	0.079
8:30:00	0.080	0.079	0.080	0.080	0.081	0.082	0.080	0.080	0.079	0.080	0.079	0.080	0.079	0.101	0.615	0.544	0.520	0.138	0.496	0.533	0.126	0.612	0.203	0.080	0.080	0.100	0.594	0.592	0.518	0.107	0.565	0.560	0.110	0.658	0.177	0.079	0.079	0.100	0.561	0.566	0.568	0.118	0.597	0.528	0.110	0.624	0.270	0.079	0.079	0.102	0.608	0.581	0.603	0.123	0.506	0.515	0.117	0.595	0.274	0.080	0.080	0.102	0.618	0.626	0.586	0.115	0.568	0.469	0.117	0.666	0.167	0.081	0.079	0.102	0.658	0.640	0.644	0.174	0.615	0.634	0.107	0.707	0.181	0.080	0.080	0.080	0.080	0.080	0.079	0.080	0.081	0.080	0.089	0.080	0.080	0.079
8:40:00	0.080	0.079	0.080	0.080	0.081	0.082	0.080	0.080	0.079	0.080	0.079	0.080	0.079	0.100	0.624	0.556	0.523	0.139	0.507	0.532	0.126	0.609	0.202	0.080	0.080	0.100	0.608	0.574	0.516	0.107	0.553	0.564	0.110	0.654	0.178	0.079	0.079	0.100	0.552	0.572	0.552	0.118	0.589	0.537	0.110	0.609	0.269	0.079	0.079	0.102	0.597	0.572	0.585	0.122	0.511	0.521	0.117	0.584	0.271	0.079	0.079	0.102	0.618	0.617	0.573	0.116	0.567	0.470	0.117	0.640	0.166	0.081	0.079	0.101	0.651	0.623	0.626	0.175	0.613	0.629	0.108	0.664	0.181	0.080	0.080	0.080	0.080	0.080	0.079	0.080	0.081	0.080	0.088	0.080	0.080	0.079
8:50:00	0.079	0.079	0.080	0.080	0.081	0.082	0.080	0.080	0.079	0.080	0.079	0.080	0.079	0.100	0.640	0.573	0.554	0.141	0.534	0.552	0.126	0.629	0.202	0.080	0.080	0.100	0.630	0.625	0.563	0.109	0.589	0.589	0.110	0.677	0.180	0.079	0.079	0.099	0.597	0.597	0.584	0.118	0.599	0.550	0.110	0.637	0.272	0.079	0.079	0.102	0.621	0.590	0.619	0.123	0.528	0.535	0.117	0.604	0.273	0.080	0.079	0.102	0.645	0.645	0.615	0.115	0.590	0.487	0.117	0.654	0.164	0.081	0.079	0.101	0.676	0.672	0.631	0.175	0.619	0.632	0.108	0.711	0.181	0.080	0.080	0.079	0.079	0.080	0.079	0.080	0.081	0.080	0.088	0.080	0.080	0.079
9:00:00	0.080	0.079	0.080	0.080	0.081	0.082	0.080	0.080	0.080	0.080	0.079	0.080	0.079	0.100	0.644	0.589	0.565	0.142	0.551	0.570	0.127	0.649	0.202	0.080	0.080	0.100	0.614	0.635	0.553	0.112	0.596	0.593	0.110	0.687	0.182	0.079	0.079	0.100	0.610	0.604	0.591	0.119	0.624	0.567	0.110	0.640	0.275	0.079	0.079	0.102	0.635	0.615	0.628	0.123	0.545	0.543	0.117	0.632	0.277	0.080	0.080	0.102	0.650	0.642	0.632	0.116	0.608	0.522	0.117	0.676	0.166	0.081	0.079	0.102	0.704	0.672	0.649	0.176	0.630	0.638	0.108	0.736	0.182	0.080	0.080	0.080	0.080	0.080	0.079	0.080	0.081	0.080	0.089	0.080	0.080	0.079
9:10:00	0.080	0.079	0.080	0.080	0.081	0.082	0.080	0.080	0.080	0.080	0.079	0.080	0.079	0.101	0.653	0.592	0.574	0.143	0.563	0.560	0.127	0.645	0.204	0.080	0.080	0.100	0.632	0.608	0.562	0.112	0.581	0.571	0.110	0.676	0.184	0.079	0.079	0.100	0.581	0.592	0.585	0.120	0.598	0.563	0.110	0.619	0.275	0.079	0.079	0.102	0.624	0.604	0.601	0.123	0.541	0.535	0.117	0.604	0.278	0.080	0.079	0.102	0.644	0.626	0.607	0.117	0.594	0.520	0.117	0.661	0.167	0.081	0.079	0.102	0.688	0.668	0.636	0.177	0.623	0.641	0.109	0.689	0.180	0.080	0.080	0.079	0.079	0.079	0.079	0.080	0.081	0.080	0.088	0.080	0.080	0.079
9:20:00	0.080	0.078	0.080	0.080	0.081	0.082	0.080	0.080	0.079	0.080	0.079	0.080	0.079	0.100	0.660	0.617	0.601	0.144	0.580	0.564	0.127	0.672	0.204	0.080	0.080	0.100	0.668	0.636	0.605	0.111	0.603	0.596	0.110	0.698	0.184	0.079	0.079	0.100	0.597	0.628	0.613	0.120	0.622	0.577	0.110	0.652	0.274	0.079	0.079	0.102	0.655	0.616	0.630	0.124	0.549	0.551	0.117	0.627	0.276	0.079	0.079	0.102	0.683	0.665	0.619	0.117	0.618	0.526	0.117	0.684	0.166	0.081	0.079	0.102	0.713	0.693	0.662	0.176	0.624	0.658	0.109	0.728	0.177	0.080	0.080	0.079	0.079	0.079	0.079	0.080	0.081	0.080	0.089	0.080	0.080	0.079
9:30:00	0.079	0.079	0.080	0.080	0.081	0.081	0.080	0.080	0.079	0.080	0.079	0.080	0.079	0.100	0.673	0.602	0.587	0.144	0.579	0.569	0.127	0.670	0.207	0.080	0.080	0.100	0.659	0.630	0.577	0.111	0.618	0.603	0.111	0.686	0.185	0.080	0.079	0.100	0.612	0.635	0.611	0.121	0.618	0.580	0.110	0.651	0.280	0.079	0.079	0.102	0.649	0.615	0.645	0.123	0.550	0.562	0.118	0.623	0.275	0.080	0.079	0.102	0.670	0.660	0.622	0.118	0.627	0.539	0.117	0.677	0.166	0.081	0.079	0.101	0.720	0.671	0.672	0.176	0.628	0.659	0.110	0.731	0.178	0.080	0.080	0.080	0.080	0.080	0.079	0.080	0.081	0.080	0.090	0.080	0.080	0.079
9:40:00	0.080	0.079	0.080	0.080	0.081	0.082	0.080	0.080	0.080	0.080	0.079	0.080	0.079	0.100	0.679	0.632	0.611	0.145	0.598	0.601	0.128	0.682	0.207	0.080	0.080	0.100	0.650	0.623	0.598	0.111	0.623	0.593	0.111	0.694	0.183	0.080	0.079	0.099	0.630	0.635	0.609	0.121	0.621	0.586	0.110	0.662	0.279	0.079	0.080	0.101	0.653	0.626	0.645	0.123	0.558	0.562	0.118	0.625	0.275	0.080	0.080	0.101	0.679	0.660	0.640	0.119	0.636	0.564	0.117	0.683	0.166	0.080	0.079	0.101	0.726	0.697	0.670	0.175	0.642	0.667	0.110	0.736	0.177	0.080	0.080	0.080	0.080	0.080	0.080	0.080	0.081	0.080	0.089	0.080	0.080	0.080
9:50:00	0.080	0.078	0.080	0.080	0.081	0.082	0.080	0.080	0.080	0.080	0.080	0.080	0.079	0.100	0.691	0.631	0.613	0.146	0.612	0.620	0.128	0.692	0.207	0.080	0.080	0.100	0.657	0.635	0.617	0.110	0.644	0.622	0.111	0.700	0.182	0.079	0.079	0.100	0.635	0.669	0.629	0.121	0.633	0.605	0.111	0.683	0.282	0.079	0.080	0.102	0.667	0.648	0.650	0.124	0.578	0.581	0.118	0.648	0.273	0.080	0.080	0.102	0.706	0.708	0.649	0.120	0.658	0.578	0.118	0.709	0.168	0.080	0.079	0.101	0.734	0.708	0.694	0.173	0.667	0.684	0.110	0.758	0.180	0.080	0.080	0.079	0.080	0.080	0.079	0.080	0.081	0.080	0.089	0.080	0.080	0.079
10:00:00	0.080	0.079	0.080	0.080	0.081	0.082	0.080	0.080	0.080	0.080	0.079	0.080	0.079	0.100	0.686	0.634	0.613	0.145	0.610	0.612	0.128	0.697	0.208	0.080	0.080	0.100	0.663	0.653	0.596	0.112	0.633	0.610	0.111	0.698	0.184	0.080	0.079	0.099	0.630	0.655	0.633	0.122	0.633	0.610	0.111	0.676	0.278	0.079	0.080	0.101	0.650	0.637	0.627	0.125	0.590	0.582	0.118	0.644	0.275	0.080	0.079	0.101	0.698	0.709	0.660	0.121	0.652	0.569	0.118	0.697	0.168	0.080	0.079	0.101	0.732	0.698	0.696	0.170	0.663	0.676	0.111	0.736	0.181	0.080	0.080	0.079	0.080	0.080	0.079	0.080	0.081	0.080	0.088	0.080	0.080	0.079
10:10:00	0.080	0.079	0.080	0.080	0.081	0.082	0.080	0.080	0.080	0.080	0.079	0.080	0.079	0.100	0.712	0.643	0.616	0.146	0.629	0.622	0.129	0.714	0.208	0.080	0.080	0.100	0.698	0.658	0.605	0.114	0.645	0.610	0.112	0.715	0.184	0.080	0.079	0.100	0.652	0.659	0.658	0.123	0.655	0.622	0.111	0.696	0.280	0.079	0.080	0.102	0.677	0.657	0.664	0.125	0.598	0.596	0.119	0.672	0.275	0.080	0.080	0.102	0.708	0.701	0.678	0.121	0.667	0.576	0.118	0.714	0.166	0.080	0.079	0.101	0.754	0.747	0.692	0.168	0.677	0.686	0.111	0.762	0.178	0.080	0.080	0.080	0.080	0.080	0.080	0.080	0.081	0.080	0.089	0.080	0.080	0.079
10:20:00	0.080	0.079	0.080	0.080	0.081	0.082	0.080	0.080	0.080	0.080	0.080	0.080	0.079	0.100	0.718	0.659	0.644	0.146	0.654	0.641	0.129	0.724	0.208	0.080	0.080	0.100	0.699	0.682	0.639	0.113	0.669	0.643	0.113	0.730	0.183	0.080	0.079	0.100	0.672	0.691	0.661	0.123	0.667	0.628	0.111	0.709	0.283	0.079	0.080	0.102	0.686	0.688	0.689	0.125	0.599	0.607	0.119	0.685	0.276	0.080	0.080	0.102	0.747	0.736	0.685	0.123	0.689	0.590	0.119	0.732	0.167	0.080	0.079	0.101	0.781	0.735	0.712	0.167	0.697	0.705	0.111	0.788	0.178	0.080	0.080	0.080	0.080	0.080	0.080	0.080	0.081	0.080	0.088	0.080	0.080	0.079
10:30:00	0.080	0.078	0.080	0.080	0.081	0.082	0.080	0.080	0.080	0.080	0.080	0.080	0.079	0.100	0.721	0.650	0.632	0.148	0.628	0.631	0.129	0.720	0.207	0.080	0.080	0.100	0.681	0.671	0.622	0.112	0.636	0.626	0.113	0.719	0.185	0.080	0.079	0.100	0.658	0.663	0.641	0.124	0.645	0.624	0.111	0.683	0.285	0.079	0.080	0.102	0.680	0.668	0.663	0.126	0.593	0.603	0.119	0.663	0.279	0.080	0.080	0.102	0.729	0.704	0.655	0.123	0.672	0.591	0.119	0.716	0.168	0.080	0.079	0.101	0.754	0.707	0.711	0.169	0.688	0.701	0.112	0.755	0.179	0.080	0.080	0.080	0.080	0.080	0.080	0.080	0.081	0.080	0.088	0.080	0.080	0.080
10:40:00	0.080	0.078	0.080	0.080	0.081	0.082	0.080	0.080	0.080	0.080	0.080	0.080	0.079	0.101	0.751	0.688	0.659	0.149	0.647	0.657	0.129	0.729	0.208	0.080	0.080	0.100	0.714	0.688	0.640	0.112	0.651	0.630	0.114	0.732	0.186	0.080	0.080	0.100	0.671	0.695	0.663	0.124	0.663	0.631	0.111	0.712	0.291	0.080	0.080	0.102	0.726	0.682	0.684	0.126	0.604	0.617	0.120	0.679	0.278	0.080	0.080	0.102	0.747	0.723	0.677	0.124	0.687	0.604	0.119	0.722	0.167	0.080	0.080	0.102	0.777	0.750	0.715	0.173	0.699	0.701	0.112	0.773	0.178	0.080	0.080	0.080	0.080	0.080	0.080	0.080	0.081	0.080	0.089	0.080	0.080	0.080
10:50:00	0.080	0.078	0.080	0.080	0.081	0.082	0.080	0.080	0.080	0.080	0.080	0.080	0.079	0.100	0.733	0.671	0.652	0.149	0.644	0.662	0.129	0.729	0.209	0.080	0.080	0.100	0.696	0.675	0.635	0.111	0.645	0.636	0.115	0.720	0.184	0.080	0.080	0.100	0.668	0.682	0.656	0.124	0.670	0.633	0.111	0.701	0.289	0.079	0.080	0.102	0.712	0.681	0.669	0.127	0.609	0.623	0.119	0.673	0.279	0.080	0.080	0.102	0.747	0.720	0.671	0.124	0.685	0.605	0.119	0.730	0.168	0.080	0.079	0.102	0.765	0.738	0.714	0.180	0.696	0.697	0.112	0.759	0.179	0.080	0.079	0.080	0.080	0.080	0.079	0.080	0.081	0.080	0.088	0.080	0.080	0.079
11:00:00	0.080	0.078	0.080	0.081	0.081	0.082	0.080	0.080	0.080	0.080	0.080	0.080	0.080	0.101	0.754	0.686	0.680	0.151	0.668	0.677	0.130	0.748	0.209	0.080	0.080	0.100	0.727	0.702	0.665	0.111	0.664	0.658	0.114	0.739	0.184	0.080	0.080	0.100	0.694	0.687	0.685	0.124	0.678	0.647	0.112	0.725	0.285	0.079	0.080	0.102	0.720	0.715	0.707	0.127	0.624	0.627	0.120	0.694	0.277	0.080	0.080	0.102	0.757	0.735	0.703	0.126	0.705	0.613	0.120	0.757	0.168	0.080	0.080	0.102	0.793	0.775	0.732	0.182	0.715	0.711	0.113	0.789	0.178	0.080	0.080	0.080	0.080	0.080	0.080	0.080	0.081	0.080	0.088	0.080	0.080	0.080
11:10:00	0.079	0.078	0.080	0.079	0.081	0.081	0.080	0.080	0.079	0.079	0.079	0.080	0.079	0.100	0.756	0.700	0.683	0.151	0.682	0.694	0.130	0.757	0.209	0.079	0.080	0.100	0.738	0.714	0.677	0.111	0.683	0.674	0.114	0.747	0.187	0.080	0.079	0.099	0.721	0.708	0.708	0.124	0.684	0.660	0.112	0.738	0.288	0.079	0.079	0.101	0.728	0.710	0.728	0.127	0.637	0.633	0.120	0.704	0.278	0.080	0.079	0.101	0.793	0.757	0.731	0.127	0.726	0.622	0.119	0.763	0.169	0.080	0.079	0.101	0.815	0.772	0.760	0.185	0.735	0.720	0.113	0.829	0.179	0.080	0.079	0.079	0.080	0.080	0.079	0.080	0.081	0.080	0.089	0.080	0.080	0.079
11:20:00	0.080	0.078	0.080	0.080	0.081	0.082	0.080	0.080	0.080	0.080	0.080	0.080	0.079	0.100	0.761	0.700	0.681	0.151	0.673	0.689	0.132	0.765	0.208	0.080	0.080	0.100	0.730	0.701	0.665	0.112	0.668	0.669	0.113	0.742	0.184	0.080	0.080	0.099	0.708	0.700	0.681	0.124	0.680	0.668	0.112	0.723	0.294	0.079	0.080	0.101	0.727	0.700	0.709	0.126	0.641	0.636	0.120	0.697	0.277	0.080	0.080	0.101	0.775	0.744	0.702	0.127	0.723	0.633	0.120	0.744	0.169	0.080	0.080	0.101	0.795	0.764	0.752	0.188	0.736	0.726	0.114	0.791	0.180	0.080	0.079	0.080	0.080	0.080	0.080	0.080	0.081	0.080	0.089	0.080	0.080	0.080
11:30:00	0.080	0.078	0.080	0.080	0.081	0.082	0.080	0.080	0.080	0.080	0.080	0.080	0.080	0.100	0.779	0.737	0.704	0.152	0.697	0.712	0.133	0.777	0.208	0.080	0.080	0.100	0.771	0.722	0.696	0.113	0.685	0.679	0.112	0.752	0.184	0.080	0.080	0.100	0.722	0.729	0.698	0.125	0.696	0.682	0.112	0.749	0.291	0.079	0.080	0.101	0.756	0.723	0.732	0.127	0.654	0.647	0.121	0.719	0.275	0.080	0.080	0.101	0.792	0.764	0.742	0.129	0.728	0.647	0.120	0.773	0.168	0.080	0.079	0.101	0.809	0.801	0.754	0.191	0.745	0.748	0.114	0.823	0.178	0.080	0.080	0.080	0.080	0.080	0.080	0.080	0.081	0.080	0.089	0.080	0.080	0.080
11:40:00	0.079	0.078	0.080	0.080	0.081	0.082	0.080	0.080	0.080	0.080	0.080	0.080	0.080	0.100	0.778	0.727	0.711	0.153	0.716	0.712	0.136	0.784	0.209	0.080	0.080	0.100	0.754	0.744	0.697	0.113	0.713	0.690	0.111	0.761	0.188	0.080	0.080	0.099	0.724	0.734	0.711	0.126	0.701	0.689	0.113	0.775	0.293	0.079	0.080	0.102	0.763	0.722	0.747	0.127	0.658	0.651	0.121	0.740	0.276	0.080	0.079	0.102	0.813	0.793	0.754	0.128	0.755	0.657	0.120	0.795	0.169	0.080	0.079	0.101	0.837	0.802	0.773	0.192	0.761	0.756	0.115	0.849	0.178	0.080	0.079	0.079	0.079	0.080	0.079	0.080	0.081	0.080	0.089	0.080	0.080	0.079
11:50:00	0.079	0.078	0.080	0.080	0.081	0.082	0.080	0.080	0.080	0.080	0.080	0.080	0.080	0.100	0.786	0.731	0.711	0.154	0.702	0.702	0.137	0.794	0.208	0.080	0.080	0.100	0.757	0.722	0.694	0.113	0.712	0.689	0.112	0.756	0.186	0.080	0.080	0.099	0.725	0.725	0.711	0.126	0.688	0.687	0.113	0.756	0.298	0.079	0.080	0.101	0.749	0.722	0.733	0.127	0.664	0.654	0.121	0.732	0.278	0.080	0.080	0.101	0.787	0.768	0.729	0.130	0.743	0.664	0.121	0.777	0.168	0.080	0.079	0.101	0.808	0.779	0.768	0.194	0.754	0.753	0.115	0.806	0.178	0.080	0.080	0.080	0.080	0.080	0.080	0.080	0.081	0.080	0.089	0.080	0.080	0.079
12:00:00	0.079	0.078	0.080	0.080	0.081	0.082	0.080	0.080	0.080	0.080	0.080	0.080	0.080	0.100	0.788	0.747	0.736	0.155	0.723	0.727	0.138	0.801	0.209	0.080	0.080	0.100	0.777	0.742	0.714	0.114	0.723	0.702	0.112	0.762	0.186	0.080	0.080	0.099	0.762	0.747	0.740	0.127	0.700	0.695	0.114	0.763	0.296	0.079	0.080	0.101	0.777	0.744	0.769	0.127	0.677	0.660	0.122	0.752	0.277	0.080	0.079	0.102	0.806	0.804	0.776	0.130	0.764	0.666	0.121	0.795	0.169	0.080	0.079	0.101	0.825	0.815	0.786	0.196	0.769	0.756	0.115	0.841	0.178	0.080	0.079	0.080	0.079	0.080	0.079	0.080	0.081	0.080	0.088	0.080	0.080	0.079
12:10:00	0.080	0.078	0.080	0.080	0.081	0.082	0.080	0.080	0.080	0.080	0.080	0.080	0.080	0.100	0.786	0.740	0.729	0.156	0.713	0.718	0.141	0.807	0.210	0.080	0.080	0.100	0.758	0.749	0.706	0.115	0.711	0.702	0.112	0.769	0.186	0.080	0.080	0.100	0.775	0.744	0.731	0.127	0.707	0.699	0.115	0.765	0.296	0.079	0.080	0.101	0.769	0.746	0.745	0.127	0.685	0.665	0.123	0.748	0.275	0.080	0.080	0.102	0.821	0.806	0.755	0.131	0.769	0.671	0.122	0.794	0.170	0.080	0.080	0.101	0.831	0.806	0.790	0.198	0.773	0.753	0.116	0.828	0.181	0.080	0.080	0.080	0.080	0.080	0.080	0.080	0.081	0.080	0.088	0.080	0.080	0.079
12:20:00	0.080	0.078	0.080	0.080	0.081	0.082	0.080	0.080	0.080	0.080	0.080	0.080	0.080	0.100	0.799	0.754	0.748	0.156	0.730	0.732	0.143	0.814	0.210	0.080	0.080	0.100	0.780	0.768	0.717	0.115	0.728	0.710	0.113	0.777	0.186	0.080	0.080	0.099	0.768	0.762	0.739	0.128	0.722	0.713	0.115	0.775	0.290	0.079	0.080	0.101	0.777	0.744	0.754	0.128	0.694	0.682	0.123	0.744	0.272	0.080	0.080	0.102	0.806	0.786	0.754	0.131	0.759	0.682	0.122	0.790	0.171	0.080	0.079	0.101	0.837	0.819	0.779	0.200	0.773	0.775	0.117	0.827	0.182	0.080	0.080	0.080	0.080	0.080	0.080	0.080	0.081	0.080	0.088	0.080	0.080	0.079
12:30:00	0.080	0.078	0.080	0.080	0.082	0.082	0.080	0.080	0.080	0.080	0.080	0.080	0.080	0.100	0.810	0.765	0.761	0.157	0.739	0.740	0.144	0.823	0.211	0.080	0.080	0.100	0.791	0.775	0.729	0.116	0.732	0.725	0.114	0.793	0.188	0.080	0.080	0.100	0.790	0.785	0.752	0.128	0.726	0.727	0.115	0.792	0.292	0.079	0.080	0.102	0.801	0.768	0.774	0.128	0.705	0.697	0.124	0.760	0.274	0.080	0.080	0.102	0.835	0.809	0.795	0.131	0.773	0.697	0.123	0.817	0.172	0.080	0.080	0.101	0.874	0.832	0.793	0.200	0.779	0.784	0.117	0.862	0.183	0.080	0.080	0.080	0.080	0.080	0.080	0.080	0.081	0.080	0.089	0.080	0.080	0.080
12:40:00	0.079	0.078	0.080	0.080	0.081	0.082	0.080	0.080	0.079	0.080	0.080	0.080	0.080	0.100	0.814	0.767	0.760	0.158	0.730	0.750	0.145	0.828	0.211	0.080	0.080	0.100	0.776	0.754	0.724	0.116	0.728	0.718	0.114	0.783	0.188	0.079	0.080	0.100	0.765	0.768	0.741	0.129	0.720	0.727	0.114	0.780	0.288	0.079	0.080	0.102	0.787	0.761	0.754	0.129	0.711	0.707	0.123	0.755	0.275	0.080	0.080	0.102	0.819	0.801	0.774	0.133	0.767	0.696	0.123	0.802	0.171	0.080	0.079	0.102	0.853	0.812	0.796	0.201	0.771	0.779	0.117	0.837	0.183	0.079	0.080	0.080	0.080	0.080	0.079	0.080	0.081	0.080	0.088	0.080	0.080	0.079
12:50:01	0.080	0.078	0.080	0.080	0.082	0.082	0.080	0.080	0.079	0.080	0.080	0.080	0.080	0.100	0.849	0.794	0.783	0.159	0.750	0.783	0.148	0.841	0.212	0.080	0.080	0.100	0.806	0.783	0.744	0.117	0.743	0.725	0.115	0.798	0.188	0.079	0.080	0.100	0.779	0.805	0.758	0.130	0.746	0.736	0.114	0.794	0.285	0.079	0.080	0.102	0.808	0.772	0.772	0.130	0.715	0.717	0.124	0.776	0.274	0.080	0.080	0.102	0.818	0.833	0.792	0.132	0.783	0.697	0.123	0.817	0.172	0.080	0.080	0.102	0.864	0.847	0.809	0.201	0.782	0.792	0.119	0.867	0.184	0.080	0.080	0.080	0.080	0.080	0.080	0.080	0.081	0.080	0.088	0.080	0.080	0.079
13:00:00	0.079	0.078	0.080	0.080	0.081	0.082	0.080	0.080	0.079	0.080	0.080	0.080	0.079	0.100	0.846	0.795	0.780	0.160	0.764	0.790	0.148	0.847	0.212	0.080	0.080	0.100	0.803	0.786	0.758	0.117	0.763	0.744	0.115	0.800	0.188	0.079	0.080	0.099	0.789	0.796	0.774	0.130	0.766	0.740	0.114	0.818	0.280	0.079	0.080	0.101	0.807	0.780	0.776	0.130	0.718	0.724	0.124	0.791	0.271	0.080	0.079	0.101	0.843	0.850	0.804	0.133	0.791	0.699	0.123	0.842	0.172	0.080	0.079	0.101	0.879	0.844	0.828	0.201	0.797	0.801	0.119	0.878	0.182	0.080	0.080	0.080	0.080	0.080	0.080	0.080	0.081	0.080	0.087	0.080	0.080	0.079
13:10:00	0.079	0.078	0.080	0.080	0.081	0.082	0.080	0.079	0.079	0.080	0.080	0.080	0.080	0.100	0.842	0.787	0.770	0.161	0.759	0.762	0.151	0.851	0.213	0.080	0.080	0.100	0.799	0.771	0.749	0.118	0.749	0.733	0.117	0.788	0.188	0.079	0.080	0.099	0.773	0.778	0.758	0.130	0.755	0.739	0.114	0.799	0.277	0.079	0.080	0.101	0.793	0.773	0.762	0.130	0.718	0.727	0.124	0.766	0.275	0.080	0.080	0.101	0.827	0.819	0.783	0.134	0.778	0.701	0.123	0.816	0.172	0.080	0.080	0.101	0.859	0.821	0.817	0.201	0.793	0.794	0.120	0.842	0.183	0.080	0.080	0.080	0.080	0.080	0.080	0.080	0.081	0.080	0.088	0.080	0.080	0.079
13:20:01	0.080	0.078	0.080	0.080	0.082	0.082	0.081	0.080	0.079	0.080	0.080	0.080	0.080	0.100	0.851	0.804	0.799	0.162	0.773	0.776	0.152	0.855	0.214	0.080	0.080	0.100	0.839	0.793	0.774	0.118	0.759	0.750	0.118	0.790	0.188	0.079	0.080	0.100	0.791	0.807	0.783	0.130	0.752	0.751	0.114	0.804	0.274	0.079	0.080	0.101	0.819	0.796	0.805	0.131	0.731	0.736	0.125	0.790	0.282	0.080	0.080	0.102	0.848	0.839	0.819	0.135	0.792	0.712	0.124	0.837	0.173	0.080	0.080	0.101	0.874	0.861	0.832	0.201	0.822	0.800	0.121	0.872	0.183	0.080	0.080	0.080	0.080	0.080	0.080	0.080	0.081	0.080	0.089	0.080	0.080	0.079
13:30:01	0.079	0.078	0.080	0.080	0.081	0.082	0.080	0.079	0.079	0.080	0.080	0.080	0.080	0.100	0.838	0.802	0.796	0.163	0.769	0.766	0.153	0.861	0.213	0.080	0.080	0.099	0.815	0.802	0.768	0.119	0.770	0.761	0.118	0.798	0.189	0.079	0.079	0.099	0.793	0.801	0.782	0.131	0.750	0.750	0.114	0.820	0.260	0.079	0.079	0.101	0.821	0.786	0.793	0.132	0.738	0.739	0.125	0.793	0.277	0.080	0.080	0.101	0.860	0.843	0.801	0.135	0.799	0.718	0.124	0.850	0.171	0.080	0.079	0.101	0.886	0.844	0.846	0.201	0.823	0.813	0.122	0.880	0.181	0.079	0.079	0.079	0.079	0.080	0.079	0.080	0.081	0.080	0.088	0.080	0.080	0.079
13:40:01	0.080	0.078	0.080	0.080	0.082	0.082	0.080	0.079	0.079	0.080	0.080	0.080	0.080	0.100	0.863	0.818	0.796	0.164	0.774	0.788	0.154	0.874	0.216	0.080	0.080	0.100	0.825	0.790	0.758	0.120	0.771	0.756	0.119	0.802	0.189	0.079	0.080	0.100	0.800	0.789	0.777	0.132	0.759	0.756	0.115	0.816	0.260	0.079	0.080	0.101	0.819	0.789	0.788	0.133	0.748	0.751	0.126	0.787	0.273	0.080	0.080	0.102	0.850	0.828	0.788	0.136	0.797	0.729	0.124	0.829	0.171	0.080	0.080	0.101	0.872	0.847	0.839	0.202	0.817	0.818	0.124	0.859	0.182	0.080	0.080	0.080	0.080	0.080	0.080	0.080	0.081	0.080	0.089	0.080	0.080	0.079
13:50:01	0.080	0.078	0.080	0.080	0.081	0.082	0.080	0.079	0.079	0.080	0.080	0.080	0.080	0.100	0.864	0.839	0.811	0.165	0.787	0.808	0.153	0.883	0.214	0.080	0.080	0.100	0.857	0.817	0.783	0.120	0.784	0.759	0.120	0.822	0.188	0.079	0.080	0.099	0.829	0.815	0.786	0.132	0.770	0.769	0.115	0.834	0.257	0.079	0.080	0.101	0.840	0.813	0.819	0.133	0.753	0.758	0.127	0.799	0.272	0.080	0.080	0.101	0.873	0.846	0.813	0.138	0.819	0.743	0.125	0.854	0.171	0.080	0.079	0.101	0.902	0.873	0.852	0.202	0.836	0.824	0.125	0.885	0.181	0.080	0.080	0.080	0.080	0.080	0.080	0.080	0.081	0.080	0.089	0.080	0.080	0.079
14:00:01	0.080	0.078	0.080	0.080	0.082	0.082	0.081	0.080	0.079	0.080	0.080	0.080	0.080	0.100	0.856	0.816	0.805	0.166	0.777	0.796	0.154	0.880	0.216	0.080	0.081	0.100	0.823	0.809	0.774	0.121	0.776	0.755	0.121	0.815	0.190	0.079	0.080	0.100	0.828	0.806	0.782	0.133	0.772	0.767	0.115	0.828	0.260	0.079	0.080	0.101	0.837	0.812	0.804	0.136	0.754	0.758	0.127	0.794	0.275	0.080	0.080	0.102	0.871	0.841	0.805	0.139	0.809	0.748	0.125	0.843	0.172	0.080	0.080	0.101	0.890	0.859	0.859	0.203	0.829	0.824	0.126	0.883	0.183	0.080	0.080	0.080	0.080	0.080	0.080	0.080	0.082	0.080	0.088	0.080	0.080	0.079
14:10:01	0.080	0.078	0.080	0.080	0.082	0.082	0.080	0.080	0.079	0.080	0.080	0.080	0.080	0.100	0.881	0.840	0.828	0.167	0.793	0.803	0.154	0.884	0.216	0.080	0.080	0.100	0.849	0.822	0.796	0.122	0.796	0.777	0.121	0.829	0.191	0.079	0.080	0.100	0.833	0.830	0.799	0.133	0.790	0.777	0.116	0.833	0.257	0.080	0.080	0.101	0.848	0.820	0.812	0.137	0.762	0.767	0.127	0.810	0.272	0.080	0.080	0.102	0.874	0.842	0.826	0.140	0.819	0.757	0.125	0.854	0.172	0.080	0.080	0.101	0.891	0.864	0.862	0.204	0.833	0.846	0.127	0.898	0.184	0.080	0.080	0.080	0.080	0.080	0.080	0.080	0.082	0.080	0.088	0.080	0.080	0.080
14:20:01	0.080	0.078	0.080	0.080	0.082	0.082	0.081	0.080	0.079	0.080	0.080	0.080	0.080	0.100	0.888	0.845	0.845	0.169	0.802	0.810	0.153	0.887	0.216	0.079	0.081	0.100	0.846	0.833	0.803	0.123	0.804	0.786	0.122	0.836	0.190	0.079	0.080	0.100	0.849	0.837	0.821	0.134	0.790	0.788	0.116	0.854	0.259	0.079	0.080	0.102	0.868	0.824	0.827	0.138	0.769	0.776	0.127	0.824	0.280	0.080	0.080	0.102	0.891	0.859	0.842	0.141	0.835	0.763	0.125	0.875	0.173	0.080	0.080	0.101	0.903	0.882	0.877	0.206	0.847	0.846	0.127	0.914	0.184	0.080	0.080	0.080	0.080	0.080	0.080	0.080	0.081	0.080	0.089	0.080	0.080	0.079
14:30:01	0.080	0.078	0.080	0.080	0.082	0.082	0.081	0.080	0.079	0.080	0.080	0.080	0.080	0.100	0.874	0.834	0.831	0.169	0.798	0.811	0.153	0.890	0.217	0.079	0.081	0.100	0.831	0.809	0.786	0.123	0.791	0.788	0.123	0.830	0.193	0.079	0.080	0.100	0.841	0.814	0.810	0.135	0.792	0.789	0.117	0.845	0.257	0.079	0.080	0.102	0.851	0.818	0.810	0.139	0.772	0.773	0.127	0.815	0.279	0.080	0.080	0.102	0.872	0.849	0.816	0.141	0.826	0.767	0.125	0.856	0.175	0.081	0.080	0.101	0.895	0.866	0.872	0.205	0.844	0.845	0.128	0.884	0.185	0.080	0.080	0.080	0.080	0.080	0.080	0.080	0.082	0.080	0.089	0.080	0.080	0.080
14:40:01	0.079	0.078	0.080	0.080	0.081	0.081	0.080	0.079	0.079	0.080	0.079	0.080	0.080	0.100	0.885	0.861	0.843	0.171	0.812	0.833	0.152	0.898	0.217	0.079	0.080	0.100	0.863	0.831	0.811	0.123	0.800	0.798	0.122	0.832	0.192	0.079	0.080	0.099	0.852	0.846	0.820	0.134	0.801	0.802	0.116	0.850	0.255	0.079	0.080	0.101	0.870	0.829	0.833	0.140	0.781	0.783	0.128	0.829	0.273	0.080	0.080	0.102	0.879	0.868	0.837	0.141	0.837	0.779	0.126	0.869	0.174	0.080	0.079	0.101	0.910	0.883	0.879	0.206	0.853	0.853	0.128	0.907	0.187	0.080	0.080	0.080	0.080	0.080	0.080	0.080	0.081	0.080	0.087	0.080	0.080	0.079
14:50:01	0.079	0.078	0.080	0.080	0.081	0.082	0.080	0.080	0.079	0.080	0.079	0.080	0.080	0.100	0.882	0.859	0.837	0.172	0.810	0.822	0.151	0.899	0.218	0.079	0.080	0.100	0.855	0.839	0.807	0.124	0.803	0.793	0.123	0.830	0.192	0.079	0.080	0.099	0.853	0.840	0.823	0.135	0.799	0.805	0.117	0.855	0.255	0.079	0.080	0.101	0.872	0.839	0.836	0.140	0.785	0.782	0.128	0.827	0.278	0.080	0.080	0.101	0.890	0.874	0.843	0.143	0.835	0.786	0.126	0.875	0.173	0.080	0.080	0.101	0.915	0.883	0.890	0.208	0.853	0.850	0.129	0.913	0.186	0.080	0.080	0.080	0.080	0.080	0.080	0.080	0.081	0.080	0.088	0.080	0.080	0.080
15:00:01	0.080	0.078	0.080	0.080	0.082	0.082	0.081	0.080	0.079	0.080	0.079	0.080	0.080	0.100	0.894	0.854	0.842	0.173	0.816	0.826	0.151	0.910	0.218	0.080	0.081	0.100	0.858	0.826	0.812	0.124	0.820	0.792	0.123	0.836	0.191	0.079	0.080	0.099	0.853	0.836	0.817	0.135	0.807	0.811	0.117	0.861	0.250	0.079	0.080	0.101	0.870	0.843	0.830	0.141	0.790	0.790	0.129	0.821	0.279	0.080	0.080	0.101	0.878	0.859	0.828	0.143	0.832	0.790	0.126	0.862	0.172	0.081	0.080	0.101	0.911	0.884	0.891	0.214	0.852	0.855	0.130	0.892	0.187	0.080	0.080	0.080	0.080	0.080	0.080	0.080	0.082	0.080	0.087	0.080	0.080	0.080
15:10:01	0.079	0.078	0.080	0.080	0.082	0.082	0.081	0.080	0.079	0.080	0.079	0.080	0.080	0.100	0.899	0.865	0.856	0.175	0.829	0.840	0.151	0.914	0.217	0.080	0.081	0.100	0.876	0.837	0.829	0.126	0.830	0.796	0.123	0.847	0.192	0.080	0.080	0.099	0.872	0.856	0.825	0.136	0.812	0.818	0.117	0.862	0.247	0.079	0.080	0.101	0.895	0.849	0.844	0.142	0.793	0.798	0.129	0.836	0.276	0.080	0.080	0.101	0.891	0.873	0.855	0.144	0.848	0.799	0.127	0.882	0.174	0.081	0.080	0.101	0.922	0.903	0.901	0.216	0.869	0.869	0.131	0.924	0.186	0.080	0.080	0.080	0.080	0.080	0.080	0.080	0.081	0.080	0.087	0.080	0.080	0.079
15:20:01	0.079	0.078	0.080	0.080	0.081	0.082	0.080	0.080	0.079	0.080	0.079	0.080	0.080	0.100	0.894	0.857	0.854	0.176	0.829	0.834	0.149	0.916	0.218	0.079	0.080	0.099	0.856	0.832	0.821	0.125	0.816	0.788	0.123	0.837	0.191	0.079	0.080	0.099	0.867	0.841	0.823	0.136	0.807	0.818	0.117	0.868	0.249	0.079	0.080	0.101	0.892	0.846	0.839	0.142	0.792	0.796	0.130	0.834	0.278	0.080	0.080	0.101	0.897	0.877	0.842	0.145	0.840	0.801	0.127	0.867	0.174	0.080	0.079	0.101	0.922	0.893	0.907	0.217	0.857	0.872	0.133	0.916	0.188	0.080	0.080	0.080	0.080	0.080	0.080	0.080	0.081	0.080	0.088	0.080	0.079	0.079
15:30:01	0.079	0.078	0.080	0.080	0.082	0.082	0.080	0.080	0.079	0.080	0.079	0.080	0.080	0.100	0.912	0.870	0.878	0.177	0.836	0.853	0.150	0.928	0.217	0.079	0.080	0.100	0.883	0.842	0.833	0.126	0.824	0.805	0.123	0.846	0.192	0.079	0.080	0.099	0.875	0.855	0.838	0.136	0.821	0.825	0.118	0.884	0.252	0.079	0.080	0.101	0.893	0.858	0.845	0.143	0.803	0.803	0.131	0.845	0.279	0.080	0.080	0.101	0.897	0.877	0.848	0.145	0.847	0.809	0.127	0.877	0.172	0.081	0.080	0.101	0.932	0.905	0.908	0.221	0.866	0.887	0.135	0.912	0.186	0.080	0.080	0.080	0.080	0.080	0.080	0.080	0.081	0.080	0.088	0.080	0.080	0.079
15:40:01	0.080	0.078	0.080	0.080	0.082	0.082	0.081	0.080	0.079	0.080	0.079	0.080	0.080	0.100	0.914	0.878	0.892	0.179	0.843	0.861	0.150	0.929	0.218	0.079	0.081	0.100	0.886	0.862	0.843	0.127	0.830	0.808	0.124	0.850	0.193	0.079	0.080	0.099	0.892	0.874	0.852	0.136	0.826	0.829	0.118	0.902	0.248	0.079	0.080	0.101	0.907	0.866	0.862	0.144	0.808	0.807	0.131	0.855	0.281	0.080	0.080	0.101	0.913	0.897	0.865	0.146	0.860	0.814	0.127	0.903	0.173	0.081	0.080	0.101	0.948	0.920	0.922	0.225	0.884	0.883	0.137	0.925	0.185	0.080	0.080	0.080	0.080	0.080	0.080	0.080	0.082	0.080	0.088	0.080	0.080	0.080
15:50:01	0.080	0.078	0.080	0.080	0.082	0.082	0.081	0.080	0.080	0.080	0.079	0.080	0.080	0.100	0.908	0.874	0.872	0.180	0.836	0.858	0.150	0.933	0.219	0.079	0.081	0.100	0.859	0.847	0.830	0.127	0.824	0.810	0.124	0.849	0.192	0.079	0.080	0.099	0.885	0.848	0.846	0.137	0.826	0.825	0.117	0.884	0.253	0.079	0.080	0.101	0.897	0.863	0.845	0.145	0.811	0.807	0.131	0.844	0.287	0.080	0.080	0.102	0.906	0.883	0.851	0.147	0.847	0.814	0.127	0.880	0.177	0.081	0.080	0.101	0.936	0.902	0.917	0.225	0.880	0.880	0.138	0.906	0.186	0.080	0.080	0.080	0.080	0.080	0.080	0.080	0.082	0.080	0.087	0.080	0.080	0.080
16:00:01	0.080	0.078	0.080	0.080	0.082	0.082	0.081	0.080	0.080	0.080	0.079	0.080	0.080	0.100	0.924	0.894	0.888	0.183	0.848	0.864	0.151	0.943	0.219	0.080	0.081	0.100	0.896	0.858	0.843	0.128	0.829	0.816	0.125	0.859	0.193	0.079	0.080	0.100	0.902	0.858	0.860	0.138	0.831	0.830	0.118	0.886	0.252	0.079	0.080	0.101	0.912	0.876	0.852	0.146	0.819	0.815	0.131	0.862	0.288	0.080	0.080	0.102	0.916	0.888	0.865	0.147	0.852	0.817	0.128	0.891	0.175	0.080	0.080	0.101	0.947	0.912	0.922	0.228	0.891	0.893	0.141	0.931	0.185	0.080	0.080	0.080	0.080	0.080	0.080	0.080	0.082	0.080	0.087	0.080	0.080	0.080
16:10:01	0.080	0.078	0.080	0.080	0.082	0.082	0.081	0.080	0.080	0.080	0.079	0.080	0.080	0.100	0.925	0.894	0.890	0.185	0.854	0.873	0.152	0.945	0.219	0.080	0.081	0.100	0.888	0.866	0.855	0.129	0.839	0.821	0.125	0.864	0.194	0.079	0.080	0.099	0.912	0.866	0.868	0.138	0.833	0.835	0.119	0.897	0.251	0.079	0.080	0.102	0.916	0.884	0.860	0.146	0.824	0.821	0.131	0.870	0.291	0.080	0.080	0.102	0.925	0.904	0.876	0.148	0.864	0.820	0.128	0.900	0.175	0.080	0.080	0.101	0.963	0.926	0.934	0.231	0.895	0.899	0.142	0.950	0.186	0.080	0.080	0.080	0.080	0.080	0.080	0.080	0.081	0.080	0.087	0.080	0.080	0.080
16:20:01	0.080	0.078	0.080	0.080	0.082	0.082	0.081	0.080	0.080	0.080	0.079	0.080	0.080	0.100	0.921	0.880	0.876	0.188	0.848	0.868	0.153	0.948	0.220	0.080	0.081	0.100	0.872	0.855	0.848	0.129	0.837	0.827	0.124	0.855	0.194	0.079	0.080	0.100	0.899	0.854	0.856	0.138	0.834	0.838	0.119	0.890	0.253	0.079	0.080	0.101	0.904	0.878	0.852	0.147	0.831	0.826	0.132	0.854	0.295	0.080	0.080	0.102	0.907	0.888	0.857	0.148	0.851	0.821	0.128	0.883	0.176	0.080	0.080	0.101	0.947	0.908	0.929	0.231	0.891	0.897	0.144	0.917	0.185	0.080	0.080	0.080	0.080	0.080	0.080	0.080	0.082	0.080	0.087	0.080	0.080	0.080
16:30:01	0.079	0.078	0.080	0.080	0.082	0.082	0.081	0.080	0.079	0.079	0.079	0.080	0.080	0.100	0.926	0.901	0.889	0.192	0.860	0.870	0.154	0.959	0.220	0.079	0.080	0.100	0.893	0.866	0.862	0.130	0.838	0.830	0.124	0.856	0.194	0.079	0.080	0.099	0.911	0.875	0.866	0.138	0.844	0.848	0.120	0.905	0.252	0.079	0.080	0.101	0.925	0.893	0.871	0.148	0.840	0.830	0.133	0.868	0.296	0.080	0.080	0.101	0.922	0.916	0.871	0.149	0.868	0.829	0.129	0.896	0.177	0.080	0.080	0.101	0.971	0.937	0.944	0.236	0.906	0.907	0.146	0.936	0.187	0.080	0.079	0.080	0.080	0.080	0.080	0.080	0.081	0.080	0.087	0.080	0.080	0.079
16:40:01	0.079	0.078	0.080	0.080	0.081	0.082	0.080	0.080	0.079	0.079	0.079	0.080	0.080	0.100	0.928	0.901	0.900	0.193	0.875	0.874	0.154	0.958	0.221	0.080	0.080	0.100	0.896	0.872	0.874	0.129	0.845	0.826	0.124	0.868	0.195	0.079	0.080	0.099	0.920	0.880	0.870	0.138	0.850	0.848	0.120	0.918	0.252	0.079	0.080	0.101	0.936	0.899	0.880	0.148	0.843	0.831	0.134	0.871	0.299	0.080	0.080	0.101	0.930	0.912	0.880	0.149	0.875	0.833	0.129	0.909	0.177	0.080	0.080	0.101	0.964	0.931	0.956	0.236	0.909	0.913	0.147	0.959	0.188	0.080	0.079	0.080	0.080	0.080	0.080	0.080	0.081	0.080	0.086	0.080	0.080	0.079
16:50:01	0.080	0.078	0.080	0.080	0.082	0.082	0.081	0.079	0.080	0.080	0.079	0.080	0.080	0.100	0.918	0.890	0.885	0.197	0.868	0.862	0.154	0.953	0.220	0.080	0.081	0.100	0.879	0.859	0.860	0.130	0.843	0.820	0.125	0.864	0.196	0.079	0.080	0.099	0.905	0.860	0.861	0.137	0.849	0.845	0.121	0.906	0.247	0.079	0.080	0.101	0.916	0.899	0.854	0.148	0.844	0.831	0.134	0.855	0.299	0.080	0.080	0.101	0.910	0.888	0.863	0.150	0.859	0.837	0.130	0.896	0.176	0.080	0.080	0.101	0.947	0.911	0.948	0.237	0.903	0.913	0.148	0.927	0.187	0.080	0.080	0.080	0.080	0.080	0.080	0.080	0.082	0.080	0.087	0.080	0.080	0.079
17:00:01	0.080	0.078	0.080	0.080	0.082	0.082	0.081	0.079	0.080	0.080	0.079	0.080	0.080	0.100	0.937	0.905	0.893	0.198	0.875	0.877	0.156	0.959	0.220	0.080	0.081	0.100	0.891	0.866	0.872	0.130	0.854	0.837	0.125	0.872	0.196	0.079	0.080	0.099	0.916	0.876	0.872	0.138	0.856	0.847	0.122	0.914	0.249	0.079	0.080	0.101	0.926	0.908	0.869	0.149	0.852	0.836	0.135	0.863	0.297	0.080	0.080	0.101	0.918	0.891	0.867	0.150	0.863	0.842	0.131	0.901	0.177	0.080	0.080	0.101	0.956	0.915	0.947	0.239	0.908	0.920	0.149	0.934	0.186	0.080	0.080	0.080	0.080	0.080	0.080	0.080	0.082	0.080	0.086	0.080	0.080	0.080
17:10:01	0.079	0.078	0.080	0.080	0.081	0.082	0.080	0.079	0.080	0.080	0.079	0.080	0.080	0.100	0.945	0.907	0.905	0.197	0.881	0.882	0.156	0.960	0.219	0.080	0.080	0.099	0.903	0.870	0.889	0.131	0.852	0.844	0.125	0.877	0.197	0.079	0.080	0.099	0.937	0.895	0.879	0.137	0.856	0.849	0.123	0.927	0.245	0.079	0.080	0.101	0.952	0.921	0.883	0.149	0.857	0.839	0.135	0.869	0.294	0.080	0.080	0.101	0.944	0.901	0.873	0.151	0.880	0.843	0.131	0.916	0.177	0.080	0.079	0.101	0.974	0.938	0.959	0.241	0.915	0.921	0.150	0.949	0.186	0.079	0.079	0.080	0.080	0.080	0.080	0.080	0.081	0.080	0.087	0.080	0.080	0.079
17:20:01	0.080	0.078	0.080	0.080	0.082	0.082	0.081	0.079	0.080	0.080	0.079	0.080	0.080	0.100	0.943	0.903	0.902	0.198	0.874	0.877	0.156	0.965	0.219	0.080	0.081	0.100	0.894	0.866	0.880	0.131	0.853	0.842	0.125	0.875	0.197	0.079	0.080	0.099	0.927	0.878	0.874	0.138	0.857	0.851	0.123	0.920	0.246	0.079	0.080	0.101	0.939	0.913	0.870	0.150	0.857	0.842	0.136	0.864	0.299	0.080	0.080	0.101	0.932	0.893	0.866	0.152	0.864	0.845	0.133	0.906	0.177	0.080	0.080	0.101	0.966	0.924	0.952	0.242	0.909	0.918	0.151	0.936	0.184	0.080	0.080	0.080	0.080	0.080	0.080	0.080	0.082	0.080	0.088	0.080	0.080	0.080
17:30:01	0.080	0.078	0.080	0.080	0.082	0.082	0.080	0.079	0.080	0.080	0.079	0.080	0.080	0.100	0.954	0.919	0.917	0.200	0.874	0.886	0.157	0.970	0.219	0.080	0.081	0.099	0.921	0.877	0.885	0.132	0.854	0.849	0.126	0.878	0.196	0.079	0.080	0.099	0.933	0.900	0.887	0.138	0.860	0.856	0.124	0.925	0.246	0.079	0.080	0.101	0.948	0.922	0.882	0.150	0.862	0.845	0.136	0.883	0.300	0.080	0.080	0.101	0.949	0.911	0.880	0.152	0.881	0.850	0.134	0.911	0.177	0.080	0.080	0.101	0.985	0.944	0.966	0.244	0.923	0.924	0.152	0.959	0.184	0.079	0.080	0.080	0.080	0.080	0.080	0.080	0.081	0.080	0.088	0.080	0.080	0.079
17:40:01	0.080	0.078	0.080	0.080	0.082	0.082	0.081	0.080	0.080	0.080	0.079	0.080	0.080	0.100	0.942	0.911	0.910	0.203	0.879	0.889	0.158	0.970	0.221	0.080	0.081	0.100	0.903	0.878	0.885	0.133	0.851	0.839	0.126	0.871	0.196	0.080	0.080	0.099	0.931	0.883	0.887	0.140	0.861	0.858	0.125	0.921	0.245	0.079	0.081	0.101	0.948	0.917	0.876	0.151	0.864	0.842	0.137	0.879	0.301	0.080	0.080	0.101	0.943	0.904	0.878	0.153	0.870	0.851	0.135	0.907	0.178	0.080	0.080	0.101	0.978	0.939	0.966	0.246	0.918	0.921	0.152	0.961	0.187	0.080	0.080	0.080	0.080	0.080	0.080	0.080	0.082	0.080	0.088	0.080	0.080	0.080
17:50:01	0.080	0.078	0.080	0.080	0.082	0.082	0.081	0.080	0.080	0.080	0.080	0.080	0.080	0.100	0.956	0.918	0.921	0.205	0.890	0.901	0.158	0.974	0.221	0.080	0.081	0.100	0.907	0.886	0.899	0.134	0.861	0.849	0.127	0.883	0.197	0.079	0.080	0.099	0.937	0.892	0.894	0.140	0.870	0.860	0.125	0.927	0.245	0.079	0.080	0.101	0.948	0.918	0.882	0.152	0.871	0.844	0.138	0.886	0.300	0.080	0.080	0.101	0.937	0.904	0.885	0.154	0.874	0.857	0.136	0.909	0.177	0.081	0.080	0.101	0.980	0.940	0.966	0.248	0.925	0.932	0.154	0.951	0.187	0.080	0.080	0.080	0.080	0.080	0.080	0.080	0.082	0.080	0.088	0.081	0.080	0.080
18:00:01	0.080	0.078	0.080	0.080	0.082	0.082	0.081	0.080	0.080	0.080	0.079	0.080	0.080	0.100	0.956	0.939	0.929	0.207	0.887	0.909	0.159	0.980	0.221	0.079	0.080	0.100	0.928	0.895	0.907	0.134	0.862	0.847	0.127	0.887	0.196	0.079	0.080	0.099	0.958	0.909	0.902	0.141	0.867	0.866	0.127	0.932	0.247	0.079	0.080	0.101	0.963	0.922	0.893	0.153	0.872	0.846	0.139	0.899	0.302	0.080	0.080	0.101	0.954	0.918	0.897	0.154	0.882	0.862	0.137	0.918	0.176	0.080	0.080	0.101	0.991	0.953	0.975	0.251	0.935	0.939	0.154	0.970	0.187	0.080	0.080	0.080	0.080	0.080	0.080	0.080	0.082	0.080	0.086	0.080	0.080	0.080
18:10:01	0.080	0.078	0.080	0.080	0.082	0.082	0.081	0.080	0.080	0.080	0.079	0.080	0.080	0.100	0.955	0.927	0.927	0.208	0.886	0.898	0.159	0.980	0.221	0.079	0.081	0.100	0.909	0.888	0.894	0.135	0.855	0.844	0.128	0.889	0.199	0.079	0.080	0.099	0.948	0.898	0.900	0.139	0.862	0.860	0.128	0.931	0.246	0.079	0.080	0.101	0.950	0.927	0.886	0.152	0.865	0.845	0.139	0.892	0.300	0.080	0.080	0.101	0.934	0.904	0.893	0.154	0.870	0.861	0.138	0.913	0.180	0.080	0.080	0.101	0.976	0.937	0.976	0.253	0.935	0.937	0.155	0.954	0.188	0.080	0.080	0.080	0.080	0.080	0.080	0.080	0.082	0.080	0.087	0.080	0.080	0.080
18:20:01	0.079	0.078	0.080	0.080	0.082	0.082	0.081	0.079	0.080	0.080	0.079	0.080	0.080	0.100	0.957	0.946	0.944	0.204	0.897	0.896	0.159	0.986	0.223	0.079	0.080	0.100	0.922	0.900	0.899	0.136	0.859	0.852	0.128	0.896	0.200	0.079	0.080	0.099	0.954	0.915	0.908	0.140	0.865	0.863	0.128	0.941	0.248	0.079	0.080	0.101	0.959	0.929	0.896	0.153	0.869	0.848	0.140	0.896	0.300	0.080	0.080	0.101	0.940	0.918	0.911	0.155	0.879	0.863	0.139	0.920	0.181	0.080	0.080	0.101	0.987	0.951	0.979	0.256	0.943	0.945	0.157	0.984	0.189	0.080	0.080	0.080	0.080	0.080	0.080	0.080	0.081	0.080	0.086	0.080	0.080	0.080
18:30:01	0.080	0.078	0.080	0.080	0.082	0.082	0.081	0.080	0.080	0.080	0.079	0.080	0.080	0.100	0.950	0.936	0.941	0.202	0.894	0.889	0.159	0.990	0.224	0.080	0.080	0.100	0.907	0.895	0.896	0.137	0.853	0.850	0.129	0.893	0.199	0.079	0.080	0.099	0.952	0.902	0.903	0.140	0.867	0.863	0.129	0.941	0.250	0.079	0.080	0.101	0.951	0.926	0.890	0.154	0.871	0.848	0.141	0.889	0.300	0.080	0.080	0.101	0.948	0.915	0.902	0.156	0.875	0.864	0.139	0.915	0.180	0.081	0.080	0.101	0.988	0.944	0.979	0.257	0.938	0.943	0.158	0.970	0.191	0.080	0.080	0.080	0.080	0.080	0.080	0.080	0.082	0.080	0.086	0.080	0.080	0.080
18:40:01	0.080	0.078	0.080	0.080	0.082	0.082	0.081	0.080	0.080	0.080	0.079	0.080	0.080	0.100	0.963	0.943	0.947	0.204	0.899	0.903	0.160	0.992	0.223	0.080	0.081	0.100	0.924	0.900	0.908	0.137	0.866	0.863	0.130	0.896	0.199	0.080	0.080	0.099	0.945	0.901	0.906	0.140	0.878	0.865	0.130	0.942	0.250	0.079	0.080	0.101	0.953	0.929	0.902	0.155	0.869	0.854	0.142	0.895	0.297	0.080	0.080	0.101	0.942	0.910	0.901	0.156	0.879	0.865	0.140	0.924	0.181	0.081	0.080	0.101	0.992	0.948	0.984	0.262	0.942	0.950	0.159	0.968	0.190	0.080	0.080	0.080	0.080	0.080	0.080	0.080	0.082	0.080	0.086	0.080	0.080	0.080
18:50:01	0.080	0.078	0.080	0.080	0.082	0.082	0.081	0.080	0.080	0.080	0.080	0.080	0.080	0.100	0.968	0.944	0.951	0.213	0.903	0.905	0.161	0.997	0.223	0.080	0.081	0.100	0.931	0.914	0.924	0.138	0.863	0.875	0.131	0.901	0.199	0.080	0.080	0.099	0.961	0.915	0.914	0.140	0.875	0.867	0.131	0.955	0.251	0.079	0.081	0.101	0.970	0.934	0.912	0.157	0.867	0.854	0.143	0.904	0.297	0.080	0.080	0.101	0.946	0.915	0.913	0.155	0.888	0.864	0.141	0.928	0.181	0.081	0.080	0.101	1.005	0.968	0.987	0.266	0.953	0.946	0.160	0.985	0.188	0.080	0.080	0.080	0.080	0.080	0.080	0.080	0.082	0.080	0.085	0.080	0.080	0.079
19:00:01	0.080	0.078	0.080	0.080	0.082	0.082	0.081	0.080	0.080	0.080	0.080	0.080	0.080	0.100	0.962	0.930	0.937	0.223	0.907	0.910	0.162	0.995	0.223	0.080	0.080	0.099	0.912	0.898	0.917	0.139	0.859	0.864	0.131	0.899	0.197	0.079	0.080	0.099	0.954	0.901	0.906	0.139	0.873	0.866	0.132	0.945	0.252	0.079	0.080	0.101	0.961	0.922	0.893	0.157	0.867	0.858	0.144	0.896	0.296	0.080	0.080	0.101	0.942	0.908	0.906	0.155	0.873	0.867	0.142	0.926	0.180	0.081	0.080	0.101	0.996	0.948	0.983	0.264	0.939	0.943	0.161	0.966	0.188	0.080	0.080	0.080	0.080	0.080	0.080	0.080	0.082	0.080	0.086	0.080	0.080	0.079
19:10:01	0.080	0.078	0.080	0.080	0.082	0.082	0.081	0.080	0.079	0.080	0.079	0.080	0.080	0.100	0.969	0.940	0.943	0.224	0.911	0.912	0.163	0.990	0.223	0.080	0.081	0.100	0.931	0.898	0.919	0.140	0.865	0.858	0.132	0.899	0.198	0.079	0.080	0.099	0.951	0.902	0.907	0.138	0.874	0.867	0.133	0.938	0.252	0.079	0.081	0.101	0.962	0.925	0.894	0.158	0.866	0.862	0.145	0.896	0.294	0.080	0.080	0.101	0.943	0.907	0.903	0.155	0.871	0.869	0.143	0.924	0.182	0.081	0.080	0.101	0.997	0.956	0.979	0.261	0.940	0.948	0.162	0.963	0.188	0.080	0.080	0.080	0.080	0.080	0.080	0.080	0.082	0.080	0.087	0.080	0.080	0.079
19:20:01	0.080	0.078	0.080	0.080	0.082	0.082	0.081	0.080	0.079	0.080	0.080	0.080	0.080	0.100	0.975	0.968	0.968	0.230	0.908	0.920	0.166	0.991	0.224	0.080	0.081	0.100	0.943	0.915	0.933	0.141	0.872	0.862	0.133	0.908	0.200	0.079	0.080	0.099	0.965	0.914	0.915	0.138	0.881	0.869	0.134	0.952	0.252	0.079	0.081	0.101	0.973	0.937	0.914	0.159	0.869	0.861	0.146	0.909	0.293	0.080	0.080	0.101	0.960	0.920	0.914	0.156	0.883	0.874	0.144	0.940	0.180	0.081	0.080	0.101	1.006	0.969	0.985	0.263	0.950	0.955	0.163	0.993	0.189	0.080	0.080	0.080	0.080	0.080	0.080	0.080	0.082	0.080	0.087	0.080	0.080	0.080
19:30:01	0.080	0.078	0.080	0.080	0.082	0.082	0.081	0.080	0.079	0.080	0.079	0.080	0.080	0.100	0.971	0.955	0.961	0.227	0.910	0.918	0.169	0.993	0.223	0.079	0.081	0.100	0.929	0.923	0.934	0.141	0.876	0.862	0.134	0.907	0.201	0.079	0.080	0.099	0.972	0.916	0.911	0.136	0.880	0.871	0.134	0.953	0.253	0.079	0.080	0.101	0.973	0.945	0.910	0.159	0.868	0.859	0.147	0.914	0.286	0.080	0.080	0.101	0.960	0.928	0.925	0.156	0.891	0.877	0.146	0.941	0.178	0.081	0.080	0.101	1.008	0.975	0.990	0.263	0.955	0.956	0.164	0.999	0.188	0.080	0.080	0.080	0.080	0.080	0.080	0.080	0.082	0.080	0.087	0.080	0.080	0.079
19:40:01	0.079	0.078	0.080	0.080	0.082	0.082	0.081	0.080	0.079	0.080	0.080	0.080	0.080	0.100	0.968	0.945	0.947	0.230	0.907	0.901	0.172	0.991	0.223	0.080	0.081	0.100	0.921	0.902	0.919	0.141	0.872	0.860	0.135	0.903	0.202	0.080	0.080	0.099	0.955	0.894	0.906	0.136	0.875	0.870	0.135	0.948	0.253	0.079	0.080	0.101	0.959	0.931	0.890	0.160	0.869	0.854	0.148	0.903	0.290	0.080	0.080	0.101	0.947	0.907	0.912	0.155	0.876	0.878	0.147	0.928	0.180	0.081	0.080	0.101	1.000	0.954	0.986	0.266	0.945	0.946	0.165	0.971	0.190	0.080	0.080	0.080	0.080	0.080	0.080	0.080	0.082	0.080	0.087	0.080	0.080	0.080
19:50:01	0.079	0.078	0.080	0.080	0.082	0.082	0.081	0.080	0.079	0.080	0.080	0.080	0.080	0.100	0.997	0.958	0.962	0.231	0.920	0.908	0.176	0.997	0.225	0.080	0.081	0.100	0.942	0.902	0.930	0.142	0.871	0.864	0.135	0.909	0.202	0.080	0.080	0.099	0.962	0.913	0.910	0.136	0.876	0.872	0.135	0.957	0.253	0.079	0.081	0.101	0.971	0.936	0.908	0.160	0.872	0.854	0.149	0.913	0.288	0.080	0.080	0.101	0.957	0.914	0.914	0.156	0.888	0.880	0.147	0.933	0.182	0.080	0.080	0.101	1.014	0.968	0.989	0.269	0.951	0.951	0.167	0.979	0.190	0.080	0.080	0.080	0.080	0.080	0.080	0.080	0.082	0.080	0.086	0.080	0.080	0.080
20:00:01	0.080	0.078	0.080	0.080	0.082	0.082	0.081	0.080	0.079	0.080	0.080	0.080	0.080	0.100	0.977	0.958	0.965	0.231	0.918	0.910	0.181	0.999	0.226	0.080	0.081	0.100	0.939	0.910	0.935	0.143	0.876	0.864	0.136	0.915	0.203	0.080	0.080	0.099	0.969	0.918	0.914	0.136	0.877	0.873	0.136	0.958	0.252	0.079	0.081	0.101	0.976	0.942	0.914	0.160	0.874	0.855	0.150	0.912	0.286	0.080	0.080	0.101	0.961	0.920	0.919	0.157	0.887	0.882	0.148	0.938	0.183	0.080	0.080	0.101	1.020	0.974	0.993	0.272	0.954	0.946	0.168	0.997	0.192	0.080	0.080	0.080	0.081	0.080	0.080	0.081	0.082	0.081	0.087	0.080	0.080	0.080
20:10:01	0.079	0.078	0.080	0.080	0.082	0.082	0.081	0.080	0.079	0.080	0.079	0.080	0.079	0.100	0.972	0.951	0.955	0.232	0.911	0.906	0.185	0.998	0.224	0.079	0.080	0.099	0.930	0.901	0.925	0.144	0.875	0.862	0.136	0.911	0.202	0.079	0.080	0.099	0.962	0.902	0.905	0.134	0.877	0.870	0.135	0.950	0.252	0.079	0.080	0.101	0.965	0.926	0.898	0.159	0.875	0.856	0.151	0.909	0.282	0.080	0.080	0.101	0.950	0.908	0.913	0.157	0.876	0.884	0.149	0.934	0.180	0.080	0.080	0.101	1.006	0.952	0.995	0.277	0.956	0.946	0.169	0.979	0.191	0.080	0.080	0.080	0.080	0.080	0.080	0.080	0.082	0.080	0.087	0.080	0.080	0.079
20:20:01	0.079	0.078	0.080	0.080	0.082	0.082	0.081	0.080	0.079	0.080	0.079	0.080	0.079	0.100	0.977	0.962	0.968	0.230	0.912	0.916	0.189	1.001	0.225	0.079	0.080	0.099	0.943	0.907	0.941	0.144	0.875	0.874	0.137	0.908	0.202	0.079	0.080	0.099	0.965	0.921	0.914	0.134	0.879	0.873	0.135	0.955	0.253	0.079	0.080	0.100	0.977	0.932	0.908	0.159	0.873	0.855	0.153	0.923	0.284	0.080	0.080	0.101	0.963	0.922	0.916	0.158	0.894	0.881	0.151	0.941	0.182	0.080	0.080	0.101	1.019	0.970	0.996	0.283	0.956	0.951	0.170	0.994	0.191	0.080	0.080	0.080	0.080	0.080	0.080	0.080	0.082	0.080	0.086	0.080	0.080	0.080
20:30:01	0.080	0.079	0.080	0.081	0.082	0.082	0.081	0.080	0.079	0.080	0.080	0.080	0.080	0.100	0.969	0.960	0.958	0.230	0.904	0.923	0.190	1.003	0.227	0.079	0.081	0.100	0.934	0.906	0.932	0.146	0.876	0.873	0.137	0.905	0.202	0.079	0.080	0.099	0.963	0.910	0.913	0.136	0.877	0.874	0.137	0.960	0.253	0.079	0.080	0.101	0.972	0.934	0.903	0.159	0.873	0.855	0.153	0.915	0.287	0.080	0.080	0.101	0.960	0.920	0.911	0.159	0.882	0.880	0.151	0.939	0.183	0.080	0.080	0.101	1.020	0.965	0.994	0.292	0.951	0.945	0.171	0.995	0.192	0.080	0.080	0.080	0.080	0.080	0.080	0.080	0.082	0.080	0.086	0.080	0.080	0.080
20:40:01	0.080	0.078	0.080	0.080	0.082	0.082	0.081	0.080	0.079	0.080	0.080	0.080	0.080	0.100	0.986	0.962	0.962	0.230	0.915	0.918	0.191	1.001	0.226	0.079	0.080	0.099	0.947	0.909	0.932	0.147	0.878	0.866	0.138	0.914	0.200	0.079	0.080	0.099	0.963	0.908	0.910	0.137	0.880	0.872	0.137	0.959	0.256	0.079	0.080	0.101	0.971	0.937	0.910	0.159	0.879	0.854	0.155	0.921	0.285	0.080	0.080	0.101	0.956	0.913	0.912	0.162	0.875	0.882	0.153	0.944	0.182	0.080	0.080	0.101	1.016	0.965	0.994	0.303	0.960	0.951	0.173	0.993	0.191	0.080	0.080	0.080	0.080	0.080	0.080	0.080	0.082	0.080	0.086	0.080	0.079	0.079
20:50:01	0.079	0.078	0.080	0.080	0.082	0.082	0.081	0.080	0.079	0.080	0.079	0.080	0.080	0.099	0.993	0.969	0.971	0.232	0.919	0.920	0.194	0.999	0.226	0.079	0.080	0.099	0.963	0.921	0.944	0.148	0.871	0.872	0.139	0.916	0.200	0.079	0.080	0.099	0.976	0.925	0.917	0.138	0.878	0.873	0.137	0.965	0.256	0.079	0.080	0.101	0.985	0.941	0.919	0.160	0.875	0.859	0.157	0.929	0.282	0.080	0.080	0.101	0.970	0.926	0.916	0.164	0.885	0.884	0.155	0.947	0.182	0.080	0.080	0.101	1.031	0.981	1.000	0.310	0.963	0.956	0.174	1.016	0.190	0.080	0.080	0.080	0.080	0.080	0.080	0.080	0.082	0.080	0.088	0.080	0.080	0.079
21:00:01	0.079	0.078	0.080	0.080	0.082	0.082	0.081	0.080	0.079	0.080	0.079	0.080	0.080	0.100	0.976	0.960	0.957	0.232	0.909	0.912	0.193	1.002	0.228	0.079	0.081	0.099	0.932	0.914	0.934	0.149	0.866	0.867	0.140	0.916	0.202	0.079	0.080	0.099	0.967	0.906	0.912	0.138	0.875	0.871	0.137	0.953	0.254	0.079	0.081	0.101	0.969	0.922	0.904	0.160	0.872	0.856	0.157	0.919	0.283	0.080	0.080	0.101	0.960	0.913	0.908	0.167	0.877	0.884	0.155	0.941	0.183	0.080	0.080	0.101	1.016	0.965	0.993	0.314	0.957	0.950	0.175	0.993	0.193	0.080	0.080	0.080	0.080	0.080	0.080	0.080	0.082	0.080	0.088	0.080	0.080	0.080
21:10:01	0.079	0.079	0.080	0.081	0.082	0.082	0.081	0.080	0.079	0.080	0.079	0.080	0.080	0.100	1.000	0.979	0.964	0.235	0.920	0.919	0.194	1.007	0.229	0.079	0.081	0.100	0.953	0.914	0.947	0.150	0.871	0.868	0.141	0.921	0.204	0.079	0.080	0.099	0.972	0.912	0.922	0.140	0.874	0.870	0.137	0.962	0.253	0.079	0.081	0.101	0.978	0.924	0.913	0.162	0.872	0.855	0.160	0.929	0.281	0.080	0.080	0.101	0.957	0.915	0.913	0.172	0.878	0.885	0.157	0.956	0.184	0.080	0.080	0.101	1.018	0.977	0.999	0.322	0.958	0.952	0.177	1.003	0.194	0.080	0.080	0.080	0.080	0.080	0.080	0.081	0.082	0.080	0.088	0.081	0.080	0.080
21:20:01	0.079	0.079	0.080	0.081	0.082	0.082	0.081	0.080	0.080	0.080	0.079	0.080	0.080	0.100	0.979	0.969	0.960	0.239	0.917	0.921	0.194	1.004	0.230	0.080	0.081	0.100	0.939	0.913	0.939	0.150	0.875	0.876	0.141	0.915	0.205	0.080	0.080	0.099	0.965	0.908	0.919	0.143	0.872	0.869	0.137	0.961	0.254	0.079	0.081	0.101	0.974	0.925	0.915	0.162	0.870	0.857	0.161	0.925	0.282	0.080	0.080	0.101	0.963	0.918	0.917	0.178	0.878	0.887	0.158	0.952	0.184	0.081	0.080	0.101	1.025	0.968	1.001	0.328	0.953	0.948	0.179	1.009	0.195	0.080	0.080	0.081	0.081	0.080	0.080	0.081	0.082	0.080	0.087	0.081	0.080	0.080
21:30:01	0.079	0.078	0.080	0.081	0.082	0.082	0.081	0.080	0.080	0.080	0.079	0.080	0.080	0.100	0.989	0.967	0.963	0.250	0.923	0.915	0.196	1.004	0.230	0.080	0.081	0.100	0.944	0.900	0.929	0.152	0.874	0.861	0.142	0.917	0.205	0.080	0.080	0.099	0.964	0.900	0.914	0.145	0.871	0.863	0.137	0.958	0.248	0.079	0.081	0.101	0.966	0.926	0.911	0.162	0.868	0.857	0.164	0.923	0.282	0.080	0.080	0.101	0.955	0.907	0.913	0.183	0.874	0.881	0.159	0.948	0.184	0.081	0.080	0.101	1.018	0.960	0.995	0.329	0.949	0.950	0.181	0.994	0.196	0.080	0.080	0.080	0.081	0.080	0.080	0.081	0.082	0.080	0.087	0.081	0.080	0.079
21:40:01	0.079	0.079	0.080	0.080	0.082	0.082	0.081	0.079	0.079	0.080	0.079	0.080	0.080	0.100	0.993	0.976	0.983	0.259	0.931	0.920	0.201	1.005	0.230	0.079	0.081	0.100	0.961	0.902	0.938	0.153	0.867	0.872	0.143	0.921	0.206	0.079	0.080	0.099	0.977	0.911	0.921	0.146	0.875	0.864	0.137	0.967	0.252	0.079	0.080	0.101	0.982	0.933	0.927	0.164	0.868	0.857	0.171	0.940	0.279	0.080	0.080	0.101	0.964	0.912	0.915	0.184	0.876	0.881	0.161	0.953	0.184	0.080	0.080	0.101	1.029	0.980	0.997	0.334	0.955	0.954	0.183	1.012	0.196	0.080	0.080	0.080	0.080	0.080	0.080	0.080	0.081	0.080	0.088	0.080	0.080	0.079
21:50:01	0.079	0.078	0.080	0.081	0.082	0.082	0.081	0.079	0.079	0.080	0.079	0.080	0.080	0.100	0.982	0.962	0.966	0.274	0.917	0.927	0.206	1.004	0.233	0.080	0.081	0.099	0.932	0.896	0.926	0.153	0.860	0.868	0.143	0.916	0.207	0.079	0.080	0.099	0.960	0.896	0.915	0.148	0.877	0.863	0.138	0.961	0.257	0.079	0.081	0.101	0.964	0.919	0.909	0.165	0.868	0.858	0.172	0.927	0.284	0.080	0.080	0.101	0.958	0.903	0.918	0.188	0.869	0.881	0.160	0.946	0.187	0.080	0.080	0.101	1.021	0.964	0.992	0.337	0.953	0.944	0.185	1.002	0.197	0.080	0.079	0.080	0.080	0.080	0.080	0.080	0.081	0.080	0.087	0.080	0.080	0.079
22:00:01	0.079	0.078	0.080	0.080	0.082	0.082	0.081	0.079	0.079	0.080	0.079	0.080	0.080	0.100	0.984	0.962	0.982	0.286	0.917	0.928	0.213	1.009	0.233	0.080	0.081	0.099	0.944	0.905	0.931	0.155	0.860	0.865	0.144	0.922	0.207	0.079	0.080	0.099	0.955	0.907	0.913	0.149	0.878	0.861	0.139	0.966	0.254	0.079	0.080	0.101	0.964	0.920	0.913	0.165	0.867	0.858	0.173	0.927	0.278	0.080	0.080	0.101	0.960	0.902	0.916	0.188	0.872	0.878	0.164	0.956	0.185	0.080	0.080	0.101	1.021	0.969	0.990	0.343	0.951	0.947	0.188	1.005	0.198	0.080	0.080	0.080	0.080	0.080	0.080	0.080	0.081	0.080	0.087	0.080	0.080	0.080
22:10:01	0.079	0.079	0.080	0.080	0.082	0.082	0.081	0.080	0.080	0.080	0.079	0.080	0.080	0.099	0.986	0.963	0.978	0.295	0.923	0.934	0.218	1.009	0.231	0.080	0.081	0.099	0.951	0.907	0.945	0.156	0.864	0.873	0.145	0.925	0.205	0.080	0.080	0.099	0.968	0.911	0.916	0.149	0.877	0.863	0.140	0.969	0.251	0.079	0.080	0.100	0.976	0.924	0.915	0.166	0.870	0.863	0.179	0.928	0.278	0.080	0.080	0.100	0.972	0.908	0.914	0.187	0.878	0.881	0.169	0.957	0.185	0.081	0.080	0.100	1.037	0.982	1.000	0.351	0.950	0.945	0.188	1.025	0.195	0.080	0.080	0.080	0.080	0.080	0.080	0.080	0.081	0.080	0.088	0.080	0.080	0.080
22:20:01	0.080	0.079	0.080	0.080	0.082	0.082	0.081	0.080	0.080	0.080	0.079	0.080	0.080	0.100	0.980	0.955	0.960	0.310	0.912	0.916	0.224	1.008	0.235	0.080	0.081	0.099	0.934	0.892	0.924	0.157	0.865	0.865	0.146	0.918	0.207	0.080	0.080	0.099	0.948	0.888	0.908	0.149	0.874	0.862	0.140	0.950	0.253	0.079	0.080	0.100	0.954	0.906	0.898	0.167	0.866	0.859	0.178	0.918	0.282	0.080	0.080	0.101	0.952	0.897	0.907	0.190	0.861	0.875	0.169	0.944	0.186	0.081	0.080	0.101	1.019	0.957	0.994	0.356	0.944	0.942	0.191	0.997	0.198	0.080	0.080	0.081	0.081	0.081	0.080	0.081	0.082	0.080	0.087	0.081	0.080	0.080
22:30:01	0.079	0.078	0.080	0.080	0.082	0.082	0.081	0.080	0.080	0.080	0.079	0.080	0.080	0.099	0.993	0.966	0.969	0.317	0.932	0.917	0.225	1.011	0.236	0.080	0.080	0.099	0.960	0.898	0.930	0.158	0.869	0.870	0.147	0.920	0.207	0.079	0.080	0.099	0.953	0.901	0.905	0.150	0.878	0.859	0.141	0.965	0.253	0.079	0.080	0.101	0.963	0.910	0.908	0.169	0.868	0.856	0.177	0.927	0.281	0.080	0.080	0.101	0.959	0.898	0.911	0.197	0.865	0.877	0.174	0.949	0.188	0.080	0.080	0.101	1.026	0.966	0.994	0.359	0.943	0.947	0.191	1.012	0.199	0.080	0.079	0.080	0.080	0.080	0.080	0.080	0.081	0.080	0.087	0.080	0.080	0.079
22:40:01	0.079	0.078	0.080	0.080	0.082	0.082	0.081	0.080	0.080	0.080	0.079	0.080	0.080	0.099	0.991	0.967	0.977	0.321	0.933	0.926	0.228	1.011	0.235	0.080	0.081	0.099	0.954	0.903	0.932	0.161	0.867	0.874	0.148	0.921	0.204	0.080	0.080	0.099	0.968	0.903	0.911	0.150	0.874	0.860	0.141	0.971	0.252	0.079	0.080	0.100	0.974	0.919	0.920	0.169	0.876	0.853	0.185	0.928	0.280	0.080	0.080	0.101	0.971	0.900	0.917	0.202	0.865	0.881	0.181	0.950	0.188	0.080	0.080	0.100	1.032	0.972	1.005	0.363	0.942	0.945	0.192	1.026	0.196	0.080	0.080	0.080	0.080	0.080	0.080	0.081	0.081	0.080	0.088	0.080	0.080	0.080
22:50:01	0.079	0.079	0.080	0.080	0.082	0.082	0.081	0.080	0.079	0.080	0.079	0.080	0.080	0.100	0.975	0.955	0.962	0.330	0.910	0.917	0.228	1.010	0.235	0.079	0.081	0.099	0.924	0.886	0.911	0.159	0.856	0.847	0.148	0.916	0.207	0.080	0.080	0.099	0.957	0.874	0.904	0.152	0.871	0.855	0.141	0.948	0.254	0.079	0.080	0.101	0.950	0.900	0.895	0.170	0.873	0.849	0.182	0.917	0.281	0.080	0.080	0.101	0.952	0.887	0.907	0.203	0.858	0.883	0.181	0.943	0.187	0.080	0.080	0.101	1.014	0.953	0.997	0.363	0.934	0.940	0.193	0.998	0.199	0.080	0.080	0.080	0.080	0.080	0.080	0.080	0.081	0.080	0.088	0.080	0.080	0.080
23:00:01	0.079	0.078	0.080	0.080	0.082	0.082	0.081	0.080	0.080	0.080	0.079	0.080	0.080	0.100	0.989	0.960	0.974	0.338	0.927	0.922	0.232	1.011	0.237	0.079	0.081	0.099	0.936	0.891	0.917	0.162	0.858	0.850	0.151	0.920	0.208	0.080	0.080	0.099	0.952	0.883	0.900	0.152	0.870	0.852	0.143	0.963	0.255	0.079	0.080	0.101	0.953	0.900	0.890	0.172	0.867	0.848	0.184	0.921	0.280	0.080	0.080	0.101	0.950	0.885	0.900	0.203	0.856	0.882	0.182	0.943	0.188	0.080	0.080	0.101	1.014	0.958	0.995	0.364	0.933	0.937	0.194	0.996	0.198	0.080	0.080	0.081	0.080	0.080	0.080	0.080	0.082	0.080	0.089	0.081	0.080	0.080
23:10:01	0.079	0.079	0.079	0.080	0.082	0.082	0.081	0.080	0.079	0.080	0.079	0.080	0.080	0.099	0.982	0.963	0.974	0.342	0.935	0.931	0.232	1.008	0.236	0.079	0.081	0.099	0.939	0.904	0.926	0.165	0.858	0.863	0.153	0.921	0.206	0.079	0.080	0.099	0.957	0.888	0.902	0.152	0.869	0.854	0.144	0.964	0.256	0.079	0.080	0.101	0.956	0.913	0.894	0.173	0.867	0.846	0.187	0.927	0.278	0.080	0.080	0.101	0.962	0.888	0.906	0.204	0.858	0.878	0.184	0.948	0.188	0.080	0.080	0.101	1.029	0.970	0.999	0.366	0.944	0.933	0.193	1.015	0.197	0.080	0.080	0.080	0.080	0.080	0.080	0.080	0.081	0.080	0.088	0.080	0.080	0.080
23:20:01	0.080	0.079	0.080	0.080	0.082	0.082	0.081	0.080	0.080	0.080	0.080	0.080	0.080	0.100	0.978	0.953	0.960	0.346	0.921	0.923	0.238	1.008	0.240	0.080	0.081	0.099	0.927	0.883	0.915	0.167	0.861	0.852	0.153	0.920	0.208	0.080	0.080	0.099	0.952	0.868	0.892	0.153	0.868	0.852	0.146	0.952	0.255	0.079	0.080	0.101	0.947	0.898	0.887	0.174	0.868	0.851	0.186	0.920	0.279	0.080	0.080	0.101	0.954	0.885	0.904	0.203	0.854	0.878	0.181	0.945	0.187	0.080	0.080	0.101	1.016	0.954	0.986	0.370	0.943	0.928	0.195	1.000	0.201	0.080	0.080	0.081	0.081	0.081	0.080	0.080	0.082	0.080	0.088	0.081	0.080	0.080
23:30:01	0.079	0.078	0.079	0.080	0.082	0.082	0.081	0.080	0.079	0.080	0.079	0.080	0.080	0.100	0.997	0.978	0.976	0.347	0.924	0.935	0.249	1.014	0.240	0.079	0.080	0.099	0.938	0.887	0.931	0.166	0.862	0.860	0.155	0.916	0.209	0.080	0.080	0.099	0.957	0.884	0.891	0.155	0.870	0.852	0.151	0.961	0.257	0.079	0.080	0.101	0.957	0.897	0.889	0.174	0.865	0.849	0.189	0.922	0.279	0.080	0.080	0.101	0.966	0.883	0.900	0.205	0.860	0.878	0.182	0.950	0.188	0.080	0.080	0.101	1.018	0.964	0.987	0.375	0.947	0.931	0.195	1.011	0.199	0.080	0.080	0.080	0.080	0.080	0.080	0.080	0.081	0.080	0.088	0.080	0.079	0.079
23:40:01	0.080	0.078	0.080	0.080	0.082	0.082	0.081	0.080	0.079	0.080	0.079	0.080	0.080	0.100	0.974	0.959	0.972	0.349	0.922	0.941	0.260	1.012	0.248	0.079	0.081	0.100	0.925	0.872	0.918	0.167	0.863	0.859	0.156	0.914	0.212	0.080	0.080	0.099	0.948	0.876	0.888	0.155	0.872	0.853	0.152	0.962	0.258	0.079	0.080	0.101	0.953	0.895	0.888	0.176	0.862	0.852	0.193	0.918	0.282	0.080	0.080	0.101	0.956	0.881	0.899	0.204	0.853	0.875	0.185	0.949	0.192	0.080	0.080	0.101	1.024	0.961	0.986	0.376	0.945	0.927	0.196	1.016	0.203	0.080	0.080	0.081	0.081	0.081	0.080	0.080	0.082	0.080	0.088	0.081	0.079	0.080
23:50:01	0.079	0.079	0.079	0.080	0.082	0.082	0.081	0.080	0.079	0.079	0.079	0.080	0.080	0.100	0.986	0.961	0.970	0.351	0.921	0.930	0.265	1.011	0.247	0.079	0.080	0.099	0.925	0.874	0.914	0.169	0.860	0.850	0.158	0.914	0.214	0.079	0.080	0.099	0.941	0.867	0.893	0.157	0.873	0.853	0.156	0.956	0.255	0.079	0.080	0.100	0.953	0.887	0.886	0.176	0.862	0.856	0.190	0.915	0.280	0.080	0.080	0.101	0.953	0.879	0.896	0.208	0.843	0.870	0.189	0.946	0.190	0.080	0.080	0.101	1.017	0.950	0.986	0.377	0.940	0.928	0.196	1.002	0.202	0.080	0.080	0.080	0.080	0.080	0.080	0.080	0.081	0.080	0.088	0.080	0.080	0.080
24:00:01	0.080	0.079	0.080	0.080	0.082	0.082	0.081	0.080	0.080	0.080	0.079	0.080	0.080	0.099	0.979	0.965	0.974	0.351	0.935	0.939	0.273	1.014	0.253	0.080	0.081	0.099	0.924	0.872	0.920	0.171	0.864	0.856	0.160	0.914	0.217	0.080	0.080	0.099	0.954	0.875	0.899	0.157	0.870	0.853	0.162	0.968	0.257	0.079	0.080	0.100	0.952	0.889	0.896	0.177	0.862	0.853	0.190	0.921	0.281	0.080	0.080	0.100	0.956	0.882	0.901	0.210	0.847	0.868	0.196	0.944	0.191	0.081	0.080	0.100	1.027	0.959	0.983	0.382	0.938	0.928	0.197	1.015	0.205	0.080	0.080	0.081	0.080	0.081	0.080	0.080	0.082	0.081	0.088	0.081	0.080	0.080

