Field Group

Plate Comment:	
Procedure Summary
  Plate Type:              Corning 96 well for LogPhase600
  Plate Number:            2
  Discontinuous Kinetics:  Runtime 01:00:00 (D:HH:MM), Interval 00:10:00 (HH:MM:SS), 145 Reads (max)
  Read:                    600 nm
  Incubator:               On
    Temperature setpoint:  37 °C
    Temperature gradient:  On
  Shaking:                 Off		
			
			

600

Time	A1	A2	A3	A4	A5	A6	A7	A8	A9	A10	A11	A12	B1	B2	B3	B4	B5	B6	B7	B8	B9	B10	B11	B12	C1	C2	C3	C4	C5	C6	C7	C8	C9	C10	C11	C12	D1	D2	D3	D4	D5	D6	D7	D8	D9	D10	D11	D12	E1	E2	E3	E4	E5	E6	E7	E8	E9	E10	E11	E12	F1	F2	F3	F4	F5	F6	F7	F8	F9	F10	F11	F12	G1	G2	G3	G4	G5	G6	G7	G8	G9	G10	G11	G12	H1	H2	H3	H4	H5	H6	H7	H8	H9	H10	H11	H12
0:00:00	0.078	0.078	0.079	0.080	0.079	0.078	0.079	0.078	0.080	0.079	0.078	0.078	0.079	0.102	0.127	0.475	0.300	0.113	0.301	0.116	0.108	0.119	0.141	0.080	0.079	0.101	0.144	0.145	0.362	0.117	0.201	0.179	0.103	0.154	0.471	0.079	0.079	0.102	0.126	0.138	0.150	0.099	0.396	0.126	0.101	0.123	0.206	0.078	0.079	0.102	0.144	0.128	0.160	0.104	0.539	0.132	0.099	0.118	0.686	0.078	0.079	0.101	0.153	0.126	0.124	0.104	0.190	0.151	0.100	0.165	0.198	0.078	0.080	0.102	0.120	0.180	0.144	0.116	0.164	0.474	0.099	0.984	0.166	0.081	0.079	0.079	0.079	0.079	0.079	0.078	0.079	0.078	0.078	0.079	0.078	0.078
0:10:00	0.078	0.078	0.079	0.080	0.078	0.078	0.079	0.078	0.080	0.079	0.078	0.078	0.079	0.102	0.139	0.493	0.294	0.111	0.293	0.116	0.107	0.136	0.155	0.080	0.079	0.100	0.153	0.166	0.361	0.117	0.241	0.175	0.103	0.166	0.411	0.078	0.079	0.102	0.131	0.141	0.150	0.099	0.346	0.121	0.101	0.123	0.211	0.078	0.079	0.102	0.145	0.133	0.174	0.106	0.501	0.162	0.099	0.120	0.637	0.078	0.079	0.101	0.155	0.130	0.128	0.103	0.219	0.152	0.099	0.166	0.201	0.078	0.080	0.102	0.120	0.174	0.139	0.120	0.228	0.484	0.099	0.904	0.157	0.081	0.078	0.078	0.079	0.078	0.078	0.078	0.078	0.078	0.078	0.078	0.078	0.078
0:20:00	0.078	0.078	0.079	0.080	0.078	0.078	0.079	0.078	0.080	0.079	0.078	0.078	0.078	0.102	0.144	0.483	0.304	0.112	0.288	0.118	0.109	0.139	0.170	0.080	0.079	0.101	0.154	0.178	0.365	0.118	0.256	0.189	0.104	0.161	0.390	0.079	0.079	0.102	0.131	0.142	0.154	0.098	0.338	0.128	0.101	0.124	0.214	0.078	0.079	0.102	0.145	0.132	0.175	0.108	0.499	0.176	0.099	0.121	0.584	0.078	0.079	0.101	0.150	0.130	0.130	0.103	0.225	0.151	0.099	0.179	0.213	0.078	0.080	0.102	0.118	0.177	0.156	0.124	0.280	0.472	0.099	0.889	0.160	0.081	0.078	0.078	0.079	0.078	0.078	0.078	0.078	0.078	0.078	0.078	0.078	0.078
0:30:00	0.078	0.078	0.079	0.080	0.078	0.078	0.079	0.078	0.080	0.079	0.078	0.078	0.079	0.102	0.140	0.447	0.298	0.116	0.287	0.120	0.110	0.139	0.173	0.080	0.079	0.101	0.152	0.177	0.347	0.121	0.259	0.192	0.104	0.169	0.374	0.079	0.079	0.102	0.132	0.141	0.155	0.098	0.359	0.133	0.101	0.126	0.222	0.078	0.079	0.102	0.148	0.136	0.173	0.108	0.523	0.185	0.099	0.123	0.554	0.078	0.079	0.101	0.152	0.131	0.133	0.102	0.219	0.149	0.099	0.190	0.217	0.078	0.080	0.102	0.120	0.182	0.169	0.126	0.280	0.492	0.099	0.880	0.169	0.081	0.078	0.078	0.079	0.078	0.078	0.078	0.078	0.078	0.078	0.078	0.078	0.078
0:40:00	0.078	0.078	0.079	0.080	0.078	0.078	0.079	0.078	0.080	0.079	0.078	0.078	0.079	0.101	0.141	0.487	0.303	0.118	0.289	0.121	0.111	0.149	0.179	0.080	0.079	0.101	0.164	0.183	0.362	0.124	0.264	0.196	0.104	0.167	0.375	0.079	0.079	0.101	0.138	0.143	0.159	0.099	0.343	0.137	0.101	0.128	0.221	0.079	0.079	0.102	0.148	0.140	0.184	0.108	0.498	0.189	0.099	0.125	0.542	0.078	0.079	0.100	0.157	0.134	0.139	0.103	0.225	0.152	0.100	0.199	0.221	0.078	0.080	0.101	0.122	0.184	0.175	0.126	0.294	0.494	0.099	0.881	0.173	0.081	0.078	0.079	0.079	0.079	0.078	0.078	0.078	0.078	0.078	0.079	0.078	0.078
0:50:00	0.078	0.078	0.079	0.080	0.079	0.078	0.079	0.078	0.080	0.079	0.078	0.078	0.079	0.101	0.143	0.451	0.300	0.119	0.286	0.123	0.112	0.150	0.178	0.080	0.079	0.101	0.160	0.181	0.350	0.126	0.266	0.200	0.104	0.178	0.365	0.079	0.079	0.101	0.141	0.145	0.159	0.099	0.363	0.137	0.101	0.127	0.229	0.079	0.079	0.101	0.148	0.144	0.186	0.109	0.521	0.189	0.099	0.126	0.530	0.078	0.079	0.101	0.159	0.136	0.140	0.102	0.221	0.151	0.100	0.204	0.221	0.078	0.080	0.101	0.123	0.185	0.177	0.125	0.295	0.498	0.099	0.871	0.178	0.081	0.079	0.079	0.079	0.079	0.079	0.078	0.079	0.078	0.078	0.079	0.078	0.078
1:00:00	0.078	0.078	0.079	0.079	0.078	0.078	0.079	0.078	0.080	0.079	0.078	0.078	0.079	0.101	0.147	0.475	0.313	0.121	0.288	0.124	0.113	0.158	0.183	0.080	0.079	0.100	0.167	0.186	0.368	0.126	0.268	0.205	0.104	0.172	0.364	0.078	0.079	0.101	0.139	0.149	0.164	0.098	0.351	0.141	0.101	0.127	0.227	0.078	0.079	0.102	0.148	0.146	0.193	0.110	0.501	0.190	0.099	0.128	0.521	0.078	0.079	0.101	0.159	0.139	0.144	0.102	0.224	0.153	0.100	0.209	0.223	0.078	0.080	0.102	0.124	0.187	0.180	0.125	0.300	0.489	0.099	0.872	0.178	0.081	0.078	0.078	0.079	0.078	0.078	0.078	0.078	0.078	0.077	0.078	0.078	0.078
1:10:00	0.078	0.078	0.079	0.080	0.078	0.078	0.079	0.079	0.080	0.079	0.079	0.079	0.079	0.101	0.149	0.441	0.318	0.121	0.284	0.127	0.114	0.163	0.183	0.080	0.079	0.101	0.162	0.185	0.360	0.126	0.271	0.209	0.104	0.184	0.358	0.079	0.079	0.101	0.138	0.148	0.167	0.098	0.367	0.147	0.101	0.129	0.231	0.079	0.079	0.101	0.148	0.149	0.193	0.111	0.512	0.191	0.099	0.130	0.515	0.078	0.079	0.100	0.160	0.139	0.145	0.102	0.224	0.154	0.100	0.215	0.226	0.078	0.080	0.101	0.124	0.187	0.184	0.125	0.304	0.488	0.099	0.870	0.181	0.081	0.078	0.078	0.079	0.078	0.078	0.078	0.078	0.078	0.077	0.078	0.078	0.078
1:20:00	0.078	0.078	0.079	0.079	0.078	0.078	0.079	0.078	0.080	0.079	0.078	0.078	0.078	0.102	0.151	0.500	0.313	0.122	0.292	0.127	0.114	0.170	0.185	0.080	0.079	0.100	0.173	0.193	0.376	0.127	0.271	0.211	0.105	0.178	0.359	0.078	0.079	0.101	0.140	0.149	0.173	0.099	0.349	0.146	0.102	0.129	0.222	0.078	0.079	0.102	0.152	0.152	0.205	0.112	0.487	0.193	0.099	0.133	0.511	0.078	0.079	0.101	0.166	0.145	0.147	0.103	0.228	0.156	0.100	0.224	0.227	0.078	0.080	0.102	0.127	0.191	0.186	0.126	0.304	0.493	0.099	0.872	0.186	0.081	0.078	0.078	0.079	0.078	0.078	0.078	0.078	0.078	0.078	0.078	0.078	0.078
1:30:00	0.078	0.078	0.079	0.080	0.078	0.078	0.079	0.078	0.080	0.079	0.078	0.078	0.079	0.101	0.152	0.458	0.319	0.122	0.286	0.128	0.115	0.164	0.185	0.080	0.079	0.100	0.169	0.191	0.369	0.127	0.273	0.214	0.106	0.187	0.352	0.079	0.079	0.101	0.141	0.150	0.173	0.098	0.368	0.155	0.102	0.130	0.229	0.078	0.079	0.102	0.152	0.157	0.200	0.113	0.501	0.193	0.099	0.133	0.503	0.078	0.079	0.100	0.166	0.142	0.148	0.103	0.228	0.156	0.100	0.226	0.229	0.078	0.080	0.101	0.128	0.193	0.189	0.127	0.307	0.483	0.099	0.862	0.185	0.081	0.078	0.078	0.079	0.078	0.078	0.078	0.078	0.078	0.078	0.078	0.078	0.078
1:40:00	0.078	0.078	0.079	0.079	0.078	0.078	0.079	0.078	0.080	0.079	0.078	0.078	0.078	0.101	0.155	0.496	0.321	0.123	0.288	0.128	0.115	0.168	0.189	0.080	0.079	0.100	0.178	0.199	0.388	0.127	0.275	0.219	0.106	0.180	0.353	0.078	0.079	0.101	0.146	0.151	0.176	0.098	0.354	0.159	0.102	0.133	0.224	0.078	0.079	0.102	0.155	0.160	0.207	0.114	0.475	0.195	0.099	0.136	0.499	0.078	0.079	0.101	0.168	0.146	0.150	0.104	0.234	0.158	0.100	0.232	0.233	0.078	0.080	0.102	0.129	0.194	0.192	0.128	0.313	0.476	0.099	0.859	0.189	0.081	0.078	0.078	0.078	0.078	0.078	0.078	0.078	0.078	0.078	0.078	0.078	0.078
1:50:00	0.078	0.078	0.079	0.080	0.078	0.078	0.079	0.078	0.080	0.079	0.078	0.078	0.079	0.101	0.160	0.482	0.311	0.124	0.288	0.130	0.115	0.166	0.185	0.080	0.079	0.100	0.175	0.197	0.371	0.128	0.275	0.225	0.107	0.194	0.348	0.079	0.079	0.101	0.150	0.153	0.176	0.098	0.371	0.155	0.102	0.135	0.227	0.079	0.079	0.102	0.156	0.164	0.210	0.115	0.500	0.196	0.099	0.137	0.500	0.078	0.079	0.101	0.172	0.149	0.151	0.104	0.230	0.158	0.100	0.237	0.235	0.078	0.080	0.102	0.132	0.196	0.193	0.129	0.303	0.484	0.099	0.862	0.195	0.081	0.079	0.079	0.079	0.079	0.078	0.078	0.079	0.078	0.078	0.079	0.078	0.078
2:00:00	0.078	0.078	0.079	0.080	0.078	0.078	0.079	0.078	0.080	0.079	0.078	0.079	0.079	0.102	0.161	0.464	0.323	0.124	0.284	0.132	0.116	0.169	0.189	0.080	0.079	0.101	0.174	0.198	0.378	0.128	0.279	0.229	0.107	0.195	0.344	0.079	0.079	0.101	0.152	0.154	0.177	0.098	0.375	0.165	0.103	0.137	0.231	0.078	0.079	0.102	0.157	0.165	0.207	0.116	0.495	0.197	0.099	0.138	0.494	0.078	0.079	0.100	0.171	0.149	0.153	0.104	0.233	0.160	0.100	0.241	0.237	0.078	0.080	0.101	0.132	0.196	0.196	0.132	0.308	0.470	0.099	0.857	0.192	0.081	0.078	0.078	0.079	0.078	0.078	0.078	0.078	0.078	0.078	0.078	0.078	0.078
2:10:00	0.078	0.078	0.079	0.080	0.078	0.078	0.079	0.078	0.080	0.079	0.079	0.079	0.078	0.101	0.164	0.465	0.324	0.124	0.284	0.134	0.116	0.171	0.189	0.080	0.079	0.101	0.175	0.199	0.377	0.129	0.280	0.232	0.108	0.198	0.340	0.079	0.079	0.101	0.153	0.155	0.178	0.098	0.379	0.166	0.103	0.138	0.231	0.079	0.079	0.102	0.158	0.168	0.208	0.116	0.495	0.199	0.099	0.139	0.491	0.079	0.079	0.100	0.174	0.150	0.155	0.105	0.233	0.162	0.100	0.239	0.239	0.078	0.080	0.101	0.133	0.199	0.198	0.133	0.307	0.469	0.099	0.852	0.195	0.081	0.078	0.078	0.079	0.078	0.078	0.078	0.078	0.078	0.078	0.078	0.078	0.078
2:20:00	0.078	0.078	0.079	0.080	0.078	0.078	0.079	0.078	0.080	0.079	0.079	0.079	0.078	0.101	0.166	0.467	0.322	0.125	0.284	0.136	0.116	0.174	0.189	0.080	0.079	0.101	0.177	0.201	0.375	0.129	0.282	0.238	0.108	0.200	0.337	0.079	0.079	0.101	0.156	0.157	0.180	0.098	0.384	0.167	0.104	0.141	0.231	0.079	0.079	0.102	0.158	0.170	0.209	0.117	0.497	0.200	0.099	0.142	0.489	0.079	0.079	0.100	0.176	0.152	0.156	0.105	0.233	0.163	0.100	0.243	0.240	0.078	0.080	0.101	0.135	0.201	0.202	0.132	0.305	0.467	0.099	0.853	0.197	0.081	0.078	0.078	0.079	0.078	0.078	0.078	0.078	0.078	0.078	0.079	0.078	0.078
2:30:00	0.078	0.078	0.079	0.080	0.078	0.078	0.079	0.079	0.080	0.079	0.079	0.079	0.078	0.101	0.169	0.516	0.317	0.126	0.290	0.136	0.117	0.182	0.190	0.080	0.079	0.101	0.186	0.206	0.388	0.130	0.285	0.242	0.109	0.200	0.339	0.079	0.079	0.101	0.160	0.161	0.183	0.098	0.371	0.159	0.104	0.145	0.225	0.079	0.079	0.101	0.160	0.175	0.221	0.117	0.482	0.203	0.099	0.145	0.488	0.079	0.079	0.100	0.180	0.158	0.159	0.106	0.236	0.167	0.100	0.251	0.243	0.078	0.080	0.101	0.138	0.204	0.203	0.133	0.303	0.468	0.099	0.851	0.201	0.081	0.079	0.079	0.079	0.079	0.079	0.078	0.079	0.078	0.078	0.079	0.079	0.078
2:40:00	0.078	0.078	0.079	0.080	0.079	0.079	0.079	0.079	0.080	0.079	0.078	0.079	0.079	0.101	0.172	0.510	0.319	0.127	0.290	0.138	0.117	0.184	0.190	0.080	0.079	0.100	0.187	0.207	0.388	0.130	0.286	0.247	0.110	0.202	0.336	0.079	0.079	0.101	0.162	0.163	0.185	0.099	0.380	0.162	0.105	0.147	0.227	0.079	0.079	0.101	0.161	0.176	0.222	0.118	0.488	0.205	0.100	0.147	0.485	0.079	0.079	0.101	0.182	0.160	0.161	0.107	0.237	0.168	0.101	0.256	0.244	0.078	0.080	0.101	0.141	0.207	0.207	0.134	0.303	0.463	0.099	0.829	0.201	0.081	0.079	0.079	0.079	0.079	0.079	0.078	0.079	0.078	0.078	0.079	0.078	0.078
2:50:00	0.078	0.078	0.079	0.080	0.079	0.078	0.079	0.079	0.080	0.079	0.078	0.079	0.079	0.101	0.175	0.462	0.329	0.128	0.285	0.141	0.118	0.180	0.191	0.080	0.079	0.100	0.184	0.203	0.380	0.131	0.290	0.255	0.111	0.212	0.331	0.079	0.079	0.101	0.163	0.164	0.186	0.099	0.402	0.175	0.105	0.150	0.235	0.079	0.079	0.102	0.162	0.178	0.216	0.118	0.504	0.206	0.100	0.148	0.482	0.079	0.079	0.101	0.181	0.159	0.166	0.107	0.238	0.171	0.100	0.259	0.247	0.078	0.080	0.101	0.141	0.208	0.211	0.136	0.305	0.455	0.099	0.838	0.199	0.081	0.079	0.079	0.079	0.079	0.079	0.078	0.079	0.078	0.078	0.079	0.079	0.079
3:00:00	0.078	0.078	0.079	0.080	0.078	0.078	0.079	0.079	0.080	0.079	0.079	0.079	0.079	0.101	0.178	0.503	0.333	0.127	0.288	0.141	0.118	0.184	0.193	0.080	0.079	0.101	0.189	0.210	0.394	0.130	0.292	0.260	0.111	0.207	0.330	0.079	0.079	0.101	0.165	0.166	0.190	0.098	0.383	0.171	0.105	0.153	0.228	0.079	0.079	0.101	0.163	0.180	0.224	0.118	0.486	0.208	0.099	0.150	0.478	0.079	0.079	0.100	0.184	0.162	0.168	0.107	0.241	0.176	0.100	0.264	0.248	0.078	0.080	0.101	0.143	0.210	0.214	0.136	0.304	0.456	0.099	0.837	0.201	0.081	0.078	0.078	0.079	0.078	0.078	0.078	0.078	0.078	0.077	0.078	0.078	0.078
3:10:00	0.079	0.078	0.079	0.080	0.079	0.078	0.079	0.079	0.080	0.079	0.079	0.079	0.079	0.101	0.181	0.469	0.340	0.129	0.284	0.143	0.118	0.188	0.193	0.080	0.079	0.100	0.186	0.209	0.391	0.131	0.294	0.264	0.112	0.219	0.327	0.079	0.079	0.101	0.166	0.168	0.192	0.098	0.401	0.183	0.106	0.153	0.234	0.079	0.079	0.101	0.164	0.182	0.219	0.119	0.496	0.210	0.100	0.152	0.475	0.079	0.079	0.100	0.184	0.162	0.172	0.108	0.243	0.181	0.100	0.266	0.250	0.078	0.080	0.101	0.144	0.211	0.219	0.137	0.306	0.450	0.099	0.830	0.199	0.081	0.079	0.079	0.079	0.079	0.078	0.078	0.078	0.078	0.078	0.079	0.078	0.079
3:20:00	0.078	0.078	0.079	0.080	0.078	0.078	0.079	0.078	0.080	0.079	0.078	0.079	0.079	0.101	0.182	0.508	0.345	0.129	0.288	0.143	0.118	0.197	0.196	0.080	0.079	0.100	0.193	0.215	0.409	0.131	0.296	0.271	0.112	0.212	0.327	0.079	0.079	0.101	0.169	0.169	0.197	0.098	0.387	0.180	0.106	0.154	0.229	0.079	0.079	0.101	0.166	0.183	0.225	0.119	0.475	0.213	0.099	0.155	0.472	0.079	0.079	0.100	0.185	0.165	0.175	0.109	0.247	0.185	0.100	0.267	0.252	0.078	0.080	0.101	0.146	0.214	0.224	0.137	0.307	0.446	0.099	0.827	0.199	0.081	0.078	0.078	0.079	0.078	0.078	0.078	0.078	0.078	0.078	0.078	0.078	0.078
3:30:00	0.078	0.078	0.079	0.080	0.079	0.078	0.079	0.079	0.080	0.079	0.078	0.079	0.079	0.102	0.184	0.501	0.339	0.130	0.291	0.144	0.119	0.198	0.193	0.080	0.079	0.100	0.193	0.214	0.397	0.132	0.297	0.275	0.112	0.227	0.324	0.079	0.079	0.101	0.171	0.171	0.198	0.098	0.404	0.174	0.106	0.156	0.230	0.079	0.079	0.102	0.166	0.187	0.230	0.120	0.499	0.215	0.100	0.157	0.476	0.079	0.079	0.101	0.190	0.170	0.178	0.109	0.247	0.192	0.100	0.273	0.254	0.078	0.080	0.101	0.148	0.221	0.227	0.137	0.303	0.451	0.099	0.818	0.203	0.081	0.079	0.079	0.079	0.079	0.078	0.078	0.079	0.078	0.078	0.078	0.078	0.078
3:40:00	0.079	0.078	0.079	0.080	0.079	0.079	0.079	0.079	0.080	0.079	0.078	0.079	0.079	0.101	0.186	0.506	0.342	0.130	0.293	0.146	0.119	0.199	0.194	0.080	0.079	0.100	0.194	0.216	0.401	0.133	0.300	0.281	0.113	0.228	0.323	0.079	0.079	0.101	0.172	0.174	0.200	0.098	0.407	0.176	0.107	0.160	0.231	0.079	0.079	0.102	0.168	0.190	0.234	0.120	0.499	0.218	0.100	0.159	0.474	0.079	0.079	0.100	0.193	0.173	0.181	0.110	0.249	0.198	0.101	0.277	0.256	0.079	0.080	0.101	0.150	0.224	0.232	0.138	0.303	0.450	0.099	0.822	0.204	0.081	0.079	0.079	0.079	0.079	0.079	0.078	0.079	0.078	0.078	0.079	0.079	0.079
3:50:00	0.079	0.078	0.079	0.080	0.079	0.079	0.079	0.079	0.080	0.079	0.079	0.079	0.079	0.102	0.190	0.507	0.348	0.130	0.294	0.148	0.120	0.201	0.194	0.081	0.079	0.100	0.195	0.218	0.402	0.133	0.303	0.286	0.113	0.233	0.320	0.079	0.079	0.101	0.173	0.177	0.202	0.098	0.410	0.179	0.107	0.163	0.231	0.079	0.079	0.102	0.169	0.192	0.237	0.120	0.501	0.221	0.100	0.161	0.473	0.079	0.079	0.101	0.195	0.177	0.184	0.110	0.251	0.204	0.100	0.280	0.256	0.079	0.080	0.101	0.152	0.226	0.238	0.139	0.303	0.447	0.099	0.821	0.205	0.081	0.079	0.078	0.079	0.079	0.078	0.078	0.079	0.078	0.078	0.079	0.079	0.079
4:00:00	0.079	0.078	0.079	0.080	0.079	0.078	0.079	0.079	0.080	0.079	0.079	0.079	0.079	0.101	0.194	0.545	0.353	0.130	0.299	0.149	0.120	0.205	0.196	0.081	0.079	0.100	0.202	0.226	0.420	0.133	0.306	0.295	0.113	0.228	0.321	0.079	0.079	0.102	0.173	0.180	0.207	0.098	0.399	0.179	0.107	0.166	0.227	0.079	0.079	0.102	0.170	0.194	0.243	0.120	0.483	0.224	0.100	0.165	0.469	0.079	0.079	0.100	0.197	0.182	0.187	0.111	0.256	0.211	0.100	0.286	0.258	0.079	0.080	0.101	0.155	0.228	0.243	0.139	0.304	0.446	0.099	0.823	0.206	0.081	0.078	0.078	0.079	0.078	0.078	0.078	0.078	0.078	0.078	0.078	0.078	0.079
4:10:00	0.079	0.078	0.079	0.080	0.079	0.078	0.079	0.079	0.080	0.079	0.079	0.079	0.079	0.101	0.198	0.506	0.359	0.131	0.295	0.152	0.120	0.205	0.196	0.081	0.079	0.101	0.199	0.224	0.411	0.133	0.309	0.301	0.114	0.236	0.318	0.079	0.079	0.101	0.174	0.182	0.208	0.098	0.420	0.190	0.108	0.170	0.234	0.079	0.079	0.101	0.171	0.198	0.239	0.120	0.501	0.227	0.100	0.167	0.469	0.079	0.079	0.100	0.198	0.182	0.192	0.112	0.257	0.219	0.101	0.292	0.260	0.079	0.080	0.101	0.155	0.231	0.248	0.140	0.305	0.446	0.099	0.819	0.205	0.081	0.079	0.079	0.079	0.079	0.078	0.078	0.078	0.079	0.078	0.079	0.079	0.079
4:20:00	0.079	0.079	0.079	0.080	0.079	0.079	0.079	0.079	0.080	0.079	0.079	0.079	0.079	0.101	0.203	0.528	0.352	0.132	0.301	0.152	0.121	0.212	0.195	0.081	0.079	0.101	0.204	0.228	0.410	0.134	0.312	0.310	0.114	0.250	0.317	0.079	0.079	0.101	0.178	0.184	0.210	0.098	0.424	0.182	0.108	0.174	0.232	0.079	0.079	0.101	0.173	0.202	0.247	0.121	0.508	0.232	0.100	0.170	0.474	0.079	0.079	0.100	0.202	0.188	0.197	0.112	0.257	0.228	0.101	0.301	0.261	0.079	0.080	0.101	0.159	0.238	0.252	0.141	0.303	0.450	0.099	0.819	0.210	0.082	0.079	0.079	0.079	0.079	0.079	0.079	0.079	0.079	0.078	0.079	0.079	0.079
4:30:00	0.079	0.079	0.079	0.080	0.079	0.079	0.079	0.079	0.080	0.079	0.079	0.079	0.079	0.101	0.208	0.530	0.357	0.132	0.304	0.154	0.121	0.217	0.194	0.081	0.079	0.100	0.206	0.231	0.410	0.135	0.316	0.317	0.114	0.261	0.315	0.079	0.079	0.101	0.180	0.186	0.214	0.099	0.434	0.185	0.109	0.177	0.233	0.079	0.079	0.101	0.174	0.204	0.250	0.121	0.517	0.236	0.101	0.172	0.469	0.079	0.079	0.100	0.205	0.192	0.201	0.113	0.259	0.236	0.101	0.309	0.262	0.079	0.080	0.101	0.162	0.242	0.257	0.144	0.304	0.449	0.099	0.822	0.210	0.081	0.079	0.079	0.079	0.079	0.079	0.079	0.079	0.079	0.078	0.079	0.079	0.079
4:40:00	0.079	0.078	0.079	0.080	0.079	0.079	0.079	0.079	0.080	0.079	0.079	0.079	0.079	0.101	0.214	0.514	0.380	0.131	0.304	0.158	0.121	0.218	0.197	0.081	0.079	0.100	0.207	0.234	0.417	0.135	0.320	0.324	0.115	0.257	0.313	0.079	0.079	0.101	0.182	0.189	0.219	0.098	0.443	0.201	0.110	0.182	0.238	0.079	0.079	0.101	0.174	0.205	0.247	0.122	0.517	0.240	0.100	0.175	0.466	0.079	0.079	0.100	0.205	0.193	0.207	0.113	0.262	0.245	0.101	0.314	0.264	0.079	0.080	0.101	0.163	0.245	0.263	0.145	0.308	0.445	0.099	0.830	0.207	0.081	0.079	0.079	0.079	0.079	0.079	0.078	0.079	0.079	0.078	0.079	0.079	0.079
4:50:00	0.079	0.079	0.079	0.080	0.079	0.079	0.079	0.079	0.080	0.079	0.079	0.079	0.079	0.101	0.223	0.546	0.384	0.129	0.309	0.160	0.121	0.222	0.197	0.081	0.079	0.101	0.212	0.242	0.420	0.135	0.326	0.337	0.115	0.261	0.312	0.079	0.079	0.101	0.186	0.192	0.224	0.098	0.447	0.194	0.110	0.188	0.235	0.079	0.079	0.101	0.177	0.207	0.253	0.122	0.515	0.247	0.100	0.177	0.470	0.079	0.079	0.100	0.210	0.198	0.211	0.113	0.265	0.258	0.101	0.325	0.266	0.079	0.080	0.101	0.166	0.252	0.271	0.147	0.308	0.451	0.099	0.832	0.210	0.082	0.079	0.079	0.079	0.079	0.078	0.078	0.078	0.078	0.078	0.079	0.079	0.079
5:00:00	0.079	0.078	0.079	0.080	0.079	0.079	0.079	0.079	0.080	0.079	0.079	0.079	0.079	0.101	0.242	0.577	0.386	0.129	0.313	0.162	0.122	0.230	0.198	0.081	0.079	0.100	0.219	0.248	0.432	0.135	0.330	0.348	0.115	0.262	0.312	0.079	0.079	0.101	0.190	0.196	0.230	0.098	0.452	0.195	0.110	0.193	0.233	0.079	0.079	0.101	0.179	0.210	0.257	0.122	0.518	0.254	0.100	0.182	0.463	0.079	0.079	0.100	0.214	0.204	0.215	0.114	0.269	0.277	0.101	0.337	0.267	0.079	0.080	0.101	0.170	0.259	0.277	0.145	0.311	0.451	0.099	0.832	0.211	0.081	0.079	0.079	0.079	0.079	0.079	0.078	0.079	0.078	0.078	0.079	0.079	0.079
5:10:00	0.079	0.078	0.079	0.080	0.079	0.079	0.079	0.079	0.080	0.079	0.078	0.079	0.079	0.101	0.254	0.583	0.402	0.129	0.316	0.166	0.122	0.234	0.197	0.080	0.079	0.100	0.226	0.255	0.443	0.136	0.336	0.358	0.116	0.272	0.311	0.079	0.079	0.101	0.193	0.199	0.236	0.098	0.459	0.196	0.111	0.198	0.233	0.079	0.079	0.101	0.181	0.214	0.261	0.122	0.523	0.261	0.100	0.187	0.459	0.079	0.079	0.100	0.217	0.208	0.218	0.114	0.270	0.297	0.101	0.346	0.268	0.079	0.080	0.101	0.174	0.267	0.286	0.144	0.314	0.455	0.099	0.851	0.212	0.081	0.079	0.079	0.079	0.079	0.078	0.078	0.079	0.078	0.078	0.078	0.079	0.079
5:20:00	0.079	0.078	0.079	0.080	0.079	0.079	0.079	0.079	0.080	0.079	0.079	0.079	0.079	0.101	0.258	0.586	0.429	0.128	0.317	0.171	0.122	0.236	0.199	0.081	0.079	0.100	0.232	0.264	0.461	0.136	0.343	0.369	0.116	0.271	0.311	0.079	0.079	0.101	0.194	0.203	0.243	0.098	0.474	0.206	0.111	0.204	0.235	0.079	0.079	0.101	0.183	0.219	0.265	0.123	0.530	0.272	0.101	0.195	0.451	0.079	0.079	0.100	0.220	0.212	0.224	0.115	0.272	0.310	0.101	0.365	0.270	0.079	0.080	0.101	0.178	0.278	0.297	0.141	0.318	0.454	0.099	0.853	0.210	0.081	0.078	0.079	0.079	0.079	0.079	0.078	0.079	0.079	0.078	0.079	0.079	0.079
5:30:00	0.079	0.078	0.079	0.080	0.079	0.079	0.079	0.079	0.080	0.079	0.079	0.079	0.079	0.101	0.266	0.629	0.435	0.127	0.325	0.171	0.122	0.244	0.200	0.081	0.079	0.100	0.240	0.273	0.475	0.136	0.349	0.384	0.116	0.272	0.311	0.079	0.079	0.101	0.198	0.208	0.251	0.098	0.462	0.198	0.111	0.209	0.231	0.079	0.079	0.101	0.187	0.225	0.281	0.123	0.515	0.279	0.101	0.200	0.460	0.079	0.079	0.100	0.228	0.223	0.229	0.115	0.276	0.314	0.102	0.368	0.268	0.079	0.080	0.101	0.182	0.293	0.304	0.140	0.322	0.457	0.099	0.850	0.214	0.081	0.078	0.079	0.079	0.079	0.079	0.078	0.079	0.079	0.078	0.079	0.079	0.079
5:40:00	0.079	0.079	0.079	0.080	0.079	0.079	0.079	0.079	0.080	0.079	0.079	0.079	0.079	0.101	0.277	0.617	0.451	0.127	0.328	0.185	0.123	0.251	0.199	0.081	0.079	0.100	0.238	0.279	0.467	0.137	0.359	0.399	0.116	0.297	0.308	0.079	0.079	0.101	0.202	0.212	0.260	0.098	0.482	0.203	0.111	0.213	0.234	0.079	0.079	0.102	0.191	0.230	0.288	0.124	0.547	0.289	0.101	0.206	0.467	0.079	0.079	0.100	0.234	0.233	0.240	0.114	0.280	0.330	0.102	0.366	0.271	0.079	0.080	0.101	0.188	0.307	0.317	0.141	0.325	0.465	0.099	0.867	0.213	0.082	0.078	0.079	0.079	0.079	0.079	0.078	0.079	0.079	0.078	0.079	0.079	0.079
5:50:00	0.079	0.078	0.079	0.080	0.079	0.079	0.079	0.079	0.080	0.079	0.079	0.079	0.079	0.102	0.297	0.624	0.460	0.127	0.333	0.192	0.123	0.269	0.200	0.081	0.079	0.100	0.251	0.299	0.475	0.138	0.370	0.420	0.117	0.319	0.307	0.079	0.079	0.101	0.206	0.216	0.271	0.098	0.496	0.205	0.112	0.220	0.232	0.079	0.079	0.102	0.195	0.236	0.297	0.124	0.581	0.299	0.101	0.212	0.470	0.079	0.079	0.100	0.241	0.243	0.255	0.113	0.287	0.351	0.102	0.376	0.272	0.079	0.080	0.101	0.193	0.320	0.330	0.144	0.328	0.468	0.099	0.876	0.213	0.082	0.078	0.079	0.079	0.079	0.079	0.078	0.079	0.079	0.078	0.079	0.079	0.079
6:00:00	0.079	0.079	0.079	0.080	0.079	0.079	0.079	0.079	0.080	0.079	0.079	0.080	0.079	0.101	0.298	0.638	0.479	0.127	0.334	0.194	0.123	0.280	0.202	0.081	0.079	0.101	0.257	0.309	0.486	0.137	0.381	0.435	0.117	0.334	0.309	0.080	0.079	0.101	0.210	0.222	0.281	0.098	0.519	0.218	0.112	0.227	0.235	0.079	0.079	0.101	0.199	0.243	0.302	0.124	0.581	0.307	0.101	0.222	0.461	0.079	0.079	0.100	0.247	0.248	0.272	0.114	0.291	0.360	0.102	0.385	0.273	0.079	0.080	0.101	0.197	0.322	0.340	0.143	0.334	0.464	0.099	0.879	0.209	0.082	0.079	0.079	0.079	0.079	0.079	0.079	0.079	0.079	0.078	0.079	0.079	0.079
6:10:00	0.079	0.079	0.079	0.080	0.079	0.079	0.079	0.079	0.080	0.079	0.079	0.080	0.079	0.101	0.317	0.658	0.483	0.129	0.343	0.211	0.123	0.303	0.201	0.081	0.079	0.100	0.269	0.316	0.489	0.138	0.393	0.459	0.117	0.336	0.307	0.080	0.079	0.101	0.216	0.232	0.296	0.098	0.547	0.211	0.112	0.236	0.232	0.079	0.079	0.101	0.203	0.254	0.318	0.125	0.598	0.322	0.102	0.228	0.454	0.079	0.079	0.100	0.259	0.257	0.292	0.112	0.296	0.359	0.102	0.393	0.275	0.079	0.080	0.101	0.206	0.334	0.349	0.142	0.338	0.468	0.099	0.891	0.211	0.082	0.079	0.079	0.079	0.079	0.079	0.079	0.079	0.079	0.078	0.079	0.079	0.079
6:20:00	0.079	0.079	0.079	0.080	0.079	0.079	0.079	0.079	0.080	0.079	0.079	0.079	0.079	0.101	0.329	0.681	0.505	0.130	0.352	0.223	0.122	0.332	0.200	0.081	0.079	0.100	0.285	0.335	0.508	0.138	0.405	0.482	0.117	0.355	0.308	0.079	0.079	0.101	0.223	0.241	0.316	0.098	0.557	0.217	0.112	0.246	0.234	0.079	0.079	0.101	0.205	0.265	0.333	0.125	0.620	0.337	0.102	0.236	0.451	0.079	0.079	0.100	0.266	0.267	0.313	0.113	0.301	0.380	0.102	0.416	0.277	0.079	0.080	0.101	0.214	0.346	0.363	0.141	0.344	0.473	0.099	0.906	0.210	0.082	0.079	0.079	0.079	0.079	0.079	0.079	0.079	0.079	0.078	0.079	0.079	0.079
6:30:00	0.079	0.079	0.079	0.080	0.079	0.079	0.079	0.079	0.080	0.080	0.079	0.080	0.079	0.101	0.342	0.680	0.532	0.129	0.355	0.227	0.123	0.332	0.204	0.081	0.079	0.100	0.294	0.360	0.530	0.138	0.419	0.502	0.117	0.372	0.307	0.080	0.079	0.101	0.228	0.251	0.337	0.098	0.578	0.240	0.112	0.255	0.237	0.079	0.079	0.101	0.209	0.275	0.345	0.125	0.624	0.356	0.102	0.246	0.446	0.079	0.079	0.100	0.269	0.274	0.329	0.112	0.311	0.394	0.102	0.423	0.277	0.079	0.080	0.101	0.227	0.355	0.383	0.143	0.355	0.476	0.099	0.903	0.209	0.082	0.079	0.079	0.079	0.079	0.079	0.078	0.079	0.079	0.078	0.079	0.079	0.079
6:40:00	0.079	0.079	0.079	0.080	0.079	0.079	0.079	0.079	0.081	0.080	0.079	0.080	0.079	0.101	0.361	0.720	0.552	0.129	0.357	0.223	0.120	0.361	0.204	0.081	0.079	0.101	0.309	0.377	0.553	0.137	0.434	0.528	0.118	0.389	0.307	0.080	0.079	0.101	0.238	0.260	0.360	0.098	0.594	0.248	0.113	0.267	0.236	0.079	0.079	0.101	0.214	0.285	0.364	0.125	0.626	0.369	0.102	0.258	0.449	0.079	0.079	0.100	0.277	0.279	0.354	0.112	0.330	0.413	0.102	0.433	0.278	0.079	0.080	0.101	0.240	0.370	0.402	0.146	0.366	0.486	0.099	0.918	0.210	0.081	0.079	0.079	0.079	0.079	0.079	0.078	0.079	0.079	0.078	0.079	0.079	0.079
6:50:00	0.079	0.079	0.079	0.080	0.079	0.079	0.079	0.079	0.080	0.079	0.079	0.079	0.079	0.101	0.376	0.758	0.568	0.127	0.369	0.237	0.120	0.384	0.204	0.081	0.079	0.100	0.327	0.394	0.581	0.137	0.449	0.557	0.118	0.392	0.307	0.079	0.079	0.101	0.251	0.270	0.385	0.098	0.584	0.249	0.113	0.281	0.232	0.079	0.079	0.101	0.221	0.297	0.394	0.125	0.618	0.386	0.102	0.273	0.448	0.079	0.079	0.100	0.287	0.285	0.366	0.112	0.333	0.424	0.102	0.453	0.276	0.079	0.080	0.101	0.250	0.400	0.420	0.148	0.378	0.490	0.098	0.924	0.211	0.081	0.078	0.079	0.079	0.079	0.079	0.078	0.079	0.079	0.078	0.079	0.079	0.079
7:00:00	0.079	0.078	0.079	0.080	0.079	0.079	0.079	0.079	0.080	0.079	0.079	0.079	0.079	0.101	0.391	0.793	0.584	0.126	0.377	0.262	0.119	0.398	0.204	0.081	0.079	0.100	0.339	0.421	0.597	0.137	0.466	0.581	0.118	0.428	0.302	0.079	0.079	0.101	0.265	0.286	0.415	0.098	0.609	0.266	0.113	0.294	0.230	0.079	0.079	0.101	0.227	0.317	0.423	0.126	0.639	0.400	0.102	0.292	0.446	0.079	0.079	0.100	0.302	0.303	0.368	0.114	0.336	0.445	0.103	0.454	0.278	0.079	0.080	0.101	0.268	0.424	0.450	0.150	0.402	0.504	0.098	0.937	0.208	0.081	0.078	0.079	0.079	0.079	0.078	0.078	0.079	0.079	0.078	0.079	0.078	0.079
7:10:00	0.079	0.079	0.079	0.080	0.079	0.079	0.079	0.079	0.080	0.079	0.079	0.079	0.079	0.101	0.395	0.827	0.595	0.124	0.388	0.267	0.120	0.405	0.200	0.081	0.079	0.100	0.345	0.437	0.590	0.138	0.485	0.609	0.118	0.444	0.298	0.079	0.079	0.101	0.276	0.301	0.447	0.098	0.640	0.286	0.113	0.311	0.232	0.079	0.079	0.101	0.234	0.343	0.454	0.126	0.661	0.426	0.102	0.315	0.450	0.079	0.079	0.100	0.331	0.314	0.387	0.116	0.349	0.474	0.103	0.474	0.280	0.079	0.080	0.101	0.298	0.438	0.482	0.150	0.431	0.534	0.099	0.939	0.213	0.081	0.079	0.079	0.079	0.079	0.079	0.079	0.079	0.079	0.078	0.079	0.079	0.079
7:20:00	0.079	0.079	0.079	0.080	0.079	0.079	0.079	0.079	0.080	0.079	0.079	0.079	0.079	0.101	0.410	0.811	0.595	0.127	0.398	0.275	0.122	0.424	0.203	0.081	0.079	0.100	0.357	0.456	0.615	0.137	0.501	0.639	0.119	0.441	0.301	0.079	0.079	0.101	0.291	0.318	0.483	0.098	0.644	0.285	0.113	0.332	0.230	0.079	0.079	0.101	0.246	0.366	0.488	0.126	0.645	0.439	0.102	0.340	0.449	0.079	0.079	0.100	0.344	0.323	0.412	0.114	0.361	0.488	0.103	0.479	0.279	0.079	0.080	0.101	0.316	0.450	0.502	0.151	0.417	0.524	0.099	0.952	0.214	0.081	0.079	0.079	0.079	0.079	0.079	0.078	0.079	0.079	0.078	0.079	0.079	0.079
7:30:00	0.079	0.079	0.079	0.080	0.079	0.079	0.079	0.079	0.080	0.080	0.079	0.079	0.079	0.101	0.439	0.843	0.637	0.127	0.405	0.297	0.125	0.454	0.205	0.081	0.079	0.100	0.368	0.482	0.636	0.137	0.529	0.669	0.118	0.468	0.305	0.080	0.079	0.101	0.303	0.338	0.525	0.098	0.667	0.290	0.113	0.354	0.232	0.079	0.079	0.101	0.261	0.392	0.524	0.126	0.674	0.459	0.102	0.369	0.446	0.079	0.079	0.100	0.353	0.338	0.444	0.115	0.368	0.502	0.103	0.492	0.282	0.079	0.080	0.101	0.319	0.459	0.546	0.152	0.449	0.523	0.099	0.968	0.210	0.081	0.079	0.079	0.079	0.079	0.079	0.079	0.079	0.079	0.078	0.079	0.079	0.079
7:40:00	0.079	0.079	0.079	0.080	0.079	0.079	0.079	0.079	0.080	0.079	0.079	0.079	0.079	0.101	0.479	0.891	0.675	0.126	0.413	0.300	0.125	0.474	0.201	0.080	0.079	0.100	0.378	0.519	0.638	0.138	0.567	0.702	0.119	0.495	0.299	0.080	0.079	0.101	0.319	0.370	0.568	0.098	0.709	0.296	0.114	0.377	0.232	0.079	0.079	0.101	0.275	0.436	0.566	0.127	0.711	0.482	0.103	0.405	0.453	0.079	0.079	0.100	0.363	0.370	0.473	0.115	0.387	0.514	0.103	0.510	0.283	0.079	0.080	0.101	0.348	0.483	0.582	0.153	0.460	0.546	0.099	0.980	0.214	0.081	0.079	0.079	0.079	0.079	0.079	0.078	0.079	0.079	0.078	0.079	0.079	0.079
7:50:00	0.080	0.079	0.079	0.080	0.079	0.079	0.079	0.079	0.080	0.080	0.079	0.080	0.079	0.101	0.494	0.882	0.680	0.127	0.427	0.309	0.125	0.513	0.205	0.081	0.079	0.101	0.397	0.552	0.660	0.137	0.586	0.733	0.119	0.502	0.302	0.080	0.079	0.101	0.341	0.398	0.619	0.098	0.717	0.305	0.114	0.403	0.231	0.080	0.079	0.101	0.288	0.476	0.610	0.127	0.699	0.501	0.103	0.441	0.449	0.080	0.080	0.100	0.369	0.380	0.494	0.118	0.401	0.525	0.104	0.513	0.283	0.079	0.080	0.101	0.359	0.497	0.624	0.154	0.468	0.552	0.099	0.997	0.212	0.081	0.079	0.079	0.079	0.079	0.079	0.079	0.079	0.079	0.078	0.079	0.079	0.079
8:00:00	0.079	0.079	0.079	0.080	0.079	0.079	0.079	0.079	0.080	0.080	0.079	0.079	0.079	0.101	0.521	0.912	0.686	0.130	0.451	0.328	0.126	0.524	0.203	0.081	0.079	0.100	0.408	0.586	0.664	0.138	0.613	0.763	0.120	0.530	0.300	0.080	0.079	0.101	0.371	0.428	0.662	0.098	0.741	0.315	0.114	0.433	0.232	0.079	0.080	0.101	0.303	0.514	0.667	0.128	0.729	0.532	0.104	0.482	0.451	0.080	0.080	0.100	0.381	0.397	0.499	0.118	0.421	0.548	0.104	0.525	0.286	0.079	0.080	0.101	0.364	0.515	0.652	0.155	0.486	0.579	0.099	1.008	0.216	0.081	0.079	0.079	0.079	0.079	0.079	0.079	0.079	0.079	0.079	0.079	0.079	0.079
8:10:00	0.079	0.079	0.079	0.080	0.079	0.079	0.079	0.079	0.080	0.079	0.079	0.079	0.079	0.101	0.544	0.913	0.712	0.132	0.463	0.348	0.126	0.546	0.206	0.081	0.079	0.100	0.419	0.615	0.688	0.138	0.641	0.794	0.120	0.542	0.298	0.080	0.079	0.101	0.408	0.474	0.711	0.098	0.759	0.346	0.115	0.469	0.233	0.079	0.079	0.101	0.322	0.555	0.711	0.128	0.752	0.555	0.104	0.520	0.449	0.079	0.080	0.100	0.393	0.406	0.517	0.116	0.441	0.565	0.104	0.539	0.285	0.079	0.080	0.101	0.376	0.534	0.686	0.156	0.507	0.587	0.099	1.025	0.216	0.081	0.079	0.079	0.079	0.079	0.079	0.079	0.079	0.079	0.078	0.079	0.079	0.079
8:20:00	0.080	0.079	0.079	0.080	0.079	0.079	0.079	0.079	0.080	0.080	0.079	0.080	0.079	0.101	0.548	0.906	0.742	0.132	0.471	0.365	0.126	0.566	0.208	0.081	0.079	0.100	0.438	0.630	0.700	0.138	0.675	0.828	0.120	0.568	0.298	0.079	0.079	0.101	0.437	0.513	0.760	0.098	0.795	0.379	0.115	0.505	0.237	0.079	0.079	0.101	0.359	0.599	0.756	0.128	0.787	0.585	0.104	0.565	0.447	0.079	0.079	0.100	0.407	0.426	0.527	0.119	0.447	0.585	0.104	0.556	0.286	0.079	0.080	0.100	0.399	0.552	0.722	0.156	0.526	0.591	0.099	1.036	0.214	0.081	0.079	0.079	0.079	0.079	0.079	0.079	0.079	0.079	0.078	0.079	0.079	0.079
8:30:00	0.079	0.079	0.079	0.080	0.079	0.079	0.079	0.079	0.080	0.080	0.079	0.079	0.079	0.101	0.592	0.935	0.766	0.135	0.487	0.380	0.127	0.609	0.212	0.081	0.079	0.100	0.463	0.663	0.740	0.138	0.696	0.860	0.120	0.569	0.300	0.079	0.079	0.101	0.475	0.551	0.800	0.098	0.800	0.386	0.115	0.541	0.233	0.079	0.079	0.101	0.382	0.647	0.810	0.128	0.783	0.608	0.104	0.617	0.443	0.079	0.079	0.100	0.417	0.438	0.549	0.120	0.469	0.607	0.105	0.571	0.285	0.079	0.080	0.101	0.417	0.580	0.761	0.157	0.538	0.599	0.099	1.058	0.212	0.081	0.079	0.079	0.079	0.079	0.079	0.079	0.079	0.079	0.078	0.079	0.079	0.079
8:40:00	0.079	0.079	0.079	0.080	0.079	0.079	0.079	0.079	0.080	0.079	0.079	0.079	0.079	0.101	0.600	0.958	0.773	0.140	0.505	0.393	0.127	0.646	0.213	0.080	0.079	0.100	0.472	0.691	0.758	0.139	0.716	0.894	0.121	0.585	0.300	0.079	0.079	0.101	0.507	0.587	0.839	0.098	0.819	0.383	0.115	0.579	0.233	0.078	0.079	0.101	0.408	0.690	0.861	0.128	0.790	0.629	0.104	0.662	0.445	0.079	0.079	0.100	0.434	0.456	0.575	0.122	0.476	0.599	0.105	0.583	0.282	0.078	0.080	0.101	0.437	0.604	0.791	0.159	0.561	0.609	0.098	1.067	0.214	0.081	0.079	0.079	0.079	0.079	0.079	0.078	0.079	0.079	0.078	0.079	0.079	0.078
8:50:00	0.079	0.079	0.079	0.080	0.079	0.079	0.079	0.079	0.080	0.080	0.079	0.079	0.079	0.101	0.620	0.969	0.793	0.144	0.526	0.415	0.128	0.676	0.211	0.081	0.079	0.100	0.494	0.713	0.769	0.140	0.744	0.926	0.122	0.612	0.295	0.079	0.079	0.101	0.547	0.637	0.878	0.098	0.826	0.389	0.116	0.618	0.234	0.079	0.079	0.101	0.445	0.753	0.912	0.129	0.823	0.665	0.105	0.718	0.449	0.079	0.079	0.100	0.455	0.485	0.601	0.122	0.494	0.616	0.105	0.603	0.284	0.079	0.080	0.101	0.457	0.629	0.813	0.159	0.580	0.615	0.099	1.077	0.218	0.081	0.079	0.079	0.079	0.079	0.079	0.079	0.079	0.079	0.078	0.079	0.079	0.079
9:00:00	0.080	0.079	0.079	0.080	0.079	0.079	0.079	0.079	0.080	0.080	0.079	0.080	0.079	0.101	0.669	0.983	0.826	0.147	0.542	0.434	0.130	0.711	0.213	0.081	0.079	0.100	0.521	0.744	0.789	0.140	0.779	0.959	0.122	0.633	0.295	0.079	0.079	0.101	0.593	0.681	0.918	0.098	0.835	0.419	0.116	0.656	0.237	0.079	0.080	0.101	0.477	0.801	0.954	0.129	0.853	0.699	0.105	0.770	0.448	0.079	0.080	0.100	0.469	0.505	0.624	0.122	0.509	0.618	0.106	0.623	0.288	0.079	0.081	0.101	0.476	0.655	0.847	0.159	0.597	0.626	0.099	1.096	0.215	0.081	0.079	0.079	0.079	0.079	0.079	0.079	0.079	0.079	0.078	0.079	0.079	0.079
9:10:00	0.080	0.079	0.079	0.080	0.079	0.079	0.079	0.079	0.081	0.080	0.079	0.080	0.079	0.101	0.666	1.006	0.850	0.148	0.564	0.440	0.132	0.743	0.213	0.081	0.079	0.100	0.536	0.773	0.811	0.139	0.793	0.983	0.123	0.655	0.296	0.079	0.079	0.101	0.638	0.736	0.952	0.098	0.835	0.428	0.116	0.689	0.236	0.079	0.079	0.101	0.508	0.845	0.989	0.129	0.870	0.730	0.105	0.817	0.445	0.079	0.079	0.100	0.485	0.524	0.646	0.123	0.522	0.623	0.107	0.640	0.287	0.079	0.080	0.101	0.492	0.679	0.876	0.160	0.612	0.635	0.099	1.109	0.214	0.082	0.079	0.079	0.079	0.079	0.079	0.079	0.079	0.079	0.078	0.079	0.079	0.079
9:20:00	0.079	0.079	0.079	0.080	0.079	0.079	0.079	0.079	0.080	0.080	0.079	0.080	0.079	0.101	0.684	1.033	0.856	0.148	0.592	0.458	0.134	0.776	0.212	0.081	0.079	0.100	0.571	0.798	0.827	0.140	0.811	1.009	0.124	0.683	0.293	0.079	0.079	0.101	0.690	0.777	0.981	0.098	0.823	0.444	0.116	0.722	0.232	0.079	0.079	0.101	0.540	0.884	1.026	0.129	0.892	0.763	0.105	0.868	0.441	0.079	0.079	0.100	0.504	0.541	0.665	0.123	0.548	0.637	0.107	0.659	0.288	0.079	0.080	0.101	0.521	0.701	0.898	0.161	0.633	0.648	0.098	1.117	0.218	0.081	0.078	0.079	0.079	0.079	0.079	0.079	0.079	0.078	0.078	0.079	0.079	0.079
9:30:00	0.080	0.079	0.079	0.080	0.079	0.079	0.080	0.079	0.080	0.080	0.080	0.080	0.079	0.101	0.702	1.071	0.875	0.148	0.621	0.474	0.136	0.813	0.214	0.081	0.079	0.100	0.599	0.828	0.858	0.141	0.844	1.030	0.126	0.710	0.294	0.079	0.079	0.101	0.751	0.820	1.008	0.098	0.815	0.456	0.117	0.752	0.229	0.079	0.080	0.101	0.582	0.923	1.062	0.129	0.900	0.801	0.106	0.915	0.443	0.079	0.079	0.100	0.526	0.565	0.682	0.124	0.580	0.667	0.107	0.676	0.288	0.079	0.080	0.101	0.554	0.731	0.925	0.165	0.655	0.665	0.099	1.137	0.218	0.082	0.079	0.079	0.079	0.079	0.079	0.079	0.079	0.079	0.078	0.079	0.079	0.079
9:40:00	0.080	0.079	0.079	0.080	0.079	0.079	0.080	0.079	0.080	0.080	0.080	0.080	0.079	0.101	0.714	1.084	0.900	0.148	0.645	0.487	0.138	0.840	0.213	0.081	0.079	0.100	0.615	0.850	0.877	0.142	0.853	1.056	0.127	0.738	0.293	0.079	0.079	0.101	0.797	0.873	1.034	0.098	0.835	0.463	0.118	0.781	0.232	0.079	0.080	0.101	0.630	0.953	1.091	0.129	0.926	0.844	0.106	0.952	0.441	0.079	0.080	0.100	0.546	0.586	0.707	0.124	0.609	0.684	0.108	0.685	0.290	0.079	0.081	0.100	0.581	0.761	0.947	0.167	0.676	0.673	0.099	1.148	0.218	0.082	0.079	0.079	0.079	0.079	0.079	0.079	0.079	0.079	0.079	0.079	0.079	0.079
9:50:00	0.079	0.079	0.079	0.080	0.079	0.079	0.079	0.079	0.080	0.080	0.079	0.080	0.079	0.101	0.727	1.079	0.926	0.148	0.673	0.489	0.141	0.861	0.212	0.081	0.079	0.100	0.636	0.872	0.891	0.144	0.878	1.093	0.128	0.778	0.291	0.079	0.079	0.101	0.835	0.912	1.059	0.098	0.862	0.477	0.118	0.807	0.238	0.079	0.080	0.101	0.671	0.987	1.114	0.130	0.967	0.918	0.107	0.987	0.444	0.079	0.080	0.100	0.564	0.606	0.735	0.125	0.636	0.692	0.108	0.693	0.291	0.079	0.081	0.101	0.612	0.791	0.969	0.168	0.701	0.685	0.099	1.159	0.218	0.081	0.079	0.079	0.079	0.079	0.079	0.079	0.079	0.079	0.078	0.079	0.079	0.079
10:00:00	0.079	0.079	0.080	0.080	0.079	0.079	0.080	0.080	0.080	0.080	0.080	0.079	0.079	0.101	0.747	1.114	0.950	0.149	0.707	0.490	0.142	0.892	0.215	0.081	0.079	0.100	0.666	0.900	0.927	0.143	0.891	1.126	0.128	0.801	0.291	0.079	0.079	0.100	0.874	0.944	1.083	0.098	0.863	0.498	0.120	0.832	0.236	0.079	0.080	0.101	0.707	1.016	1.136	0.131	0.971	0.993	0.106	1.018	0.440	0.079	0.079	0.100	0.580	0.635	0.759	0.125	0.653	0.694	0.109	0.703	0.291	0.079	0.080	0.100	0.642	0.816	0.995	0.170	0.726	0.698	0.099	1.175	0.217	0.081	0.079	0.079	0.079	0.079	0.079	0.079	0.079	0.079	0.078	0.079	0.079	0.079
10:10:00	0.079	0.079	0.079	0.080	0.079	0.079	0.080	0.079	0.080	0.080	0.079	0.079	0.079	0.101	0.768	1.126	0.976	0.150	0.737	0.505	0.143	0.918	0.216	0.081	0.079	0.100	0.691	0.926	0.954	0.144	0.908	1.168	0.127	0.827	0.291	0.079	0.079	0.101	0.907	0.976	1.102	0.098	0.883	0.514	0.120	0.853	0.238	0.079	0.079	0.101	0.755	1.042	1.152	0.131	0.982	1.111	0.107	1.045	0.437	0.079	0.079	0.100	0.599	0.663	0.782	0.126	0.682	0.939	0.109	0.718	0.293	0.079	0.080	0.101	0.676	0.846	1.019	0.171	0.758	0.709	0.099	1.194	0.215	0.081	0.079	0.079	0.079	0.079	0.079	0.079	0.079	0.079	0.078	0.079	0.079	0.079
10:20:00	0.079	0.079	0.079	0.080	0.079	0.079	0.079	0.079	0.080	0.079	0.079	0.079	0.079	0.101	0.793	1.155	0.987	0.151	0.766	0.528	0.144	0.942	0.214	0.081	0.079	0.100	0.712	0.947	0.972	0.145	0.926	1.278	0.128	0.859	0.290	0.079	0.079	0.101	0.943	1.001	1.117	0.098	0.899	0.524	0.120	0.871	0.235	0.079	0.079	0.101	0.798	1.066	1.171	0.132	1.010	1.246	0.108	1.070	0.440	0.079	0.079	0.100	0.618	0.693	0.808	0.127	0.703	0.938	0.108	0.738	0.291	0.079	0.080	0.101	0.700	0.872	1.033	0.173	0.791	0.719	0.098	1.199	0.217	0.081	0.078	0.079	0.079	0.079	0.079	0.079	0.079	0.078	0.078	0.079	0.079	0.079
10:30:00	0.079	0.079	0.079	0.080	0.079	0.079	0.079	0.079	0.080	0.079	0.079	0.079	0.079	0.101	0.818	1.156	1.007	0.151	0.790	0.534	0.146	0.958	0.210	0.081	0.079	0.100	0.728	0.965	0.981	0.144	0.935	1.383	0.128	0.892	0.289	0.079	0.079	0.101	0.972	1.031	1.129	0.098	0.908	0.533	0.120	0.888	0.237	0.079	0.080	0.101	0.845	1.088	1.184	0.132	1.045	1.336	0.108	1.089	0.446	0.079	0.080	0.100	0.638	0.718	0.831	0.128	0.717	0.946	0.108	0.748	0.291	0.079	0.080	0.101	0.727	0.895	1.049	0.174	0.819	0.735	0.099	1.157	0.218	0.081	0.079	0.079	0.079	0.079	0.079	0.079	0.079	0.079	0.078	0.079	0.079	0.079
10:40:00	0.079	0.079	0.080	0.080	0.079	0.079	0.080	0.079	0.080	0.080	0.079	0.079	0.079	0.101	0.844	1.185	1.023	0.152	0.827	0.537	0.147	0.984	0.211	0.081	0.079	0.100	0.755	0.988	1.012	0.145	0.964	1.440	0.126	0.913	0.289	0.079	0.079	0.101	1.002	1.056	1.143	0.098	0.912	0.550	0.119	0.900	0.234	0.079	0.080	0.101	0.880	1.109	1.200	0.132	1.056	1.379	0.109	1.111	0.445	0.079	0.080	0.100	0.657	0.749	0.853	0.130	0.744	0.962	0.109	0.767	0.290	0.079	0.081	0.101	0.752	0.917	1.067	0.179	0.847	0.753	0.099	1.160	0.219	0.081	0.079	0.079	0.079	0.079	0.079	0.079	0.079	0.079	0.078	0.079	0.079	0.079
10:50:00	0.079	0.079	0.079	0.080	0.079	0.079	0.079	0.079	0.080	0.080	0.079	0.079	0.079	0.101	0.865	1.184	1.043	0.152	0.870	0.553	0.149	0.996	0.208	0.081	0.079	0.100	0.772	1.004	1.018	0.146	0.979	1.470	0.128	0.945	0.289	0.079	0.079	0.101	1.029	1.084	1.153	0.098	0.919	0.561	0.119	0.912	0.235	0.079	0.079	0.101	0.915	1.127	1.210	0.133	1.089	1.415	0.109	1.129	0.447	0.079	0.079	0.100	0.676	0.775	0.876	0.131	0.764	0.961	0.109	0.776	0.291	0.079	0.080	0.101	0.777	0.939	1.082	0.181	0.876	0.772	0.099	1.142	0.220	0.081	0.078	0.079	0.079	0.079	0.079	0.079	0.079	0.079	0.078	0.079	0.079	0.078
11:00:00	0.079	0.079	0.079	0.080	0.079	0.079	0.080	0.079	0.080	0.080	0.080	0.079	0.079	0.101	0.889	1.199	1.058	0.152	0.909	0.563	0.148	1.013	0.208	0.081	0.079	0.100	0.795	1.021	1.035	0.146	0.999	1.494	0.129	0.972	0.288	0.079	0.079	0.101	1.054	1.104	1.165	0.098	0.934	0.567	0.118	0.923	0.235	0.079	0.080	0.101	0.945	1.145	1.222	0.134	1.108	1.442	0.108	1.146	0.446	0.079	0.080	0.100	0.694	0.803	0.898	0.133	0.792	0.968	0.109	0.789	0.290	0.078	0.080	0.101	0.802	0.960	1.097	0.184	0.904	0.791	0.099	1.085	0.221	0.081	0.079	0.079	0.079	0.079	0.079	0.079	0.079	0.079	0.078	0.079	0.079	0.079
11:10:00	0.079	0.079	0.080	0.080	0.079	0.079	0.080	0.080	0.080	0.080	0.080	0.080	0.079	0.101	0.914	1.213	1.074	0.152	0.941	0.578	0.150	1.032	0.208	0.081	0.079	0.100	0.819	1.039	1.052	0.147	1.026	1.514	0.129	0.999	0.288	0.080	0.079	0.101	1.079	1.123	1.177	0.098	0.946	0.576	0.116	0.932	0.236	0.079	0.080	0.101	0.979	1.161	1.234	0.135	1.124	1.465	0.109	1.163	0.448	0.079	0.080	0.100	0.712	0.832	0.921	0.133	0.822	0.975	0.110	0.803	0.291	0.079	0.081	0.101	0.827	0.981	1.111	0.186	0.932	0.808	0.099	1.141	0.223	0.081	0.079	0.079	0.079	0.079	0.079	0.079	0.079	0.079	0.079	0.080	0.080	0.079
11:20:00	0.079	0.079	0.080	0.080	0.079	0.079	0.080	0.080	0.080	0.080	0.080	0.080	0.079	0.101	0.935	1.223	1.090	0.153	0.966	0.586	0.150	1.047	0.209	0.081	0.079	0.100	0.840	1.054	1.066	0.147	1.031	1.527	0.130	1.022	0.289	0.080	0.080	0.101	1.099	1.139	1.185	0.098	0.959	0.576	0.117	0.942	0.237	0.079	0.080	0.101	1.008	1.176	1.242	0.136	1.145	1.483	0.109	1.177	0.449	0.079	0.080	0.100	0.730	0.855	0.940	0.135	0.851	0.973	0.110	0.811	0.291	0.079	0.081	0.100	0.851	0.999	1.122	0.189	0.955	0.825	0.099	1.123	0.222	0.081	0.079	0.079	0.080	0.079	0.079	0.079	0.079	0.079	0.079	0.080	0.080	0.079
11:30:00	0.079	0.079	0.079	0.080	0.079	0.079	0.080	0.079	0.080	0.080	0.079	0.079	0.079	0.101	0.956	1.246	1.104	0.154	1.010	0.597	0.151	1.067	0.211	0.081	0.079	0.100	0.867	1.071	1.091	0.147	1.052	1.544	0.130	1.038	0.289	0.079	0.079	0.101	1.118	1.155	1.195	0.098	0.970	0.589	0.116	0.947	0.233	0.079	0.080	0.101	1.033	1.189	1.251	0.137	1.151	1.495	0.111	1.191	0.446	0.079	0.080	0.100	0.743	0.878	0.958	0.135	0.884	0.976	0.111	0.827	0.287	0.079	0.080	0.101	0.874	1.018	1.135	0.192	0.979	0.841	0.099	1.105	0.220	0.081	0.079	0.079	0.079	0.079	0.079	0.079	0.079	0.079	0.078	0.079	0.079	0.079
11:40:00	0.079	0.079	0.080	0.080	0.079	0.079	0.080	0.080	0.080	0.080	0.080	0.080	0.079	0.101	0.974	1.238	1.123	0.156	1.101	0.612	0.152	1.076	0.211	0.081	0.080	0.100	0.883	1.083	1.097	0.149	1.079	1.552	0.130	1.069	0.288	0.079	0.080	0.101	1.135	1.169	1.204	0.098	0.994	0.607	0.116	0.953	0.236	0.079	0.080	0.101	1.059	1.203	1.256	0.137	1.178	1.515	0.110	1.202	0.447	0.079	0.080	0.100	0.755	0.899	0.978	0.136	0.920	0.982	0.111	0.838	0.288	0.079	0.081	0.101	0.897	1.036	1.147	0.194	1.000	0.859	0.099	1.091	0.219	0.081	0.079	0.079	0.079	0.079	0.079	0.079	0.079	0.079	0.078	0.080	0.079	0.079
11:50:00	0.079	0.079	0.080	0.080	0.079	0.079	0.080	0.080	0.080	0.080	0.080	0.080	0.079	0.101	0.993	1.252	1.137	0.158	1.229	0.627	0.153	1.090	0.214	0.081	0.079	0.100	0.907	1.097	1.114	0.150	1.097	1.565	0.129	1.088	0.288	0.080	0.080	0.101	1.151	1.183	1.212	0.098	1.005	0.623	0.117	0.959	0.234	0.079	0.080	0.101	1.077	1.214	1.263	0.136	1.190	1.526	0.110	1.213	0.446	0.079	0.080	0.100	0.775	0.922	0.998	0.138	0.988	0.981	0.112	0.848	0.286	0.079	0.081	0.100	0.920	1.052	1.159	0.197	1.021	0.876	0.099	1.123	0.219	0.081	0.079	0.079	0.079	0.079	0.079	0.079	0.079	0.079	0.078	0.079	0.080	0.079
12:00:00	0.079	0.079	0.079	0.080	0.079	0.079	0.080	0.079	0.080	0.080	0.079	0.079	0.079	0.101	1.012	1.279	1.145	0.158	1.321	0.638	0.154	1.110	0.215	0.081	0.079	0.100	0.934	1.112	1.138	0.150	1.104	1.578	0.127	1.100	0.287	0.079	0.080	0.101	1.166	1.195	1.220	0.098	1.011	0.640	0.119	0.961	0.230	0.079	0.080	0.101	1.092	1.224	1.270	0.135	1.191	1.533	0.110	1.222	0.443	0.079	0.079	0.100	0.786	0.944	1.015	0.138	1.078	0.993	0.113	0.862	0.285	0.079	0.080	0.101	0.940	1.068	1.169	0.199	1.040	0.891	0.099	1.138	0.219	0.081	0.079	0.079	0.079	0.079	0.079	0.079	0.079	0.079	0.078	0.079	0.079	0.078
12:10:00	0.079	0.079	0.079	0.080	0.079	0.079	0.080	0.079	0.080	0.080	0.079	0.079	0.079	0.101	1.027	1.277	1.158	0.159	1.394	0.655	0.155	1.119	0.214	0.081	0.079	0.100	0.952	1.122	1.143	0.151	1.125	1.583	0.127	1.122	0.287	0.079	0.080	0.101	1.181	1.207	1.226	0.098	1.031	0.657	0.120	0.965	0.234	0.079	0.080	0.101	1.111	1.235	1.274	0.134	1.214	1.546	0.110	1.230	0.446	0.079	0.080	0.100	0.802	0.963	1.033	0.139	1.156	1.008	0.114	0.945	0.285	0.079	0.080	0.101	0.958	1.083	1.177	0.200	1.058	0.904	0.099	1.143	0.221	0.081	0.079	0.079	0.079	0.079	0.079	0.079	0.079	0.079	0.078	0.079	0.078	0.078
12:20:00	0.079	0.079	0.080	0.080	0.079	0.079	0.080	0.079	0.080	0.080	0.079	0.079	0.079	0.101	1.044	1.288	1.169	0.160	1.435	0.665	0.157	1.132	0.215	0.081	0.079	0.100	0.973	1.134	1.157	0.153	1.125	1.589	0.126	1.139	0.287	0.079	0.080	0.101	1.194	1.217	1.233	0.098	1.045	0.671	0.121	0.968	0.235	0.079	0.080	0.101	1.129	1.245	1.280	0.138	1.225	1.555	0.110	1.238	0.447	0.079	0.080	0.100	0.818	0.982	1.050	0.140	1.220	1.014	0.114	0.962	0.285	0.079	0.081	0.101	0.976	1.098	1.186	0.204	1.077	0.917	0.099	1.150	0.221	0.081	0.079	0.079	0.079	0.079	0.079	0.079	0.079	0.079	0.078	0.080	0.079	0.079
12:30:00	0.079	0.079	0.080	0.080	0.079	0.079	0.080	0.080	0.080	0.080	0.079	0.080	0.079	0.101	1.061	1.308	1.180	0.160	1.460	0.675	0.157	1.148	0.217	0.081	0.080	0.100	0.995	1.148	1.178	0.154	1.140	1.600	0.125	1.150	0.288	0.080	0.080	0.101	1.208	1.229	1.239	0.098	1.055	0.685	0.120	0.970	0.233	0.079	0.080	0.101	1.142	1.254	1.286	0.140	1.229	1.561	0.110	1.246	0.445	0.079	0.080	0.100	0.836	1.002	1.068	0.140	1.274	1.015	0.115	0.986	0.285	0.079	0.081	0.101	0.995	1.112	1.197	0.207	1.095	0.930	0.099	1.159	0.221	0.081	0.079	0.079	0.079	0.079	0.079	0.079	0.079	0.079	0.078	0.080	0.079	0.079
12:40:00	0.079	0.079	0.080	0.080	0.079	0.079	0.080	0.080	0.080	0.080	0.080	0.080	0.079	0.101	1.076	1.317	1.190	0.161	1.479	0.681	0.158	1.158	0.218	0.080	0.079	0.100	1.012	1.158	1.190	0.154	1.144	1.606	0.127	1.165	0.287	0.080	0.080	0.101	1.220	1.238	1.244	0.098	1.069	0.708	0.119	0.973	0.235	0.079	0.080	0.101	1.155	1.262	1.290	0.139	1.242	1.569	0.111	1.252	0.444	0.079	0.080	0.100	0.849	1.020	1.084	0.142	1.315	1.016	0.115	0.998	0.283	0.079	0.080	0.101	1.014	1.124	1.205	0.206	1.112	0.941	0.099	1.165	0.222	0.081	0.079	0.079	0.079	0.079	0.079	0.079	0.079	0.079	0.078	0.080	0.079	0.079
12:50:00	0.079	0.079	0.080	0.080	0.079	0.079	0.080	0.080	0.080	0.080	0.080	0.080	0.079	0.101	1.089	1.312	1.199	0.162	1.498	0.701	0.158	1.165	0.217	0.081	0.079	0.100	1.025	1.164	1.190	0.154	1.152	1.608	0.128	1.184	0.286	0.080	0.080	0.101	1.231	1.247	1.250	0.098	1.087	0.728	0.119	0.973	0.238	0.079	0.080	0.101	1.163	1.271	1.292	0.140	1.264	1.581	0.112	1.257	0.446	0.079	0.080	0.100	0.864	1.034	1.099	0.144	1.348	1.014	0.115	1.007	0.283	0.079	0.081	0.101	1.031	1.136	1.212	0.209	1.127	0.948	0.099	1.175	0.224	0.081	0.079	0.079	0.079	0.079	0.079	0.079	0.079	0.079	0.078	0.080	0.079	0.079
13:00:00	0.079	0.079	0.080	0.080	0.079	0.079	0.080	0.080	0.080	0.080	0.080	0.080	0.079	0.101	1.101	1.317	1.206	0.163	1.510	0.711	0.160	1.174	0.216	0.081	0.079	0.100	1.041	1.171	1.196	0.154	1.162	1.613	0.129	1.198	0.286	0.080	0.080	0.101	1.241	1.256	1.253	0.098	1.101	0.747	0.120	0.974	0.240	0.080	0.080	0.101	1.173	1.277	1.294	0.141	1.274	1.589	0.111	1.261	0.447	0.080	0.080	0.100	0.880	1.049	1.112	0.144	1.375	1.020	0.116	1.018	0.283	0.079	0.081	0.100	1.047	1.147	1.217	0.209	1.142	0.954	0.099	1.186	0.226	0.082	0.079	0.079	0.080	0.080	0.080	0.079	0.079	0.079	0.078	0.080	0.079	0.079
13:10:00	0.079	0.079	0.080	0.080	0.079	0.079	0.080	0.080	0.080	0.080	0.080	0.080	0.079	0.101	1.114	1.336	1.213	0.163	1.516	0.723	0.161	1.187	0.218	0.081	0.080	0.100	1.059	1.181	1.214	0.154	1.166	1.623	0.129	1.206	0.287	0.080	0.080	0.100	1.250	1.264	1.257	0.098	1.112	0.766	0.124	0.975	0.238	0.080	0.080	0.101	1.184	1.282	1.297	0.142	1.276	1.593	0.112	1.265	0.444	0.080	0.080	0.100	0.899	1.064	1.124	0.146	1.401	1.023	0.117	1.035	0.281	0.079	0.081	0.100	1.062	1.157	1.223	0.211	1.157	0.962	0.099	1.196	0.227	0.082	0.079	0.079	0.080	0.080	0.080	0.080	0.080	0.079	0.079	0.080	0.079	0.079
13:20:00	0.079	0.079	0.080	0.080	0.079	0.079	0.080	0.080	0.080	0.080	0.079	0.080	0.079	0.101	1.125	1.324	1.224	0.165	1.527	0.739	0.162	1.190	0.217	0.081	0.080	0.100	1.070	1.186	1.213	0.155	1.178	1.626	0.131	1.224	0.286	0.080	0.080	0.101	1.259	1.272	1.261	0.098	1.133	0.791	0.122	0.975	0.244	0.079	0.080	0.101	1.195	1.288	1.298	0.143	1.295	1.605	0.113	1.267	0.446	0.079	0.080	0.100	0.916	1.076	1.135	0.148	1.419	1.029	0.117	1.049	0.283	0.079	0.081	0.101	1.078	1.166	1.228	0.210	1.170	0.965	0.099	1.203	0.227	0.081	0.079	0.079	0.080	0.079	0.079	0.079	0.079	0.079	0.079	0.080	0.079	0.079
13:30:00	0.079	0.079	0.080	0.080	0.080	0.079	0.080	0.080	0.080	0.080	0.079	0.080	0.080	0.101	1.135	1.326	1.234	0.166	1.534	0.757	0.163	1.198	0.218	0.081	0.080	0.100	1.083	1.193	1.222	0.156	1.186	1.633	0.131	1.234	0.286	0.080	0.080	0.100	1.268	1.279	1.264	0.098	1.141	0.820	0.123	0.976	0.245	0.080	0.080	0.101	1.209	1.293	1.299	0.143	1.303	1.613	0.112	1.270	0.444	0.080	0.080	0.099	0.918	1.088	1.147	0.147	1.435	1.031	0.117	1.064	0.282	0.079	0.081	0.100	1.093	1.176	1.235	0.212	1.184	0.973	0.099	1.216	0.225	0.082	0.079	0.079	0.080	0.080	0.080	0.079	0.079	0.079	0.078	0.080	0.079	0.079
13:40:00	0.079	0.079	0.080	0.080	0.079	0.079	0.080	0.080	0.080	0.080	0.079	0.079	0.079	0.101	1.148	1.348	1.240	0.166	1.536	0.765	0.163	1.210	0.220	0.081	0.079	0.100	1.104	1.202	1.241	0.157	1.192	1.645	0.133	1.240	0.287	0.080	0.080	0.101	1.275	1.285	1.268	0.098	1.145	0.836	0.123	0.976	0.243	0.079	0.080	0.101	1.218	1.296	1.302	0.141	1.301	1.617	0.113	1.274	0.439	0.079	0.080	0.100	0.929	1.104	1.158	0.150	1.453	1.025	0.118	1.079	0.281	0.079	0.080	0.101	1.107	1.186	1.241	0.212	1.196	0.981	0.099	1.229	0.225	0.081	0.079	0.079	0.080	0.079	0.079	0.079	0.079	0.079	0.078	0.080	0.079	0.079
13:50:00	0.079	0.079	0.080	0.080	0.079	0.079	0.080	0.080	0.080	0.080	0.079	0.079	0.079	0.101	1.156	1.343	1.246	0.167	1.544	0.782	0.165	1.214	0.218	0.081	0.079	0.100	1.113	1.206	1.240	0.159	1.202	1.647	0.135	1.255	0.287	0.080	0.080	0.101	1.282	1.292	1.270	0.098	1.164	0.861	0.123	0.975	0.244	0.079	0.080	0.101	1.229	1.301	1.303	0.142	1.315	1.627	0.113	1.275	0.442	0.079	0.080	0.100	0.932	1.114	1.166	0.150	1.468	1.027	0.118	1.088	0.282	0.079	0.080	0.100	1.119	1.193	1.244	0.214	1.208	0.983	0.099	1.236	0.225	0.081	0.079	0.079	0.079	0.079	0.079	0.079	0.079	0.079	0.078	0.080	0.079	0.079
14:00:00	0.079	0.079	0.080	0.080	0.079	0.079	0.080	0.080	0.080	0.080	0.079	0.079	0.079	0.101	1.167	1.350	1.252	0.169	1.549	0.789	0.167	1.221	0.219	0.081	0.080	0.100	1.127	1.213	1.249	0.160	1.212	1.654	0.135	1.265	0.287	0.080	0.080	0.101	1.290	1.298	1.273	0.098	1.181	0.883	0.125	0.976	0.245	0.080	0.080	0.101	1.240	1.305	1.305	0.144	1.321	1.634	0.113	1.278	0.442	0.080	0.080	0.100	0.932	1.125	1.176	0.151	1.481	1.026	0.119	1.100	0.281	0.079	0.080	0.101	1.131	1.202	1.250	0.215	1.221	0.987	0.099	1.246	0.226	0.081	0.079	0.079	0.080	0.079	0.079	0.079	0.079	0.079	0.079	0.080	0.079	0.079
14:10:00	0.079	0.079	0.080	0.080	0.079	0.079	0.080	0.080	0.080	0.080	0.079	0.079	0.079	0.101	1.176	1.354	1.257	0.169	1.553	0.803	0.167	1.227	0.219	0.081	0.080	0.100	1.138	1.218	1.256	0.161	1.220	1.659	0.137	1.275	0.287	0.079	0.080	0.101	1.297	1.303	1.276	0.098	1.195	0.906	0.126	0.975	0.246	0.080	0.080	0.101	1.248	1.309	1.307	0.146	1.327	1.641	0.114	1.280	0.444	0.080	0.080	0.100	0.936	1.136	1.184	0.152	1.494	1.030	0.120	1.112	0.282	0.079	0.080	0.100	1.143	1.209	1.254	0.216	1.232	0.992	0.100	1.256	0.227	0.082	0.079	0.080	0.080	0.080	0.080	0.080	0.080	0.079	0.079	0.080	0.079	0.079
14:20:00	0.079	0.079	0.080	0.080	0.079	0.079	0.080	0.080	0.080	0.080	0.079	0.079	0.080	0.101	1.184	1.356	1.263	0.171	1.556	0.817	0.169	1.232	0.221	0.081	0.080	0.100	1.147	1.222	1.262	0.163	1.227	1.664	0.138	1.283	0.289	0.079	0.080	0.101	1.303	1.308	1.277	0.098	1.206	0.931	0.127	0.975	0.246	0.080	0.080	0.101	1.257	1.312	1.307	0.148	1.333	1.649	0.114	1.281	0.442	0.080	0.080	0.100	0.937	1.145	1.191	0.153	1.505	1.034	0.120	1.125	0.284	0.079	0.080	0.101	1.154	1.214	1.258	0.219	1.244	0.996	0.099	1.268	0.227	0.082	0.079	0.079	0.080	0.080	0.080	0.079	0.080	0.079	0.078	0.080	0.079	0.079
14:30:00	0.079	0.079	0.080	0.080	0.079	0.079	0.080	0.080	0.080	0.080	0.079	0.079	0.079	0.101	1.192	1.372	1.266	0.173	1.557	0.830	0.171	1.239	0.221	0.081	0.079	0.100	1.158	1.228	1.273	0.163	1.235	1.671	0.139	1.288	0.289	0.079	0.080	0.101	1.307	1.312	1.278	0.098	1.208	0.950	0.125	0.975	0.242	0.080	0.080	0.101	1.262	1.313	1.308	0.148	1.331	1.652	0.114	1.282	0.440	0.080	0.080	0.100	0.946	1.156	1.198	0.155	1.516	1.032	0.121	1.142	0.281	0.079	0.080	0.101	1.163	1.220	1.262	0.220	1.253	1.002	0.099	1.281	0.227	0.082	0.078	0.079	0.080	0.079	0.080	0.079	0.079	0.079	0.078	0.080	0.079	0.079
14:40:00	0.079	0.079	0.080	0.080	0.079	0.079	0.080	0.080	0.080	0.080	0.079	0.079	0.079	0.101	1.198	1.364	1.270	0.176	1.565	0.843	0.174	1.241	0.219	0.081	0.080	0.100	1.164	1.229	1.270	0.162	1.245	1.673	0.140	1.301	0.291	0.079	0.080	0.101	1.312	1.316	1.280	0.098	1.227	0.974	0.126	0.973	0.244	0.080	0.080	0.101	1.268	1.316	1.308	0.149	1.344	1.663	0.115	1.283	0.443	0.080	0.080	0.100	0.957	1.163	1.204	0.156	1.526	1.040	0.121	1.152	0.284	0.079	0.080	0.100	1.173	1.225	1.264	0.222	1.263	1.003	0.100	1.283	0.228	0.082	0.079	0.079	0.080	0.080	0.080	0.079	0.079	0.079	0.078	0.080	0.079	0.079
14:50:00	0.080	0.079	0.080	0.080	0.080	0.080	0.080	0.080	0.080	0.080	0.079	0.080	0.080	0.101	1.203	1.366	1.274	0.178	1.569	0.858	0.176	1.245	0.220	0.081	0.080	0.100	1.171	1.233	1.274	0.158	1.253	1.678	0.141	1.309	0.291	0.079	0.080	0.101	1.316	1.319	1.281	0.098	1.237	0.996	0.125	0.972	0.245	0.080	0.080	0.101	1.274	1.317	1.307	0.149	1.349	1.671	0.115	1.283	0.444	0.080	0.080	0.100	0.970	1.170	1.209	0.157	1.537	1.046	0.122	1.166	0.285	0.079	0.081	0.100	1.182	1.229	1.265	0.225	1.272	1.008	0.100	1.293	0.229	0.082	0.079	0.080	0.080	0.080	0.080	0.080	0.080	0.080	0.079	0.080	0.079	0.079
15:00:00	0.080	0.079	0.080	0.080	0.079	0.080	0.080	0.080	0.080	0.080	0.079	0.080	0.080	0.100	1.208	1.365	1.277	0.180	1.573	0.867	0.179	1.247	0.221	0.081	0.080	0.100	1.177	1.235	1.276	0.159	1.260	1.682	0.143	1.316	0.291	0.079	0.080	0.100	1.319	1.322	1.280	0.098	1.247	1.017	0.127	0.971	0.245	0.079	0.080	0.100	1.281	1.318	1.306	0.151	1.356	1.679	0.116	1.282	0.444	0.080	0.080	0.100	0.983	1.175	1.213	0.158	1.546	1.048	0.122	1.174	0.284	0.079	0.081	0.100	1.189	1.232	1.267	0.226	1.280	1.011	0.100	1.304	0.229	0.082	0.079	0.080	0.080	0.080	0.080	0.080	0.080	0.079	0.079	0.080	0.079	0.079
15:10:00	0.079	0.079	0.080	0.079	0.079	0.079	0.080	0.080	0.080	0.080	0.079	0.080	0.080	0.101	1.214	1.366	1.282	0.181	1.576	0.886	0.180	1.250	0.222	0.081	0.080	0.100	1.184	1.238	1.280	0.160	1.268	1.688	0.144	1.322	0.291	0.079	0.080	0.101	1.323	1.325	1.281	0.098	1.254	1.039	0.128	0.969	0.244	0.079	0.080	0.101	1.287	1.319	1.306	0.153	1.359	1.689	0.116	1.283	0.445	0.079	0.080	0.100	0.994	1.181	1.217	0.160	1.558	1.052	0.123	1.190	0.286	0.079	0.080	0.100	1.197	1.237	1.269	0.227	1.288	1.016	0.100	1.315	0.230	0.082	0.079	0.079	0.080	0.080	0.080	0.079	0.080	0.079	0.079	0.080	0.079	0.079
15:20:00	0.080	0.079	0.080	0.079	0.080	0.080	0.080	0.080	0.080	0.080	0.079	0.080	0.080	0.100	1.220	1.368	1.289	0.182	1.582	0.902	0.182	1.255	0.224	0.081	0.080	0.100	1.192	1.242	1.287	0.161	1.279	1.695	0.145	1.329	0.293	0.079	0.080	0.100	1.328	1.329	1.283	0.098	1.257	1.065	0.129	0.970	0.244	0.079	0.080	0.100	1.295	1.321	1.306	0.153	1.365	1.701	0.116	1.284	0.442	0.079	0.080	0.099	1.004	1.188	1.222	0.161	1.572	1.055	0.124	1.204	0.285	0.079	0.080	0.100	1.206	1.242	1.274	0.228	1.297	1.025	0.100	1.331	0.228	0.082	0.079	0.080	0.080	0.080	0.080	0.079	0.080	0.079	0.078	0.080	0.079	0.079
15:30:01	0.079	0.079	0.080	0.079	0.079	0.080	0.080	0.080	0.080	0.080	0.079	0.080	0.079	0.101	1.227	1.384	1.291	0.182	1.581	0.922	0.182	1.261	0.226	0.081	0.079	0.100	1.203	1.246	1.300	0.161	1.286	1.704	0.147	1.330	0.294	0.079	0.080	0.101	1.330	1.331	1.284	0.098	1.252	1.082	0.130	0.968	0.240	0.079	0.080	0.101	1.302	1.321	1.307	0.155	1.356	1.269	0.117	1.285	0.439	0.079	0.079	0.100	1.001	1.196	1.226	0.162	1.292	1.060	0.124	1.219	0.285	0.079	0.080	0.101	1.212	1.246	1.277	0.228	1.304	1.033	0.100	1.343	0.228	0.082	0.079	0.079	0.080	0.080	0.080	0.079	0.080	0.079	0.079	0.080	0.079	0.079
15:40:01	0.079	0.079	0.080	0.079	0.079	0.080	0.080	0.080	0.080	0.080	0.079	0.080	0.080	0.101	1.230	1.376	1.294	0.183	1.587	0.938	0.185	1.260	0.225	0.081	0.080	0.100	1.206	1.246	1.297	0.162	1.294	1.706	0.148	1.338	0.293	0.079	0.080	0.100	1.333	1.333	1.284	0.098	1.261	1.101	0.131	0.966	0.243	0.079	0.080	0.101	1.306	1.322	1.305	0.157	1.367	1.290	0.117	1.283	0.442	0.079	0.079	0.100	1.013	1.200	1.228	0.163	1.270	1.063	0.124	1.205	0.286	0.079	0.080	0.100	1.218	1.249	1.277	0.229	1.310	1.036	0.100	1.353	0.229	0.082	0.079	0.079	0.080	0.080	0.079	0.079	0.079	0.079	0.079	0.080	0.079	0.079
15:50:01	0.079	0.079	0.080	0.079	0.079	0.080	0.080	0.080	0.080	0.080	0.079	0.080	0.079	0.101	1.235	1.391	1.294	0.182	1.585	0.956	0.185	1.265	0.226	0.081	0.079	0.100	1.214	1.250	1.308	0.163	1.299	1.714	0.149	1.338	0.294	0.079	0.080	0.101	1.334	1.334	1.283	0.098	1.254	1.117	0.132	0.964	0.242	0.079	0.080	0.101	1.311	1.321	1.305	0.157	1.360	1.300	0.117	1.283	0.441	0.079	0.079	0.100	1.000	1.205	1.231	0.164	1.254	1.059	0.126	1.216	0.284	0.079	0.080	0.100	1.222	1.251	1.278	0.227	1.315	1.043	0.100	1.363	0.230	0.082	0.079	0.080	0.080	0.080	0.080	0.079	0.080	0.080	0.079	0.080	0.079	0.079
16:00:01	0.080	0.079	0.080	0.079	0.080	0.080	0.080	0.080	0.080	0.080	0.079	0.080	0.080	0.101	1.239	1.391	1.298	0.183	1.588	0.972	0.185	1.265	0.227	0.081	0.080	0.100	1.218	1.252	1.311	0.164	1.306	1.717	0.149	1.342	0.293	0.079	0.080	0.101	1.337	1.336	1.282	0.098	1.256	1.135	0.133	0.962	0.244	0.079	0.080	0.101	1.315	1.321	1.304	0.157	1.363	1.310	0.118	1.282	0.441	0.079	0.079	0.100	1.003	1.210	1.234	0.164	1.253	1.065	0.126	1.221	0.286	0.079	0.080	0.101	1.227	1.254	1.280	0.227	1.320	1.049	0.100	1.372	0.229	0.081	0.079	0.080	0.080	0.080	0.080	0.079	0.080	0.080	0.079	0.080	0.079	0.079
16:10:01	0.080	0.079	0.080	0.079	0.080	0.080	0.080	0.080	0.080	0.080	0.079	0.080	0.080	0.101	1.241	1.381	1.301	0.184	1.593	0.988	0.188	1.264	0.225	0.081	0.080	0.100	1.219	1.251	1.307	0.166	1.310	1.719	0.149	1.349	0.293	0.079	0.080	0.101	1.339	1.337	1.282	0.098	1.262	1.151	0.133	0.960	0.246	0.079	0.080	0.101	1.319	1.322	1.302	0.157	1.374	1.315	0.118	1.281	0.444	0.079	0.079	0.100	1.018	1.212	1.236	0.166	1.248	1.071	0.127	1.227	0.288	0.079	0.080	0.100	1.233	1.256	1.281	0.225	1.326	1.055	0.101	1.380	0.229	0.081	0.079	0.079	0.080	0.080	0.080	0.079	0.080	0.080	0.078	0.080	0.079	0.079
16:20:01	0.080	0.079	0.080	0.079	0.079	0.080	0.080	0.080	0.080	0.080	0.079	0.080	0.080	0.101	1.245	1.395	1.300	0.184	1.594	1.009	0.191	1.266	0.225	0.081	0.079	0.100	1.224	1.253	1.315	0.169	1.311	1.726	0.150	1.348	0.293	0.079	0.080	0.101	1.339	1.337	1.281	0.098	1.253	1.164	0.132	0.959	0.245	0.079	0.080	0.101	1.321	1.320	1.300	0.156	1.367	1.312	0.118	1.280	0.441	0.079	0.079	0.100	1.017	1.217	1.238	0.166	1.243	1.066	0.128	1.238	0.286	0.079	0.080	0.101	1.236	1.258	1.282	0.218	1.328	1.063	0.100	1.392	0.230	0.081	0.079	0.079	0.080	0.080	0.080	0.079	0.080	0.079	0.078	0.080	0.079	0.079
16:30:01	0.080	0.079	0.080	0.079	0.080	0.080	0.080	0.080	0.080	0.080	0.079	0.080	0.079	0.100	1.250	1.397	1.303	0.185	1.598	1.029	0.193	1.270	0.226	0.081	0.079	0.100	1.229	1.256	1.319	0.172	1.307	1.732	0.151	1.353	0.294	0.079	0.080	0.100	1.343	1.340	1.282	0.098	1.254	1.179	0.133	0.957	0.245	0.079	0.080	0.101	1.325	1.321	1.301	0.155	1.371	1.310	0.119	1.280	0.443	0.079	0.079	0.099	1.024	1.222	1.240	0.168	1.246	1.069	0.128	1.245	0.288	0.079	0.080	0.100	1.241	1.261	1.284	0.216	1.334	1.071	0.101	1.402	0.231	0.081	0.079	0.079	0.079	0.080	0.080	0.079	0.080	0.080	0.078	0.080	0.079	0.079
16:40:01	0.080	0.080	0.080	0.080	0.080	0.080	0.080	0.080	0.080	0.080	0.079	0.080	0.080	0.100	1.251	1.385	1.305	0.187	1.605	1.041	0.194	1.267	0.225	0.081	0.080	0.100	1.229	1.255	1.314	0.172	1.305	1.733	0.152	1.361	0.294	0.079	0.080	0.101	1.344	1.340	1.281	0.098	1.262	1.192	0.135	0.956	0.249	0.079	0.080	0.101	1.327	1.321	1.298	0.157	1.381	1.317	0.119	1.278	0.446	0.079	0.080	0.100	1.038	1.224	1.241	0.169	1.245	1.076	0.129	1.215	0.289	0.079	0.081	0.100	1.246	1.263	1.284	0.221	1.339	1.075	0.101	1.409	0.232	0.082	0.079	0.080	0.079	0.080	0.080	0.079	0.080	0.080	0.079	0.080	0.080	0.079
16:50:01	0.080	0.079	0.080	0.080	0.080	0.080	0.080	0.080	0.080	0.080	0.079	0.080	0.080	0.100	1.251	1.382	1.306	0.189	1.606	1.057	0.195	1.264	0.222	0.081	0.080	0.100	1.230	1.253	1.313	0.175	1.300	1.735	0.154	1.361	0.293	0.079	0.080	0.100	1.342	1.338	1.278	0.098	1.262	1.202	0.137	0.953	0.248	0.079	0.080	0.100	1.328	1.318	1.293	0.160	1.384	1.306	0.120	1.273	0.446	0.079	0.080	0.100	1.046	1.222	1.239	0.171	1.231	1.075	0.129	1.192	0.286	0.079	0.081	0.100	1.247	1.262	1.282	0.227	1.340	1.081	0.101	1.415	0.231	0.081	0.079	0.080	0.079	0.080	0.080	0.079	0.079	0.080	0.079	0.080	0.079	0.079
17:00:01	0.079	0.079	0.080	0.079	0.080	0.080	0.080	0.080	0.080	0.080	0.079	0.080	0.080	0.101	1.254	1.382	1.308	0.189	1.608	1.073	0.198	1.264	0.222	0.081	0.080	0.100	1.232	1.254	1.315	0.174	1.300	1.739	0.155	1.362	0.294	0.079	0.080	0.101	1.343	1.338	1.277	0.098	1.261	1.214	0.140	0.950	0.251	0.079	0.080	0.101	1.330	1.317	1.291	0.162	1.383	1.298	0.120	1.272	0.446	0.079	0.079	0.100	1.049	1.224	1.240	0.173	1.229	1.077	0.130	1.158	0.289	0.079	0.081	0.100	1.250	1.264	1.284	0.231	1.343	1.088	0.101	1.423	0.232	0.081	0.079	0.080	0.079	0.080	0.080	0.079	0.079	0.080	0.079	0.080	0.079	0.079
17:10:01	0.079	0.080	0.080	0.080	0.080	0.080	0.080	0.080	0.080	0.081	0.079	0.080	0.080	0.100	1.256	1.380	1.311	0.189	1.611	1.088	0.199	1.264	0.222	0.081	0.080	0.100	1.234	1.254	1.319	0.175	1.303	1.744	0.155	1.363	0.292	0.079	0.080	0.100	1.343	1.338	1.276	0.098	1.262	1.226	0.140	0.948	0.252	0.079	0.080	0.100	1.333	1.315	1.288	0.162	1.387	1.295	0.120	1.269	0.445	0.079	0.080	0.099	1.055	1.226	1.240	0.172	1.236	1.081	0.130	1.174	0.289	0.079	0.081	0.100	1.253	1.264	1.285	0.236	1.347	1.096	0.101	1.432	0.230	0.081	0.079	0.080	0.079	0.080	0.080	0.079	0.079	0.080	0.078	0.080	0.080	0.079
17:20:01	0.079	0.079	0.080	0.079	0.080	0.080	0.080	0.080	0.080	0.080	0.079	0.080	0.080	0.100	1.258	1.384	1.312	0.191	1.613	1.105	0.204	1.263	0.223	0.081	0.080	0.100	1.238	1.255	1.323	0.177	1.304	1.749	0.157	1.363	0.293	0.079	0.080	0.100	1.343	1.337	1.276	0.098	1.261	1.234	0.139	0.946	0.253	0.079	0.080	0.101	1.335	1.313	1.286	0.164	1.385	1.284	0.121	1.267	0.443	0.079	0.079	0.100	1.063	1.228	1.241	0.174	1.228	1.082	0.131	1.177	0.288	0.079	0.081	0.100	1.254	1.265	1.286	0.241	1.349	1.103	0.101	1.441	0.230	0.081	0.079	0.080	0.079	0.080	0.080	0.079	0.079	0.080	0.078	0.079	0.079	0.079
17:30:01	0.079	0.079	0.080	0.079	0.080	0.080	0.080	0.080	0.080	0.080	0.079	0.080	0.080	0.100	1.259	1.386	1.312	0.194	1.615	1.120	0.206	1.262	0.222	0.081	0.080	0.100	1.239	1.256	1.325	0.178	1.303	1.753	0.158	1.363	0.293	0.079	0.080	0.100	1.342	1.337	1.275	0.098	1.258	1.241	0.140	0.943	0.252	0.079	0.080	0.101	1.336	1.311	1.284	0.164	1.385	1.287	0.121	1.264	0.443	0.079	0.079	0.099	1.068	1.228	1.240	0.175	1.231	1.080	0.131	1.181	0.290	0.079	0.080	0.100	1.255	1.266	1.287	0.244	1.350	1.110	0.102	1.447	0.230	0.081	0.079	0.080	0.079	0.080	0.080	0.079	0.079	0.079	0.078	0.079	0.079	0.078
17:40:01	0.079	0.079	0.080	0.079	0.079	0.080	0.080	0.080	0.080	0.080	0.079	0.080	0.080	0.101	1.261	1.389	1.313	0.197	1.617	1.135	0.207	1.262	0.222	0.081	0.080	0.100	1.241	1.257	1.329	0.180	1.306	1.757	0.160	1.363	0.294	0.079	0.080	0.101	1.343	1.336	1.274	0.098	1.257	1.248	0.140	0.941	0.251	0.079	0.080	0.101	1.337	1.310	1.283	0.166	1.381	1.290	0.122	1.262	0.444	0.079	0.079	0.100	1.081	1.230	1.241	0.176	1.234	1.083	0.132	1.184	0.288	0.079	0.080	0.100	1.256	1.267	1.288	0.246	1.351	1.118	0.102	1.454	0.231	0.081	0.079	0.080	0.079	0.080	0.080	0.079	0.079	0.080	0.079	0.079	0.079	0.079
17:50:01	0.079	0.079	0.080	0.079	0.079	0.080	0.080	0.080	0.080	0.080	0.079	0.080	0.080	0.100	1.264	1.391	1.315	0.200	1.619	1.150	0.211	1.262	0.221	0.081	0.080	0.100	1.243	1.259	1.333	0.180	1.309	1.762	0.160	1.365	0.293	0.079	0.080	0.100	1.344	1.337	1.275	0.098	1.256	1.256	0.140	0.938	0.252	0.079	0.080	0.101	1.339	1.309	1.282	0.167	1.383	1.284	0.122	1.260	0.445	0.079	0.080	0.100	1.102	1.233	1.242	0.176	1.216	1.084	0.132	1.186	0.289	0.079	0.081	0.100	1.260	1.269	1.291	0.248	1.353	1.127	0.103	1.469	0.231	0.081	0.079	0.080	0.079	0.080	0.080	0.079	0.079	0.080	0.079	0.079	0.079	0.079
18:00:01	0.079	0.079	0.080	0.079	0.079	0.080	0.080	0.080	0.080	0.080	0.079	0.080	0.080	0.101	1.266	1.401	1.316	0.202	1.618	1.166	0.213	1.262	0.223	0.081	0.080	0.100	1.245	1.261	1.341	0.182	1.313	1.767	0.161	1.361	0.293	0.079	0.080	0.101	1.343	1.336	1.274	0.098	1.246	1.263	0.141	0.935	0.249	0.079	0.080	0.101	1.340	1.307	1.281	0.168	1.377	1.282	0.123	1.258	0.443	0.079	0.079	0.100	1.079	1.233	1.241	0.175	1.228	1.086	0.133	1.201	0.289	0.079	0.080	0.100	1.259	1.269	1.293	0.248	1.352	1.136	0.102	1.222	0.230	0.081	0.079	0.080	0.079	0.080	0.080	0.079	0.079	0.080	0.078	0.079	0.079	0.079
18:10:01	0.079	0.079	0.080	0.079	0.079	0.080	0.080	0.080	0.080	0.080	0.079	0.080	0.080	0.101	1.267	1.403	1.316	0.203	1.619	1.178	0.217	1.260	0.224	0.081	0.080	0.100	1.245	1.261	1.342	0.183	1.315	1.770	0.163	1.361	0.294	0.080	0.080	0.101	1.342	1.335	1.274	0.098	1.246	1.268	0.141	0.933	0.249	0.079	0.080	0.101	1.339	1.305	1.279	0.169	1.374	1.273	0.123	1.255	0.444	0.079	0.080	0.100	1.070	1.235	1.241	0.174	1.214	1.088	0.134	1.201	0.288	0.079	0.080	0.100	1.260	1.269	1.294	0.251	1.352	1.143	0.103	1.222	0.231	0.081	0.079	0.080	0.079	0.079	0.080	0.079	0.079	0.080	0.078	0.079	0.079	0.079
18:20:01	0.079	0.080	0.080	0.079	0.080	0.080	0.080	0.080	0.080	0.081	0.079	0.080	0.080	0.101	1.268	1.393	1.318	0.206	1.625	1.186	0.216	1.259	0.223	0.081	0.080	0.100	1.244	1.261	1.338	0.185	1.320	1.772	0.165	1.366	0.292	0.080	0.080	0.100	1.343	1.335	1.275	0.098	1.255	1.276	0.142	0.930	0.251	0.080	0.080	0.101	1.340	1.304	1.277	0.170	1.385	1.270	0.123	1.253	0.446	0.080	0.080	0.099	1.067	1.236	1.241	0.175	1.209	1.094	0.134	1.197	0.291	0.079	0.081	0.100	1.262	1.271	1.295	0.252	1.354	1.151	0.103	1.219	0.233	0.082	0.079	0.080	0.079	0.079	0.080	0.079	0.079	0.080	0.079	0.079	0.079	0.079
18:30:01	0.080	0.079	0.080	0.080	0.080	0.080	0.080	0.080	0.080	0.081	0.079	0.080	0.080	0.100	1.267	1.393	1.319	0.207	1.627	1.195	0.216	1.258	0.222	0.082	0.080	0.100	1.244	1.262	1.340	0.187	1.323	1.775	0.166	1.368	0.293	0.080	0.080	0.100	1.342	1.334	1.274	0.098	1.255	1.281	0.144	0.928	0.250	0.080	0.080	0.100	1.339	1.302	1.275	0.171	1.385	1.269	0.124	1.250	0.448	0.080	0.080	0.100	1.057	1.235	1.240	0.180	1.206	1.096	0.135	1.196	0.292	0.079	0.081	0.100	1.263	1.272	1.296	0.253	1.355	1.157	0.104	1.220	0.234	0.082	0.080	0.080	0.080	0.079	0.080	0.080	0.079	0.080	0.079	0.079	0.080	0.079
18:40:01	0.080	0.079	0.080	0.079	0.080	0.080	0.080	0.080	0.080	0.080	0.079	0.080	0.080	0.100	1.267	1.392	1.321	0.208	1.629	1.209	0.217	1.256	0.224	0.081	0.080	0.099	1.244	1.263	1.341	0.188	1.327	1.778	0.169	1.370	0.293	0.079	0.080	0.100	1.342	1.333	1.274	0.098	1.258	1.287	0.144	0.924	0.250	0.079	0.080	0.100	1.339	1.301	1.273	0.171	1.390	1.265	0.124	1.247	0.448	0.080	0.080	0.100	1.073	1.234	1.240	0.185	1.201	1.097	0.136	1.196	0.292	0.079	0.081	0.100	1.263	1.273	1.298	0.254	1.355	1.164	0.104	1.222	0.234	0.082	0.080	0.080	0.080	0.079	0.080	0.080	0.079	0.080	0.079	0.079	0.079	0.079
18:50:01	0.080	0.079	0.080	0.080	0.080	0.080	0.080	0.080	0.080	0.081	0.079	0.080	0.080	0.101	1.269	1.389	1.324	0.210	1.632	1.219	0.219	1.255	0.226	0.081	0.080	0.100	1.243	1.264	1.343	0.190	1.331	1.781	0.171	1.371	0.294	0.079	0.080	0.101	1.342	1.333	1.275	0.098	1.261	1.296	0.146	0.921	0.251	0.079	0.080	0.101	1.339	1.300	1.271	0.172	1.393	1.262	0.125	1.244	0.448	0.080	0.080	0.100	1.072	1.235	1.239	0.189	1.202	1.097	0.136	1.197	0.296	0.079	0.081	0.100	1.264	1.273	1.300	0.254	1.357	1.171	0.104	1.222	0.233	0.082	0.079	0.080	0.079	0.079	0.080	0.079	0.079	0.080	0.078	0.079	0.079	0.079
19:00:01	0.080	0.079	0.080	0.080	0.080	0.080	0.080	0.081	0.081	0.081	0.079	0.081	0.080	0.100	1.274	1.387	1.329	0.210	1.633	1.233	0.225	1.254	0.231	0.081	0.080	0.100	1.244	1.266	1.352	0.191	1.336	1.786	0.173	1.371	0.297	0.080	0.081	0.100	1.341	1.333	1.275	0.098	1.265	1.307	0.146	0.919	0.256	0.079	0.080	0.100	1.339	1.297	1.268	0.174	1.395	1.250	0.125	1.241	0.446	0.080	0.080	0.099	1.074	1.234	1.239	0.190	1.220	1.099	0.137	1.197	0.296	0.079	0.081	0.100	1.265	1.274	1.303	0.255	1.362	1.177	0.104	1.232	0.230	0.082	0.080	0.080	0.079	0.079	0.080	0.079	0.079	0.080	0.078	0.079	0.079	0.079
19:10:01	0.080	0.079	0.080	0.079	0.080	0.080	0.080	0.080	0.080	0.081	0.079	0.080	0.080	0.101	1.271	1.395	1.327	0.212	1.634	1.242	0.225	1.255	0.230	0.081	0.080	0.100	1.246	1.268	1.351	0.192	1.338	1.790	0.171	1.373	0.297	0.079	0.080	0.101	1.342	1.333	1.276	0.098	1.259	1.307	0.147	0.917	0.253	0.079	0.080	0.101	1.339	1.296	1.270	0.176	1.388	1.262	0.126	1.240	0.447	0.080	0.080	0.100	1.080	1.236	1.239	0.193	1.194	1.095	0.138	1.205	0.299	0.079	0.081	0.100	1.266	1.277	1.305	0.256	1.358	1.184	0.105	1.242	0.232	0.082	0.080	0.080	0.079	0.079	0.080	0.079	0.079	0.080	0.079	0.079	0.079	0.079
19:20:01	0.079	0.079	0.080	0.079	0.079	0.080	0.080	0.080	0.079	0.080	0.079	0.080	0.080	0.100	1.273	1.410	1.327	0.211	1.633	1.252	0.225	1.258	0.232	0.080	0.080	0.099	1.250	1.272	1.358	0.194	1.340	1.796	0.171	1.371	0.301	0.079	0.080	0.100	1.342	1.334	1.278	0.098	1.250	1.313	0.147	0.915	0.248	0.079	0.080	0.100	1.340	1.295	1.270	0.176	1.378	1.264	0.126	1.240	0.445	0.079	0.079	0.099	1.082	1.239	1.240	0.195	1.204	1.097	0.139	1.221	0.302	0.079	0.080	0.100	1.266	1.280	1.310	0.259	1.357	1.192	0.105	1.259	0.233	0.081	0.079	0.080	0.079	0.079	0.080	0.079	0.079	0.080	0.078	0.079	0.079	0.079
19:30:01	0.079	0.079	0.080	0.079	0.079	0.080	0.080	0.080	0.079	0.080	0.079	0.080	0.080	0.100	1.275	1.411	1.327	0.215	1.633	1.262	0.230	1.258	0.235	0.080	0.080	0.099	1.251	1.274	1.360	0.196	1.342	1.799	0.168	1.372	0.305	0.079	0.080	0.100	1.342	1.335	1.279	0.098	1.250	1.319	0.148	0.913	0.248	0.079	0.080	0.101	1.341	1.294	1.269	0.178	1.378	1.264	0.127	1.238	0.446	0.080	0.080	0.099	1.124	1.239	1.240	0.200	1.201	1.099	0.139	1.228	0.304	0.079	0.080	0.100	1.268	1.282	1.312	0.263	1.356	1.199	0.105	1.262	0.233	0.082	0.080	0.080	0.079	0.079	0.079	0.079	0.079	0.080	0.079	0.079	0.079	0.079
19:40:01	0.080	0.079	0.080	0.079	0.080	0.080	0.080	0.080	0.080	0.081	0.079	0.080	0.080	0.100	1.276	1.412	1.329	0.216	1.634	1.270	0.229	1.257	0.238	0.081	0.080	0.099	1.250	1.276	1.362	0.198	1.344	1.802	0.168	1.373	0.307	0.079	0.080	0.100	1.342	1.335	1.280	0.098	1.251	1.327	0.150	0.911	0.249	0.079	0.080	0.101	1.340	1.292	1.268	0.180	1.378	1.252	0.128	1.236	0.448	0.080	0.080	0.100	1.140	1.240	1.240	0.199	1.194	1.095	0.141	1.232	0.308	0.079	0.081	0.100	1.270	1.285	1.315	0.266	1.357	1.205	0.106	1.260	0.234	0.082	0.079	0.080	0.080	0.079	0.079	0.080	0.079	0.080	0.079	0.079	0.079	0.079
19:50:01	0.080	0.079	0.080	0.080	0.080	0.080	0.080	0.080	0.080	0.081	0.079	0.079	0.080	0.101	1.278	1.413	1.330	0.218	1.635	1.278	0.228	1.257	0.238	0.081	0.080	0.100	1.250	1.278	1.363	0.200	1.345	1.804	0.167	1.373	0.310	0.079	0.080	0.101	1.343	1.335	1.281	0.098	1.251	1.338	0.151	0.908	0.250	0.079	0.080	0.101	1.340	1.291	1.267	0.181	1.381	1.260	0.128	1.234	0.448	0.079	0.080	0.099	1.148	1.241	1.241	0.201	1.197	1.096	0.141	1.241	0.312	0.079	0.081	0.100	1.273	1.287	1.318	0.271	1.356	1.212	0.106	1.266	0.234	0.082	0.079	0.080	0.079	0.079	0.079	0.079	0.079	0.079	0.078	0.079	0.079	0.079
20:00:01	0.080	0.079	0.080	0.079	0.080	0.080	0.080	0.080	0.080	0.081	0.079	0.079	0.080	0.100	1.278	1.415	1.332	0.222	1.637	1.284	0.226	1.256	0.240	0.081	0.080	0.100	1.251	1.280	1.362	0.199	1.345	1.807	0.167	1.373	0.312	0.079	0.080	0.101	1.343	1.336	1.282	0.098	1.251	1.346	0.153	0.907	0.249	0.079	0.080	0.101	1.340	1.291	1.266	0.183	1.377	1.261	0.128	1.233	0.448	0.079	0.080	0.100	1.150	1.243	1.242	0.209	1.200	1.097	0.142	1.250	0.314	0.079	0.080	0.100	1.276	1.290	1.322	0.278	1.357	1.218	0.107	1.273	0.235	0.082	0.079	0.080	0.079	0.079	0.079	0.079	0.079	0.079	0.078	0.079	0.079	0.079
20:10:01	0.079	0.079	0.080	0.080	0.080	0.080	0.080	0.080	0.080	0.081	0.079	0.079	0.080	0.100	1.280	1.416	1.332	0.225	1.639	1.292	0.224	1.257	0.240	0.081	0.080	0.100	1.252	1.281	1.362	0.201	1.347	1.810	0.168	1.373	0.314	0.080	0.080	0.100	1.344	1.336	1.283	0.098	1.252	1.350	0.153	0.906	0.252	0.079	0.080	0.100	1.341	1.289	1.265	0.185	1.380	1.249	0.129	1.231	0.450	0.079	0.080	0.099	1.156	1.245	1.242	0.218	1.190	1.090	0.142	1.254	0.323	0.079	0.081	0.100	1.279	1.293	1.324	0.283	1.358	1.224	0.108	1.269	0.237	0.082	0.079	0.079	0.079	0.079	0.079	0.079	0.079	0.079	0.078	0.079	0.080	0.079
20:20:01	0.079	0.079	0.080	0.080	0.080	0.080	0.080	0.080	0.080	0.081	0.079	0.080	0.080	0.100	1.278	1.406	1.335	0.230	1.643	1.295	0.222	1.255	0.239	0.081	0.080	0.100	1.250	1.282	1.356	0.202	1.346	1.810	0.172	1.377	0.315	0.080	0.080	0.100	1.345	1.337	1.284	0.098	1.261	1.369	0.154	0.904	0.256	0.079	0.080	0.100	1.341	1.289	1.262	0.186	1.390	1.250	0.130	1.228	0.452	0.079	0.080	0.099	1.175	1.246	1.242	0.225	1.183	1.097	0.143	1.254	0.329	0.079	0.081	0.100	1.285	1.298	1.326	0.291	1.362	1.229	0.109	1.261	0.237	0.082	0.079	0.079	0.080	0.080	0.080	0.080	0.079	0.079	0.079	0.080	0.079	0.079
20:30:01	0.079	0.079	0.080	0.080	0.080	0.080	0.080	0.080	0.080	0.081	0.079	0.079	0.080	0.100	1.278	1.404	1.337	0.233	1.645	1.300	0.220	1.254	0.240	0.081	0.080	0.099	1.250	1.284	1.356	0.201	1.347	1.812	0.177	1.377	0.316	0.079	0.080	0.100	1.345	1.337	1.286	0.098	1.265	1.401	0.155	0.902	0.256	0.079	0.080	0.100	1.341	1.288	1.261	0.188	1.396	1.250	0.130	1.226	0.452	0.079	0.080	0.100	1.194	1.246	1.243	0.231	1.185	1.101	0.143	1.258	0.334	0.079	0.081	0.100	1.289	1.301	1.328	0.296	1.364	1.234	0.110	1.263	0.237	0.082	0.079	0.079	0.080	0.079	0.079	0.080	0.079	0.079	0.079	0.079	0.079	0.079
20:40:01	0.079	0.079	0.080	0.080	0.080	0.080	0.080	0.080	0.080	0.081	0.079	0.080	0.080	0.100	1.289	1.399	1.343	0.239	1.648	1.309	0.216	1.254	0.241	0.081	0.080	0.100	1.251	1.287	1.365	0.203	1.349	1.815	0.179	1.376	0.317	0.080	0.081	0.100	1.347	1.339	1.288	0.098	1.273	1.411	0.155	0.901	0.264	0.079	0.080	0.100	1.342	1.287	1.260	0.190	1.403	1.246	0.131	1.225	0.451	0.079	0.080	0.099	1.199	1.246	1.244	0.231	1.203	1.108	0.145	1.259	0.343	0.079	0.081	0.100	1.293	1.303	1.333	0.308	1.373	1.239	0.110	1.261	0.234	0.082	0.079	0.079	0.080	0.079	0.079	0.079	0.079	0.079	0.078	0.079	0.079	0.079
20:50:01	0.080	0.079	0.080	0.080	0.080	0.080	0.080	0.080	0.080	0.081	0.079	0.080	0.080	0.100	1.286	1.407	1.341	0.242	1.649	1.314	0.214	1.256	0.241	0.081	0.080	0.100	1.253	1.289	1.362	0.202	1.349	1.820	0.184	1.377	0.316	0.080	0.081	0.100	1.348	1.340	1.290	0.098	1.272	1.415	0.156	0.901	0.260	0.079	0.080	0.100	1.343	1.286	1.261	0.191	1.400	1.256	0.132	1.224	0.451	0.079	0.080	0.099	1.204	1.250	1.246	0.236	1.191	1.110	0.146	1.268	0.347	0.079	0.081	0.100	1.299	1.309	1.337	0.312	1.371	1.246	0.111	1.276	0.235	0.082	0.079	0.079	0.079	0.079	0.079	0.080	0.079	0.079	0.079	0.079	0.079	0.079
21:00:01	0.079	0.079	0.080	0.080	0.080	0.080	0.081	0.080	0.080	0.081	0.079	0.080	0.080	0.100	1.295	1.406	1.344	0.244	1.649	1.321	0.216	1.256	0.243	0.081	0.080	0.100	1.255	1.292	1.368	0.201	1.349	1.825	0.188	1.375	0.319	0.080	0.081	0.100	1.348	1.341	1.291	0.098	1.274	1.426	0.157	0.900	0.263	0.079	0.080	0.100	1.343	1.285	1.260	0.193	1.400	1.246	0.132	1.222	0.451	0.079	0.080	0.099	1.210	1.249	1.247	0.234	1.197	1.111	0.147	1.275	0.350	0.079	0.081	0.100	1.303	1.313	1.341	0.324	1.376	1.249	0.111	1.278	0.233	0.081	0.079	0.079	0.080	0.079	0.079	0.080	0.079	0.079	0.079	0.079	0.079	0.079
21:10:01	0.079	0.079	0.080	0.080	0.080	0.080	0.080	0.080	0.080	0.080	0.079	0.079	0.080	0.100	1.289	1.414	1.341	0.249	1.650	1.327	0.218	1.258	0.241	0.081	0.080	0.099	1.258	1.294	1.364	0.202	1.348	1.829	0.189	1.377	0.317	0.079	0.080	0.100	1.349	1.342	1.292	0.098	1.272	1.428	0.158	0.899	0.259	0.079	0.080	0.100	1.345	1.284	1.263	0.195	1.394	1.255	0.133	1.222	0.452	0.079	0.080	0.099	1.212	1.253	1.248	0.236	1.188	1.113	0.147	1.287	0.354	0.079	0.081	0.100	1.309	1.321	1.345	0.325	1.373	1.255	0.113	1.286	0.236	0.081	0.079	0.079	0.080	0.079	0.079	0.079	0.079	0.079	0.079	0.079	0.079	0.079
21:20:01	0.079	0.079	0.080	0.080	0.080	0.080	0.081	0.080	0.080	0.081	0.079	0.080	0.080	0.100	1.294	1.425	1.339	0.251	1.646	1.332	0.221	1.260	0.243	0.081	0.080	0.099	1.261	1.298	1.370	0.201	1.347	1.834	0.190	1.375	0.317	0.080	0.080	0.100	1.350	1.343	1.293	0.098	1.268	1.434	0.158	0.898	0.255	0.079	0.080	0.100	1.345	1.283	1.264	0.195	1.383	1.264	0.134	1.221	0.451	0.079	0.080	0.099	1.218	1.255	1.249	0.240	1.193	1.115	0.148	1.300	0.356	0.079	0.081	0.100	1.313	1.326	1.348	0.329	1.370	1.260	0.113	1.301	0.236	0.081	0.079	0.079	0.080	0.080	0.079	0.080	0.079	0.079	0.079	0.080	0.079	0.079
21:30:01	0.079	0.079	0.080	0.080	0.080	0.080	0.080	0.080	0.080	0.081	0.079	0.080	0.080	0.100	1.295	1.415	1.343	0.257	1.649	1.337	0.224	1.258	0.242	0.081	0.080	0.099	1.259	1.299	1.367	0.205	1.346	1.835	0.190	1.378	0.318	0.080	0.081	0.100	1.351	1.343	1.294	0.098	1.279	1.443	0.158	0.897	0.261	0.079	0.080	0.101	1.346	1.282	1.263	0.198	1.396	1.259	0.134	1.218	0.453	0.079	0.080	0.099	1.220	1.256	1.250	0.246	1.177	1.113	0.149	1.303	0.363	0.079	0.081	0.100	1.322	1.333	1.351	0.336	1.374	1.264	0.114	1.293	0.237	0.081	0.079	0.079	0.080	0.080	0.079	0.080	0.079	0.079	0.079	0.079	0.079	0.079
21:40:01	0.080	0.079	0.080	0.080	0.080	0.080	0.081	0.080	0.080	0.081	0.079	0.080	0.080	0.100	1.304	1.413	1.345	0.262	1.650	1.343	0.228	1.258	0.244	0.081	0.080	0.100	1.260	1.301	1.373	0.216	1.346	1.839	0.190	1.377	0.318	0.080	0.081	0.100	1.352	1.345	1.296	0.098	1.284	1.457	0.158	0.896	0.263	0.080	0.080	0.100	1.346	1.281	1.262	0.200	1.401	1.256	0.135	1.216	0.452	0.080	0.080	0.099	1.225	1.257	1.252	0.254	1.197	1.117	0.150	1.310	0.364	0.079	0.081	0.100	1.328	1.337	1.354	0.342	1.381	1.268	0.115	1.299	0.235	0.082	0.079	0.079	0.080	0.080	0.079	0.080	0.079	0.079	0.079	0.080	0.079	0.079
21:50:01	0.079	0.079	0.080	0.079	0.080	0.080	0.080	0.080	0.080	0.081	0.079	0.080	0.080	0.100	1.301	1.429	1.341	0.260	1.649	1.348	0.235	1.262	0.242	0.081	0.080	0.099	1.264	1.304	1.370	0.223	1.344	1.848	0.190	1.375	0.320	0.080	0.080	0.100	1.353	1.345	1.298	0.098	1.276	1.475	0.160	0.896	0.258	0.079	0.080	0.100	1.348	1.280	1.265	0.202	1.386	1.264	0.136	1.216	0.453	0.080	0.080	0.099	1.227	1.261	1.253	0.256	1.193	1.108	0.151	1.325	0.365	0.079	0.081	0.100	1.335	1.346	1.359	0.345	1.375	1.273	0.115	1.313	0.238	0.081	0.079	0.079	0.080	0.079	0.079	0.079	0.079	0.079	0.078	0.079	0.079	0.079
22:00:01	0.080	0.079	0.080	0.080	0.080	0.080	0.081	0.080	0.080	0.081	0.079	0.080	0.080	0.100	1.298	1.418	1.342	0.260	1.652	1.353	0.236	1.260	0.240	0.081	0.080	0.100	1.263	1.305	1.367	0.230	1.340	1.866	0.188	1.379	0.317	0.080	0.080	0.100	1.355	1.345	1.299	0.098	1.287	1.566	0.163	0.894	0.262	0.080	0.080	0.100	1.348	1.280	1.264	0.205	1.397	1.260	0.136	1.214	0.454	0.080	0.080	0.099	1.228	1.264	1.254	0.257	1.185	1.116	0.151	1.327	0.372	0.079	0.081	0.100	1.346	1.354	1.360	0.348	1.380	1.275	0.117	1.304	0.240	0.082	0.079	0.079	0.080	0.080	0.080	0.080	0.079	0.079	0.079	0.080	0.080	0.079
22:10:01	0.080	0.079	0.080	0.080	0.080	0.080	0.081	0.080	0.080	0.081	0.079	0.080	0.080	0.100	1.307	1.425	1.343	0.260	1.652	1.359	0.237	1.262	0.242	0.081	0.080	0.100	1.267	1.309	1.379	0.234	1.340	1.413	0.189	1.376	0.319	0.079	0.080	0.100	1.356	1.348	1.301	0.098	1.290	1.508	0.166	0.894	0.263	0.080	0.080	0.100	1.349	1.280	1.264	0.205	1.400	1.264	0.138	1.214	0.452	0.080	0.080	0.099	1.233	1.262	1.255	0.261	1.213	1.122	0.153	1.335	0.372	0.080	0.081	0.100	1.350	1.356	1.365	0.355	1.385	1.280	0.117	1.318	0.236	0.082	0.079	0.079	0.080	0.080	0.080	0.080	0.079	0.079	0.079	0.080	0.079	0.079
22:20:01	0.080	0.079	0.080	0.079	0.080	0.080	0.080	0.080	0.080	0.081	0.079	0.080	0.080	0.100	1.302	1.417	1.344	0.266	1.654	1.363	0.239	1.261	0.239	0.081	0.080	0.099	1.266	1.311	1.375	0.242	1.335	1.439	0.193	1.380	0.321	0.079	0.080	0.100	1.357	1.348	1.302	0.098	1.298	1.404	0.168	0.893	0.266	0.079	0.080	0.100	1.351	1.279	1.265	0.207	1.405	1.259	0.138	1.212	0.456	0.080	0.080	0.099	1.232	1.266	1.256	0.263	1.179	1.113	0.153	1.341	0.375	0.079	0.081	0.100	1.361	1.368	1.367	0.361	1.387	1.282	0.118	1.312	0.239	0.081	0.079	0.079	0.080	0.080	0.080	0.080	0.079	0.079	0.079	0.080	0.079	0.079
22:30:01	0.080	0.079	0.080	0.080	0.080	0.080	0.081	0.080	0.080	0.081	0.079	0.080	0.080	0.100	1.309	1.416	1.346	0.273	1.656	1.367	0.241	1.262	0.238	0.081	0.080	0.100	1.267	1.314	1.383	0.251	1.332	1.438	0.195	1.380	0.318	0.080	0.080	0.100	1.359	1.349	1.303	0.098	1.304	1.405	0.168	0.892	0.267	0.080	0.080	0.100	1.352	1.278	1.264	0.210	1.412	1.263	0.138	1.210	0.454	0.080	0.080	0.099	1.235	1.268	1.258	0.270	1.189	1.118	0.154	1.348	0.376	0.079	0.081	0.100	1.369	1.370	1.370	0.365	1.391	1.286	0.118	1.317	0.238	0.082	0.079	0.079	0.080	0.080	0.080	0.080	0.079	0.079	0.079	0.080	0.079	0.079
22:40:01	0.080	0.080	0.080	0.080	0.080	0.080	0.081	0.080	0.080	0.081	0.079	0.080	0.080	0.100	1.324	1.426	1.343	0.277	1.654	1.372	0.241	1.265	0.241	0.081	0.080	0.100	1.271	1.318	1.396	0.253	1.331	1.422	0.195	1.376	0.321	0.080	0.080	0.100	1.359	1.350	1.305	0.098	1.302	1.427	0.169	0.891	0.266	0.080	0.080	0.100	1.352	1.277	1.264	0.211	1.404	1.266	0.139	1.211	0.450	0.080	0.080	0.099	1.239	1.268	1.259	0.274	1.227	1.128	0.155	1.360	0.377	0.079	0.081	0.100	1.371	1.369	1.374	0.370	1.395	1.289	0.118	1.451	0.235	0.082	0.079	0.079	0.080	0.080	0.079	0.080	0.079	0.079	0.078	0.080	0.079	0.079
22:50:01	0.079	0.079	0.080	0.079	0.080	0.080	0.081	0.080	0.079	0.081	0.079	0.080	0.079	0.100	1.315	1.422	1.343	0.280	1.657	1.375	0.241	1.265	0.238	0.081	0.080	0.099	1.273	1.320	1.396	0.256	1.326	1.440	0.200	1.380	0.322	0.079	0.080	0.100	1.362	1.352	1.307	0.098	1.310	1.437	0.170	0.891	0.268	0.079	0.080	0.100	1.354	1.278	1.266	0.217	1.408	1.261	0.140	1.209	0.455	0.080	0.080	0.099	1.241	1.272	1.260	0.270	1.188	1.122	0.156	1.369	0.380	0.079	0.081	0.100	1.384	1.384	1.377	0.373	1.396	1.292	0.119	1.444	0.237	0.082	0.079	0.079	0.080	0.080	0.080	0.080	0.079	0.079	0.078	0.080	0.079	0.079
23:00:01	0.079	0.079	0.080	0.079	0.080	0.080	0.080	0.080	0.080	0.081	0.079	0.079	0.079	0.100	1.316	1.425	1.342	0.287	1.657	1.378	0.241	1.267	0.237	0.081	0.080	0.099	1.275	1.323	1.405	0.263	1.322	1.440	0.203	1.380	0.319	0.079	0.080	0.100	1.363	1.353	1.308	0.098	1.313	1.445	0.171	0.890	0.268	0.079	0.080	0.100	1.356	1.277	1.266	0.222	1.408	1.264	0.141	1.208	0.454	0.080	0.080	0.099	1.245	1.274	1.262	0.277	1.187	1.123	0.157	1.377	0.381	0.079	0.081	0.100	1.391	1.394	1.381	0.380	1.397	1.295	0.120	1.443	0.238	0.081	0.079	0.079	0.080	0.080	0.079	0.080	0.079	0.079	0.078	0.079	0.079	0.079
23:10:01	0.079	0.079	0.080	0.079	0.080	0.080	0.081	0.080	0.079	0.081	0.079	0.079	0.079	0.100	1.320	1.427	1.341	0.300	1.657	1.390	0.242	1.268	0.237	0.081	0.080	0.099	1.278	1.326	1.417	0.267	1.318	1.439	0.208	1.382	0.319	0.079	0.080	0.100	1.366	1.354	1.310	0.098	1.319	1.449	0.171	0.890	0.268	0.079	0.080	0.100	1.357	1.277	1.268	0.224	1.407	1.277	0.142	1.208	0.455	0.079	0.080	0.099	1.250	1.277	1.264	0.281	1.200	1.127	0.158	1.381	0.383	0.079	0.081	0.100	1.397	1.403	1.386	0.388	1.399	1.299	0.120	1.445	0.238	0.082	0.079	0.079	0.080	0.080	0.080	0.080	0.079	0.079	0.079	0.080	0.079	0.079
23:20:01	0.079	0.079	0.080	0.079	0.080	0.080	0.081	0.080	0.080	0.081	0.079	0.079	0.079	0.100	1.328	1.437	1.339	0.304	1.656	1.393	0.243	1.272	0.238	0.081	0.080	0.099	1.282	1.330	1.435	0.266	1.316	1.431	0.214	1.382	0.322	0.079	0.080	0.100	1.367	1.356	1.312	0.098	1.320	1.452	0.172	0.890	0.267	0.079	0.080	0.100	1.359	1.275	1.270	0.227	1.399	1.268	0.143	1.208	0.455	0.079	0.080	0.099	1.253	1.280	1.266	0.286	1.198	1.125	0.159	1.417	0.385	0.079	0.081	0.100	1.400	1.407	1.394	0.393	1.400	1.302	0.121	1.451	0.238	0.082	0.079	0.079	0.080	0.080	0.080	0.079	0.080	0.079	0.079	0.080	0.079	0.079
23:30:01	0.080	0.080	0.080	0.080	0.080	0.080	0.081	0.080	0.080	0.081	0.079	0.080	0.080	0.100	1.341	1.435	1.340	0.312	1.657	1.400	0.243	1.272	0.238	0.081	0.080	0.099	1.283	1.333	1.456	0.272	1.313	1.418	0.217	1.382	0.322	0.080	0.080	0.100	1.369	1.357	1.313	0.097	1.325	1.456	0.172	0.889	0.268	0.080	0.080	0.100	1.359	1.275	1.269	0.231	1.408	1.262	0.143	1.207	0.453	0.079	0.080	0.099	1.254	1.280	1.268	0.289	1.217	1.132	0.160	1.425	0.387	0.079	0.081	0.100	1.406	1.408	1.395	0.395	1.406	1.305	0.121	1.450	0.238	0.082	0.079	0.079	0.080	0.080	0.080	0.079	0.079	0.079	0.078	0.080	0.079	0.079
23:40:01	0.079	0.079	0.080	0.079	0.080	0.080	0.081	0.080	0.080	0.081	0.079	0.079	0.079	0.100	1.333	1.440	1.339	0.323	1.658	1.401	0.245	1.274	0.237	0.081	0.080	0.099	1.285	1.335	1.471	0.277	1.308	1.436	0.218	1.382	0.320	0.080	0.080	0.100	1.371	1.359	1.315	0.098	1.326	1.454	0.172	0.889	0.266	0.079	0.080	0.100	1.362	1.275	1.273	0.235	1.402	1.286	0.144	1.208	0.455	0.079	0.080	0.099	1.254	1.286	1.270	0.297	1.206	1.128	0.161	1.399	0.387	0.079	0.081	0.100	1.417	1.426	1.401	0.402	1.403	1.308	0.122	1.452	0.242	0.082	0.079	0.079	0.080	0.080	0.079	0.079	0.079	0.079	0.078	0.080	0.079	0.079
23:50:01	0.080	0.080	0.080	0.080	0.080	0.080	0.081	0.080	0.080	0.081	0.079	0.080	0.079	0.100	1.335	1.441	1.338	0.332	1.660	1.406	0.245	1.275	0.238	0.081	0.080	0.099	1.288	1.339	1.497	0.281	1.305	1.434	0.223	1.383	0.321	0.080	0.080	0.100	1.373	1.360	1.318	0.098	1.332	1.455	0.172	0.889	0.267	0.079	0.080	0.100	1.363	1.274	1.274	0.240	1.405	1.280	0.145	1.207	0.456	0.079	0.080	0.099	1.255	1.289	1.271	0.304	1.210	1.127	0.162	1.374	0.389	0.079	0.081	0.100	1.425	1.436	1.406	0.408	1.406	1.310	0.123	1.448	0.243	0.082	0.079	0.079	0.080	0.080	0.080	0.079	0.080	0.080	0.079	0.080	0.080	0.079
24:00:01	0.080	0.080	0.080	0.080	0.080	0.080	0.081	0.080	0.080	0.081	0.079	0.080	0.080	0.100	1.331	1.430	1.343	0.338	1.664	1.413	0.249	1.275	0.237	0.081	0.080	0.099	1.288	1.344	1.540	0.283	1.301	1.441	0.220	1.387	0.320	0.080	0.080	0.100	1.376	1.361	1.319	0.098	1.344	1.455	0.173	0.889	0.271	0.079	0.081	0.100	1.365	1.275	1.276	0.253	1.419	1.282	0.146	1.206	0.459	0.080	0.081	0.099	1.257	1.292	1.273	0.304	1.205	1.131	0.162	1.370	0.392	0.079	0.081	0.100	1.438	1.452	1.408	0.414	1.412	1.311	0.125	1.444	0.244	0.082	0.079	0.080	0.080	0.080	0.080	0.079	0.080	0.080	0.079	0.080	0.080	0.079

