Field Group

Plate Comment:	
Procedure Summary
  Plate Type:              Corning 96 well for LogPhase600
  Plate Number:            1
  Discontinuous Kinetics:  Runtime 01:00:00 (D:HH:MM), Interval 00:10:00 (HH:MM:SS), 145 Reads (max)
  Read:                    600 nm
  Incubator:               On
    Temperature setpoint:  37 °C
    Temperature gradient:  On
  Shaking:                 Off		
			
			

600

Time	A1	A2	A3	A4	A5	A6	A7	A8	A9	A10	A11	A12	B1	B2	B3	B4	B5	B6	B7	B8	B9	B10	B11	B12	C1	C2	C3	C4	C5	C6	C7	C8	C9	C10	C11	C12	D1	D2	D3	D4	D5	D6	D7	D8	D9	D10	D11	D12	E1	E2	E3	E4	E5	E6	E7	E8	E9	E10	E11	E12	F1	F2	F3	F4	F5	F6	F7	F8	F9	F10	F11	F12	G1	G2	G3	G4	G5	G6	G7	G8	G9	G10	G11	G12	H1	H2	H3	H4	H5	H6	H7	H8	H9	H10	H11	H12
0:00:00	0.078	0.079	0.079	0.078	0.078	0.079	0.079	0.079	0.082	0.079	0.078	0.078	0.078	0.103	0.215	0.226	0.330	0.125	0.149	0.182	0.101	0.122	0.117	0.078	0.078	0.102	0.278	0.166	0.327	0.125	0.493	0.120	0.101	0.148	0.110	0.078	0.078	0.102	0.310	0.239	0.219	0.118	0.115	0.108	0.100	0.202	0.128	0.079	0.078	0.103	0.255	0.150	0.228	0.112	0.223	0.372	0.100	0.122	0.120	0.078	0.079	0.103	0.198	0.201	0.189	0.104	0.149	0.121	0.100	0.108	0.129	0.078	0.079	0.102	0.291	0.167	0.253	0.102	0.147	0.135	0.105	0.118	0.110	0.078	0.079	0.079	0.079	0.077	0.079	0.079	0.079	0.079	0.078	0.079	0.079	0.078
0:10:00	0.078	0.079	0.079	0.078	0.078	0.079	0.079	0.079	0.083	0.079	0.078	0.078	0.078	0.103	0.182	0.232	0.301	0.118	0.138	0.206	0.102	0.117	0.114	0.078	0.078	0.102	0.218	0.176	0.276	0.127	0.437	0.119	0.101	0.135	0.114	0.078	0.078	0.102	0.315	0.227	0.208	0.118	0.120	0.107	0.100	0.157	0.122	0.079	0.078	0.103	0.228	0.167	0.228	0.113	0.210	0.379	0.100	0.134	0.112	0.077	0.079	0.103	0.198	0.199	0.200	0.104	0.143	0.129	0.100	0.111	0.120	0.078	0.079	0.102	0.300	0.172	0.266	0.102	0.146	0.142	0.105	0.116	0.111	0.078	0.078	0.079	0.079	0.077	0.079	0.078	0.078	0.079	0.078	0.079	0.079	0.078
0:20:00	0.078	0.079	0.079	0.078	0.078	0.079	0.079	0.079	0.082	0.079	0.078	0.078	0.078	0.103	0.178	0.228	0.280	0.123	0.142	0.214	0.102	0.116	0.115	0.078	0.078	0.102	0.216	0.176	0.251	0.125	0.409	0.118	0.101	0.137	0.111	0.078	0.078	0.102	0.321	0.211	0.208	0.114	0.127	0.107	0.100	0.149	0.123	0.079	0.078	0.103	0.233	0.170	0.219	0.113	0.206	0.385	0.100	0.129	0.112	0.078	0.079	0.103	0.191	0.210	0.208	0.104	0.158	0.132	0.100	0.112	0.121	0.078	0.079	0.102	0.282	0.177	0.270	0.106	0.157	0.150	0.105	0.117	0.112	0.078	0.078	0.078	0.079	0.077	0.079	0.078	0.078	0.079	0.078	0.079	0.079	0.078
0:30:00	0.078	0.079	0.079	0.078	0.078	0.079	0.079	0.079	0.083	0.079	0.078	0.078	0.078	0.103	0.187	0.220	0.262	0.124	0.145	0.215	0.101	0.119	0.114	0.078	0.078	0.102	0.208	0.175	0.243	0.126	0.413	0.118	0.101	0.139	0.112	0.078	0.078	0.102	0.311	0.202	0.202	0.114	0.124	0.108	0.100	0.153	0.127	0.079	0.078	0.103	0.236	0.167	0.219	0.112	0.199	0.367	0.100	0.125	0.112	0.078	0.079	0.103	0.192	0.213	0.205	0.103	0.162	0.133	0.100	0.115	0.119	0.078	0.079	0.102	0.290	0.173	0.275	0.106	0.152	0.151	0.105	0.118	0.114	0.078	0.078	0.078	0.079	0.077	0.079	0.078	0.078	0.079	0.078	0.079	0.079	0.078
0:40:00	0.078	0.079	0.079	0.078	0.078	0.078	0.078	0.079	0.081	0.079	0.078	0.078	0.078	0.102	0.190	0.221	0.255	0.123	0.148	0.215	0.101	0.120	0.115	0.078	0.078	0.102	0.208	0.178	0.235	0.127	0.396	0.121	0.101	0.136	0.113	0.078	0.078	0.102	0.318	0.199	0.203	0.115	0.125	0.107	0.100	0.158	0.125	0.079	0.078	0.103	0.236	0.169	0.216	0.112	0.191	0.376	0.100	0.125	0.112	0.078	0.078	0.103	0.196	0.219	0.206	0.104	0.163	0.135	0.100	0.117	0.118	0.078	0.079	0.102	0.293	0.174	0.277	0.105	0.152	0.153	0.105	0.118	0.115	0.078	0.078	0.078	0.079	0.077	0.079	0.078	0.078	0.079	0.078	0.079	0.079	0.078
0:50:00	0.078	0.079	0.079	0.078	0.078	0.079	0.079	0.079	0.081	0.079	0.078	0.078	0.078	0.102	0.196	0.220	0.248	0.122	0.148	0.219	0.101	0.123	0.116	0.078	0.078	0.101	0.212	0.179	0.228	0.126	0.390	0.122	0.101	0.135	0.114	0.078	0.078	0.102	0.318	0.199	0.200	0.114	0.126	0.108	0.100	0.160	0.125	0.079	0.078	0.102	0.238	0.169	0.216	0.112	0.188	0.378	0.100	0.125	0.113	0.078	0.079	0.104	0.196	0.220	0.206	0.105	0.160	0.135	0.100	0.118	0.118	0.079	0.079	0.102	0.294	0.176	0.281	0.106	0.150	0.153	0.105	0.118	0.115	0.078	0.078	0.079	0.079	0.077	0.079	0.079	0.079	0.079	0.079	0.079	0.079	0.079
1:00:00	0.078	0.079	0.079	0.078	0.078	0.079	0.079	0.079	0.083	0.079	0.078	0.078	0.078	0.102	0.202	0.218	0.243	0.122	0.149	0.221	0.102	0.124	0.117	0.078	0.078	0.101	0.211	0.181	0.226	0.126	0.399	0.123	0.101	0.135	0.115	0.078	0.078	0.102	0.318	0.200	0.197	0.113	0.126	0.109	0.100	0.162	0.126	0.079	0.078	0.102	0.240	0.172	0.219	0.112	0.185	0.361	0.100	0.127	0.113	0.078	0.078	0.104	0.196	0.222	0.206	0.105	0.156	0.135	0.100	0.119	0.120	0.078	0.079	0.101	0.298	0.179	0.281	0.107	0.150	0.153	0.105	0.119	0.115	0.078	0.078	0.078	0.079	0.077	0.079	0.078	0.079	0.079	0.078	0.079	0.079	0.078
1:10:00	0.078	0.079	0.079	0.078	0.078	0.079	0.079	0.079	0.083	0.079	0.078	0.078	0.078	0.102	0.208	0.221	0.243	0.123	0.151	0.222	0.102	0.126	0.117	0.078	0.078	0.101	0.213	0.184	0.227	0.126	0.405	0.124	0.101	0.136	0.115	0.078	0.078	0.102	0.320	0.202	0.197	0.111	0.127	0.109	0.100	0.163	0.127	0.079	0.078	0.102	0.241	0.174	0.219	0.113	0.185	0.351	0.100	0.128	0.113	0.078	0.078	0.104	0.199	0.224	0.208	0.105	0.155	0.136	0.100	0.119	0.121	0.078	0.079	0.102	0.298	0.181	0.280	0.107	0.150	0.153	0.105	0.121	0.115	0.078	0.078	0.078	0.079	0.077	0.078	0.078	0.078	0.078	0.078	0.078	0.079	0.078
1:20:00	0.078	0.079	0.079	0.078	0.078	0.079	0.079	0.079	0.081	0.079	0.078	0.078	0.078	0.102	0.210	0.226	0.247	0.124	0.153	0.223	0.102	0.126	0.117	0.078	0.078	0.102	0.215	0.190	0.230	0.126	0.398	0.126	0.101	0.136	0.116	0.078	0.078	0.102	0.324	0.206	0.200	0.113	0.129	0.111	0.100	0.166	0.127	0.079	0.078	0.102	0.243	0.181	0.219	0.115	0.183	0.361	0.100	0.131	0.114	0.078	0.079	0.108	0.204	0.229	0.212	0.106	0.155	0.137	0.101	0.120	0.120	0.078	0.080	0.102	0.298	0.186	0.285	0.108	0.151	0.155	0.106	0.123	0.116	0.078	0.079	0.079	0.079	0.077	0.079	0.079	0.079	0.079	0.078	0.079	0.079	0.078
1:30:00	0.078	0.079	0.079	0.078	0.078	0.079	0.079	0.079	0.082	0.079	0.078	0.078	0.078	0.102	0.214	0.229	0.251	0.125	0.155	0.221	0.102	0.126	0.117	0.078	0.078	0.101	0.218	0.194	0.234	0.127	0.410	0.126	0.101	0.136	0.115	0.078	0.078	0.102	0.324	0.210	0.200	0.114	0.129	0.111	0.100	0.167	0.127	0.079	0.078	0.102	0.248	0.186	0.221	0.116	0.181	0.345	0.100	0.132	0.114	0.077	0.078	0.105	0.209	0.231	0.214	0.107	0.155	0.138	0.100	0.121	0.121	0.078	0.079	0.102	0.303	0.191	0.284	0.108	0.151	0.154	0.106	0.126	0.116	0.078	0.078	0.078	0.079	0.077	0.079	0.078	0.078	0.078	0.078	0.079	0.079	0.078
1:40:00	0.078	0.079	0.079	0.078	0.078	0.079	0.079	0.079	0.081	0.079	0.078	0.079	0.078	0.102	0.217	0.236	0.256	0.125	0.158	0.225	0.102	0.127	0.117	0.078	0.078	0.102	0.223	0.198	0.234	0.127	0.400	0.127	0.101	0.136	0.115	0.078	0.078	0.102	0.328	0.211	0.204	0.115	0.130	0.112	0.100	0.169	0.127	0.079	0.078	0.102	0.249	0.190	0.223	0.117	0.182	0.362	0.100	0.135	0.115	0.078	0.079	0.110	0.212	0.236	0.217	0.108	0.157	0.138	0.101	0.121	0.120	0.079	0.080	0.102	0.302	0.196	0.290	0.109	0.152	0.155	0.106	0.128	0.116	0.078	0.079	0.079	0.079	0.077	0.079	0.079	0.079	0.079	0.078	0.079	0.079	0.079
1:50:00	0.078	0.079	0.079	0.078	0.078	0.078	0.079	0.079	0.082	0.079	0.078	0.078	0.078	0.102	0.222	0.244	0.257	0.125	0.160	0.223	0.102	0.127	0.117	0.078	0.078	0.101	0.225	0.203	0.239	0.128	0.410	0.127	0.101	0.137	0.115	0.078	0.078	0.102	0.328	0.215	0.205	0.114	0.130	0.113	0.100	0.170	0.126	0.079	0.078	0.102	0.254	0.193	0.224	0.118	0.182	0.348	0.100	0.135	0.114	0.078	0.079	0.106	0.215	0.237	0.221	0.108	0.157	0.139	0.100	0.121	0.121	0.078	0.079	0.102	0.306	0.199	0.289	0.110	0.151	0.155	0.106	0.128	0.116	0.078	0.079	0.079	0.079	0.077	0.079	0.078	0.079	0.079	0.079	0.079	0.079	0.079
2:00:00	0.078	0.079	0.079	0.078	0.078	0.079	0.079	0.079	0.081	0.079	0.078	0.078	0.078	0.102	0.224	0.245	0.261	0.125	0.162	0.224	0.102	0.128	0.117	0.078	0.078	0.102	0.229	0.208	0.242	0.128	0.401	0.128	0.101	0.137	0.115	0.078	0.078	0.102	0.332	0.218	0.209	0.114	0.131	0.113	0.100	0.171	0.126	0.079	0.078	0.103	0.256	0.195	0.226	0.119	0.184	0.360	0.100	0.137	0.115	0.078	0.079	0.112	0.220	0.242	0.224	0.109	0.159	0.139	0.100	0.122	0.121	0.078	0.079	0.102	0.307	0.204	0.295	0.110	0.152	0.156	0.107	0.130	0.116	0.078	0.079	0.079	0.079	0.077	0.079	0.078	0.079	0.079	0.078	0.079	0.079	0.079
2:10:00	0.078	0.079	0.079	0.078	0.078	0.079	0.079	0.079	0.083	0.079	0.078	0.078	0.078	0.103	0.226	0.245	0.260	0.124	0.162	0.228	0.102	0.129	0.116	0.078	0.078	0.102	0.231	0.211	0.243	0.127	0.410	0.128	0.101	0.138	0.115	0.078	0.078	0.102	0.329	0.220	0.210	0.114	0.131	0.114	0.100	0.172	0.126	0.079	0.078	0.103	0.257	0.197	0.229	0.119	0.186	0.350	0.100	0.138	0.114	0.078	0.079	0.112	0.223	0.241	0.229	0.109	0.161	0.140	0.100	0.122	0.123	0.078	0.079	0.102	0.309	0.206	0.299	0.110	0.152	0.156	0.107	0.130	0.115	0.078	0.079	0.078	0.079	0.077	0.079	0.078	0.079	0.079	0.078	0.079	0.079	0.078
2:20:00	0.078	0.079	0.079	0.078	0.078	0.079	0.079	0.079	0.082	0.079	0.078	0.079	0.078	0.103	0.229	0.248	0.263	0.124	0.164	0.229	0.102	0.129	0.116	0.078	0.078	0.102	0.235	0.217	0.244	0.128	0.402	0.129	0.101	0.138	0.115	0.078	0.078	0.102	0.333	0.224	0.215	0.115	0.132	0.114	0.100	0.173	0.126	0.079	0.078	0.103	0.259	0.202	0.230	0.120	0.189	0.367	0.100	0.140	0.115	0.078	0.079	0.122	0.228	0.245	0.231	0.109	0.164	0.140	0.100	0.123	0.121	0.078	0.079	0.102	0.310	0.210	0.305	0.111	0.153	0.157	0.107	0.131	0.115	0.078	0.078	0.078	0.079	0.077	0.079	0.078	0.079	0.079	0.078	0.079	0.079	0.079
2:30:00	0.078	0.079	0.079	0.078	0.078	0.079	0.079	0.079	0.082	0.079	0.078	0.079	0.078	0.102	0.231	0.249	0.265	0.124	0.165	0.230	0.102	0.129	0.116	0.078	0.078	0.101	0.238	0.220	0.246	0.128	0.401	0.129	0.101	0.138	0.115	0.078	0.078	0.102	0.335	0.228	0.218	0.116	0.133	0.115	0.100	0.174	0.125	0.079	0.078	0.102	0.262	0.204	0.233	0.121	0.191	0.370	0.100	0.141	0.114	0.078	0.079	0.121	0.232	0.246	0.235	0.110	0.166	0.140	0.100	0.122	0.121	0.079	0.080	0.102	0.313	0.212	0.307	0.111	0.153	0.158	0.107	0.133	0.115	0.078	0.079	0.078	0.079	0.077	0.079	0.079	0.079	0.079	0.079	0.079	0.079	0.079
2:40:00	0.078	0.079	0.079	0.078	0.079	0.079	0.079	0.079	0.080	0.079	0.078	0.079	0.078	0.102	0.233	0.251	0.266	0.124	0.166	0.232	0.102	0.130	0.116	0.079	0.078	0.101	0.242	0.223	0.247	0.128	0.402	0.130	0.101	0.138	0.115	0.078	0.078	0.102	0.337	0.231	0.222	0.117	0.134	0.116	0.100	0.175	0.125	0.079	0.078	0.102	0.265	0.208	0.234	0.123	0.193	0.369	0.100	0.142	0.114	0.078	0.079	0.123	0.234	0.249	0.240	0.110	0.168	0.141	0.100	0.123	0.121	0.079	0.080	0.102	0.316	0.216	0.313	0.112	0.153	0.159	0.107	0.134	0.115	0.079	0.079	0.079	0.079	0.077	0.079	0.079	0.079	0.079	0.079	0.079	0.079	0.079
2:50:00	0.078	0.079	0.079	0.078	0.079	0.079	0.079	0.079	0.081	0.079	0.078	0.079	0.078	0.102	0.237	0.253	0.268	0.124	0.168	0.231	0.103	0.130	0.116	0.078	0.078	0.102	0.247	0.225	0.250	0.129	0.405	0.131	0.101	0.139	0.115	0.078	0.079	0.102	0.342	0.235	0.225	0.117	0.134	0.116	0.100	0.176	0.125	0.079	0.078	0.102	0.269	0.213	0.235	0.124	0.194	0.364	0.100	0.144	0.114	0.078	0.079	0.120	0.238	0.251	0.242	0.111	0.169	0.142	0.100	0.123	0.121	0.079	0.080	0.101	0.319	0.219	0.313	0.112	0.153	0.159	0.107	0.135	0.115	0.078	0.079	0.079	0.079	0.077	0.079	0.079	0.079	0.079	0.079	0.079	0.080	0.079
3:00:00	0.078	0.079	0.079	0.078	0.078	0.079	0.079	0.079	0.082	0.079	0.078	0.079	0.078	0.102	0.241	0.254	0.268	0.123	0.169	0.231	0.102	0.130	0.115	0.078	0.078	0.101	0.252	0.229	0.253	0.129	0.411	0.131	0.101	0.139	0.115	0.078	0.078	0.102	0.344	0.240	0.230	0.117	0.135	0.116	0.100	0.177	0.125	0.079	0.078	0.102	0.272	0.217	0.237	0.124	0.196	0.358	0.100	0.144	0.114	0.078	0.078	0.122	0.244	0.252	0.246	0.110	0.170	0.142	0.100	0.124	0.120	0.078	0.079	0.101	0.322	0.221	0.313	0.112	0.153	0.160	0.107	0.135	0.115	0.078	0.078	0.078	0.079	0.077	0.078	0.078	0.078	0.078	0.078	0.079	0.079	0.078
3:10:00	0.078	0.079	0.079	0.078	0.078	0.079	0.079	0.079	0.083	0.079	0.078	0.079	0.078	0.102	0.245	0.256	0.269	0.123	0.169	0.235	0.103	0.131	0.115	0.078	0.078	0.101	0.258	0.232	0.253	0.129	0.421	0.131	0.101	0.139	0.115	0.078	0.078	0.102	0.344	0.243	0.234	0.117	0.135	0.117	0.100	0.178	0.125	0.079	0.078	0.102	0.276	0.222	0.241	0.125	0.201	0.346	0.100	0.145	0.114	0.078	0.079	0.116	0.248	0.253	0.252	0.111	0.171	0.143	0.100	0.124	0.121	0.079	0.080	0.101	0.327	0.229	0.317	0.113	0.154	0.161	0.107	0.136	0.115	0.078	0.079	0.079	0.079	0.077	0.079	0.079	0.079	0.079	0.079	0.079	0.080	0.079
3:20:00	0.078	0.079	0.079	0.078	0.078	0.079	0.079	0.079	0.083	0.079	0.078	0.079	0.078	0.102	0.250	0.259	0.272	0.123	0.171	0.237	0.102	0.131	0.115	0.078	0.078	0.101	0.264	0.235	0.254	0.129	0.422	0.132	0.101	0.140	0.115	0.078	0.078	0.102	0.349	0.245	0.238	0.118	0.136	0.118	0.100	0.179	0.125	0.079	0.078	0.102	0.280	0.226	0.246	0.126	0.203	0.347	0.100	0.146	0.114	0.078	0.079	0.117	0.258	0.257	0.254	0.111	0.172	0.144	0.100	0.125	0.120	0.079	0.079	0.101	0.331	0.237	0.320	0.113	0.155	0.162	0.108	0.138	0.115	0.078	0.079	0.079	0.079	0.077	0.079	0.078	0.079	0.079	0.079	0.079	0.079	0.079
3:30:00	0.078	0.079	0.079	0.078	0.078	0.079	0.079	0.079	0.083	0.079	0.078	0.079	0.078	0.102	0.256	0.262	0.276	0.124	0.172	0.238	0.102	0.132	0.115	0.078	0.078	0.101	0.268	0.241	0.256	0.130	0.423	0.132	0.101	0.140	0.115	0.078	0.078	0.102	0.351	0.249	0.244	0.118	0.137	0.118	0.100	0.181	0.125	0.079	0.078	0.102	0.285	0.231	0.251	0.127	0.204	0.351	0.100	0.148	0.114	0.078	0.079	0.118	0.263	0.260	0.259	0.111	0.174	0.145	0.100	0.125	0.120	0.079	0.080	0.101	0.334	0.248	0.325	0.114	0.155	0.163	0.108	0.139	0.115	0.078	0.079	0.079	0.079	0.077	0.079	0.079	0.079	0.079	0.079	0.079	0.079	0.079
3:40:00	0.078	0.079	0.079	0.078	0.078	0.079	0.079	0.079	0.082	0.079	0.078	0.079	0.078	0.102	0.259	0.265	0.280	0.124	0.174	0.237	0.102	0.132	0.115	0.078	0.078	0.101	0.268	0.246	0.258	0.131	0.425	0.133	0.101	0.142	0.115	0.078	0.078	0.102	0.356	0.251	0.246	0.119	0.137	0.119	0.100	0.183	0.124	0.079	0.078	0.102	0.288	0.235	0.256	0.128	0.206	0.349	0.100	0.150	0.114	0.078	0.079	0.116	0.274	0.263	0.260	0.112	0.175	0.146	0.100	0.126	0.120	0.079	0.080	0.102	0.338	0.264	0.326	0.114	0.156	0.164	0.108	0.141	0.115	0.078	0.079	0.079	0.079	0.077	0.079	0.079	0.079	0.079	0.079	0.079	0.080	0.079
3:50:00	0.078	0.079	0.079	0.078	0.079	0.079	0.079	0.079	0.081	0.079	0.078	0.079	0.078	0.102	0.266	0.269	0.284	0.124	0.177	0.238	0.103	0.133	0.115	0.079	0.078	0.102	0.273	0.253	0.261	0.131	0.418	0.134	0.101	0.143	0.115	0.078	0.079	0.102	0.366	0.258	0.252	0.120	0.138	0.120	0.100	0.185	0.125	0.079	0.078	0.102	0.292	0.240	0.263	0.130	0.209	0.360	0.100	0.151	0.115	0.078	0.079	0.125	0.284	0.267	0.264	0.112	0.178	0.147	0.100	0.128	0.120	0.079	0.080	0.102	0.340	0.270	0.332	0.115	0.157	0.166	0.108	0.144	0.115	0.078	0.079	0.079	0.079	0.077	0.079	0.079	0.079	0.079	0.079	0.079	0.080	0.079
4:00:00	0.078	0.079	0.079	0.078	0.079	0.079	0.079	0.079	0.081	0.079	0.078	0.079	0.078	0.102	0.272	0.273	0.286	0.124	0.179	0.238	0.103	0.133	0.115	0.078	0.078	0.102	0.277	0.258	0.264	0.132	0.422	0.135	0.101	0.144	0.115	0.078	0.078	0.102	0.368	0.262	0.257	0.120	0.139	0.120	0.100	0.187	0.125	0.079	0.078	0.103	0.295	0.245	0.266	0.131	0.212	0.363	0.100	0.153	0.115	0.078	0.079	0.132	0.288	0.270	0.268	0.112	0.180	0.148	0.100	0.129	0.120	0.079	0.080	0.102	0.344	0.276	0.335	0.115	0.157	0.167	0.109	0.146	0.114	0.078	0.079	0.079	0.079	0.077	0.079	0.079	0.079	0.079	0.079	0.079	0.080	0.079
4:10:00	0.078	0.079	0.079	0.078	0.079	0.079	0.079	0.079	0.084	0.079	0.078	0.079	0.078	0.102	0.276	0.275	0.286	0.124	0.182	0.243	0.103	0.134	0.115	0.078	0.078	0.102	0.281	0.262	0.266	0.132	0.432	0.136	0.101	0.144	0.115	0.078	0.079	0.102	0.369	0.265	0.264	0.121	0.139	0.121	0.100	0.188	0.125	0.079	0.079	0.103	0.298	0.249	0.272	0.131	0.215	0.357	0.100	0.154	0.114	0.078	0.079	0.132	0.292	0.273	0.270	0.112	0.182	0.150	0.100	0.130	0.122	0.079	0.080	0.102	0.351	0.283	0.340	0.116	0.158	0.169	0.109	0.148	0.114	0.078	0.079	0.079	0.079	0.077	0.079	0.079	0.079	0.079	0.079	0.079	0.080	0.079
4:20:00	0.078	0.079	0.079	0.078	0.079	0.079	0.079	0.079	0.082	0.079	0.078	0.079	0.078	0.102	0.292	0.280	0.292	0.125	0.185	0.245	0.103	0.134	0.114	0.079	0.078	0.101	0.291	0.272	0.270	0.132	0.428	0.136	0.101	0.144	0.115	0.078	0.079	0.102	0.376	0.274	0.280	0.121	0.140	0.122	0.100	0.191	0.125	0.079	0.079	0.102	0.309	0.258	0.283	0.132	0.218	0.371	0.100	0.154	0.114	0.078	0.079	0.142	0.308	0.280	0.276	0.112	0.185	0.151	0.100	0.132	0.122	0.079	0.080	0.102	0.361	0.296	0.348	0.116	0.158	0.171	0.109	0.150	0.113	0.078	0.079	0.079	0.079	0.077	0.079	0.079	0.079	0.079	0.079	0.079	0.079	0.079
4:30:00	0.079	0.079	0.079	0.079	0.079	0.079	0.079	0.079	0.080	0.079	0.078	0.079	0.078	0.102	0.302	0.284	0.299	0.125	0.188	0.246	0.103	0.134	0.114	0.079	0.078	0.101	0.297	0.279	0.276	0.133	0.430	0.137	0.101	0.145	0.114	0.079	0.079	0.102	0.383	0.283	0.293	0.122	0.141	0.122	0.100	0.192	0.124	0.080	0.079	0.102	0.322	0.263	0.294	0.133	0.221	0.370	0.100	0.157	0.115	0.078	0.079	0.136	0.314	0.287	0.281	0.112	0.187	0.152	0.100	0.133	0.122	0.079	0.080	0.101	0.368	0.303	0.349	0.116	0.159	0.172	0.109	0.151	0.113	0.079	0.079	0.079	0.079	0.077	0.079	0.079	0.079	0.079	0.079	0.079	0.079	0.079
4:40:00	0.079	0.079	0.079	0.079	0.079	0.079	0.079	0.079	0.082	0.079	0.078	0.079	0.078	0.102	0.324	0.287	0.303	0.124	0.191	0.248	0.103	0.134	0.114	0.079	0.078	0.101	0.310	0.284	0.282	0.134	0.443	0.139	0.101	0.146	0.115	0.078	0.079	0.101	0.388	0.293	0.301	0.122	0.141	0.123	0.100	0.193	0.124	0.079	0.079	0.102	0.332	0.272	0.304	0.134	0.224	0.357	0.100	0.157	0.114	0.078	0.079	0.126	0.326	0.294	0.293	0.113	0.189	0.154	0.100	0.135	0.123	0.079	0.080	0.101	0.382	0.320	0.357	0.116	0.161	0.174	0.109	0.152	0.114	0.078	0.079	0.079	0.079	0.077	0.079	0.079	0.079	0.079	0.079	0.079	0.079	0.079
4:50:00	0.078	0.079	0.079	0.078	0.079	0.079	0.079	0.079	0.082	0.079	0.078	0.079	0.078	0.102	0.347	0.290	0.309	0.124	0.195	0.255	0.103	0.136	0.114	0.078	0.078	0.101	0.319	0.289	0.287	0.134	0.445	0.140	0.101	0.146	0.115	0.078	0.078	0.102	0.394	0.306	0.309	0.122	0.141	0.124	0.100	0.195	0.124	0.079	0.078	0.102	0.336	0.277	0.306	0.135	0.229	0.366	0.100	0.159	0.114	0.078	0.079	0.140	0.326	0.300	0.299	0.113	0.192	0.155	0.100	0.137	0.123	0.078	0.079	0.101	0.385	0.331	0.361	0.116	0.161	0.177	0.109	0.159	0.114	0.078	0.079	0.078	0.079	0.077	0.079	0.078	0.079	0.079	0.078	0.079	0.079	0.079
5:00:00	0.079	0.079	0.079	0.079	0.079	0.079	0.079	0.079	0.082	0.079	0.078	0.079	0.079	0.102	0.349	0.298	0.315	0.124	0.200	0.262	0.104	0.136	0.114	0.079	0.078	0.101	0.327	0.296	0.294	0.135	0.453	0.142	0.101	0.148	0.116	0.078	0.079	0.102	0.397	0.316	0.317	0.122	0.142	0.126	0.100	0.196	0.124	0.079	0.079	0.102	0.341	0.283	0.310	0.136	0.233	0.368	0.100	0.163	0.114	0.078	0.079	0.138	0.335	0.307	0.308	0.113	0.194	0.157	0.100	0.140	0.124	0.079	0.080	0.101	0.394	0.338	0.369	0.117	0.163	0.180	0.110	0.162	0.114	0.079	0.079	0.079	0.080	0.077	0.079	0.079	0.079	0.079	0.079	0.079	0.080	0.079
5:10:00	0.079	0.079	0.079	0.079	0.079	0.079	0.079	0.079	0.081	0.079	0.078	0.079	0.078	0.102	0.359	0.307	0.323	0.125	0.202	0.263	0.104	0.137	0.114	0.079	0.078	0.101	0.340	0.305	0.299	0.136	0.456	0.143	0.101	0.148	0.116	0.078	0.079	0.102	0.406	0.326	0.332	0.122	0.143	0.126	0.100	0.200	0.124	0.079	0.079	0.102	0.357	0.291	0.320	0.138	0.236	0.369	0.100	0.163	0.114	0.078	0.079	0.140	0.352	0.316	0.324	0.113	0.197	0.163	0.100	0.143	0.124	0.079	0.080	0.101	0.408	0.353	0.380	0.118	0.164	0.182	0.110	0.166	0.114	0.078	0.079	0.079	0.079	0.077	0.079	0.079	0.079	0.079	0.079	0.079	0.080	0.079
5:20:00	0.079	0.079	0.079	0.079	0.079	0.079	0.079	0.079	0.083	0.079	0.078	0.079	0.079	0.102	0.383	0.319	0.333	0.125	0.206	0.276	0.104	0.137	0.113	0.079	0.079	0.101	0.354	0.318	0.309	0.136	0.469	0.145	0.101	0.148	0.117	0.078	0.079	0.102	0.413	0.340	0.346	0.123	0.144	0.128	0.100	0.203	0.124	0.079	0.079	0.102	0.368	0.299	0.326	0.139	0.242	0.361	0.100	0.165	0.114	0.078	0.079	0.128	0.364	0.325	0.336	0.113	0.200	0.172	0.100	0.147	0.125	0.079	0.080	0.101	0.418	0.365	0.388	0.118	0.166	0.185	0.110	0.164	0.115	0.078	0.079	0.079	0.079	0.077	0.079	0.079	0.079	0.079	0.079	0.079	0.080	0.079
5:30:00	0.079	0.079	0.079	0.079	0.079	0.079	0.079	0.079	0.082	0.079	0.078	0.079	0.079	0.102	0.389	0.328	0.339	0.126	0.208	0.281	0.104	0.138	0.114	0.079	0.079	0.101	0.351	0.323	0.311	0.137	0.462	0.146	0.101	0.151	0.117	0.079	0.079	0.102	0.415	0.344	0.346	0.123	0.145	0.129	0.100	0.206	0.124	0.079	0.079	0.102	0.372	0.307	0.334	0.140	0.245	0.375	0.100	0.169	0.115	0.078	0.079	0.138	0.364	0.330	0.335	0.114	0.203	0.175	0.100	0.149	0.123	0.079	0.080	0.102	0.420	0.358	0.400	0.118	0.166	0.189	0.111	0.167	0.115	0.079	0.079	0.079	0.080	0.077	0.079	0.079	0.079	0.079	0.079	0.079	0.080	0.079
5:40:00	0.079	0.079	0.079	0.079	0.079	0.079	0.079	0.079	0.084	0.079	0.078	0.079	0.079	0.102	0.408	0.342	0.353	0.127	0.213	0.293	0.104	0.139	0.113	0.079	0.078	0.101	0.369	0.334	0.320	0.138	0.485	0.147	0.101	0.150	0.117	0.078	0.079	0.102	0.433	0.356	0.369	0.123	0.146	0.130	0.100	0.211	0.123	0.079	0.079	0.102	0.390	0.323	0.352	0.142	0.249	0.363	0.100	0.170	0.115	0.078	0.079	0.130	0.383	0.342	0.347	0.114	0.205	0.183	0.100	0.153	0.125	0.079	0.080	0.101	0.435	0.382	0.412	0.118	0.167	0.192	0.111	0.164	0.116	0.078	0.079	0.079	0.079	0.077	0.079	0.079	0.079	0.079	0.079	0.079	0.080	0.079
5:50:00	0.079	0.079	0.079	0.079	0.079	0.079	0.079	0.079	0.083	0.079	0.078	0.079	0.079	0.102	0.426	0.350	0.363	0.127	0.218	0.304	0.105	0.141	0.114	0.079	0.079	0.101	0.379	0.345	0.328	0.138	0.493	0.148	0.101	0.151	0.118	0.079	0.079	0.102	0.441	0.372	0.377	0.123	0.148	0.132	0.100	0.214	0.124	0.079	0.079	0.102	0.399	0.337	0.361	0.143	0.254	0.368	0.100	0.173	0.115	0.078	0.079	0.141	0.386	0.350	0.353	0.114	0.210	0.190	0.100	0.159	0.126	0.079	0.080	0.102	0.445	0.390	0.425	0.118	0.167	0.197	0.111	0.167	0.116	0.079	0.079	0.079	0.079	0.077	0.079	0.079	0.079	0.079	0.079	0.079	0.080	0.079
6:00:00	0.078	0.079	0.079	0.078	0.079	0.079	0.079	0.079	0.081	0.079	0.078	0.079	0.079	0.102	0.414	0.350	0.366	0.128	0.225	0.301	0.105	0.142	0.114	0.079	0.078	0.101	0.381	0.350	0.334	0.139	0.483	0.148	0.101	0.153	0.119	0.078	0.079	0.102	0.448	0.371	0.392	0.124	0.149	0.133	0.100	0.217	0.124	0.079	0.079	0.102	0.403	0.346	0.369	0.145	0.256	0.381	0.100	0.175	0.115	0.078	0.079	0.153	0.393	0.358	0.358	0.114	0.214	0.196	0.100	0.163	0.123	0.079	0.080	0.102	0.444	0.389	0.434	0.118	0.170	0.203	0.111	0.170	0.116	0.079	0.079	0.079	0.079	0.077	0.079	0.079	0.079	0.079	0.079	0.079	0.080	0.079
6:10:00	0.079	0.079	0.079	0.079	0.079	0.079	0.079	0.079	0.083	0.079	0.078	0.079	0.079	0.102	0.433	0.366	0.376	0.129	0.238	0.324	0.105	0.143	0.114	0.079	0.079	0.101	0.399	0.365	0.347	0.140	0.498	0.150	0.101	0.153	0.119	0.079	0.079	0.102	0.459	0.393	0.406	0.124	0.150	0.135	0.101	0.223	0.124	0.080	0.079	0.102	0.427	0.367	0.384	0.146	0.268	0.376	0.100	0.178	0.115	0.078	0.079	0.142	0.409	0.368	0.367	0.115	0.219	0.201	0.100	0.171	0.125	0.079	0.080	0.101	0.460	0.413	0.446	0.118	0.172	0.209	0.111	0.179	0.116	0.079	0.079	0.079	0.079	0.077	0.079	0.079	0.079	0.079	0.079	0.079	0.080	0.079
6:20:00	0.079	0.079	0.079	0.079	0.079	0.079	0.079	0.079	0.081	0.079	0.079	0.080	0.079	0.102	0.443	0.375	0.389	0.129	0.239	0.341	0.105	0.147	0.115	0.079	0.079	0.101	0.410	0.376	0.359	0.141	0.496	0.152	0.102	0.155	0.120	0.079	0.079	0.102	0.471	0.412	0.423	0.125	0.152	0.137	0.101	0.233	0.123	0.080	0.079	0.102	0.435	0.378	0.392	0.148	0.277	0.387	0.100	0.182	0.115	0.078	0.079	0.159	0.423	0.375	0.372	0.115	0.225	0.202	0.101	0.178	0.125	0.079	0.080	0.101	0.468	0.431	0.451	0.117	0.171	0.214	0.111	0.184	0.117	0.079	0.079	0.079	0.080	0.077	0.079	0.079	0.079	0.079	0.079	0.079	0.080	0.079
6:30:00	0.079	0.079	0.079	0.079	0.079	0.079	0.079	0.079	0.082	0.079	0.079	0.080	0.079	0.102	0.445	0.385	0.398	0.129	0.244	0.344	0.106	0.152	0.115	0.079	0.079	0.101	0.422	0.382	0.368	0.143	0.501	0.153	0.102	0.156	0.121	0.079	0.079	0.102	0.482	0.418	0.437	0.126	0.153	0.139	0.101	0.238	0.124	0.080	0.079	0.102	0.447	0.387	0.403	0.149	0.283	0.386	0.100	0.182	0.115	0.078	0.079	0.157	0.439	0.383	0.380	0.115	0.232	0.209	0.101	0.185	0.125	0.079	0.080	0.101	0.479	0.442	0.467	0.119	0.172	0.213	0.111	0.190	0.118	0.079	0.079	0.079	0.080	0.077	0.079	0.079	0.079	0.079	0.079	0.080	0.080	0.079
6:40:00	0.079	0.079	0.079	0.079	0.079	0.079	0.079	0.079	0.082	0.079	0.078	0.079	0.078	0.102	0.451	0.396	0.411	0.128	0.256	0.368	0.105	0.153	0.115	0.079	0.078	0.101	0.431	0.397	0.378	0.144	0.515	0.157	0.101	0.156	0.121	0.079	0.079	0.102	0.496	0.437	0.449	0.126	0.154	0.141	0.100	0.238	0.123	0.079	0.079	0.102	0.456	0.397	0.416	0.151	0.288	0.379	0.100	0.184	0.115	0.078	0.079	0.152	0.443	0.389	0.388	0.115	0.236	0.206	0.100	0.190	0.125	0.079	0.080	0.101	0.488	0.460	0.480	0.119	0.174	0.218	0.111	0.193	0.118	0.078	0.079	0.079	0.079	0.077	0.079	0.079	0.079	0.079	0.079	0.079	0.080	0.079
6:50:00	0.079	0.079	0.079	0.079	0.079	0.079	0.079	0.079	0.083	0.079	0.078	0.079	0.079	0.102	0.463	0.404	0.421	0.129	0.274	0.368	0.106	0.153	0.116	0.079	0.079	0.101	0.437	0.405	0.391	0.145	0.528	0.161	0.102	0.159	0.121	0.079	0.079	0.101	0.507	0.442	0.460	0.127	0.156	0.143	0.101	0.247	0.123	0.079	0.079	0.102	0.461	0.403	0.427	0.153	0.295	0.367	0.100	0.186	0.115	0.078	0.079	0.132	0.442	0.391	0.395	0.116	0.240	0.208	0.100	0.195	0.126	0.079	0.080	0.101	0.492	0.464	0.480	0.119	0.174	0.221	0.112	0.199	0.118	0.079	0.079	0.079	0.080	0.077	0.079	0.079	0.079	0.079	0.079	0.079	0.080	0.079
7:00:00	0.079	0.079	0.079	0.079	0.079	0.079	0.079	0.079	0.081	0.079	0.079	0.079	0.079	0.102	0.482	0.423	0.440	0.129	0.285	0.391	0.106	0.154	0.116	0.079	0.079	0.101	0.455	0.417	0.401	0.147	0.524	0.164	0.102	0.160	0.122	0.079	0.079	0.102	0.534	0.453	0.472	0.127	0.157	0.146	0.101	0.254	0.123	0.079	0.079	0.102	0.485	0.418	0.436	0.155	0.299	0.379	0.100	0.187	0.115	0.078	0.079	0.151	0.458	0.406	0.416	0.116	0.242	0.212	0.100	0.205	0.126	0.079	0.080	0.101	0.520	0.467	0.503	0.121	0.177	0.236	0.112	0.201	0.119	0.079	0.079	0.079	0.080	0.077	0.079	0.079	0.079	0.079	0.079	0.079	0.080	0.079
7:10:00	0.079	0.079	0.079	0.079	0.079	0.079	0.079	0.079	0.083	0.079	0.078	0.079	0.079	0.102	0.497	0.441	0.457	0.129	0.303	0.411	0.106	0.153	0.116	0.079	0.079	0.101	0.466	0.428	0.420	0.148	0.546	0.176	0.102	0.162	0.122	0.079	0.079	0.102	0.554	0.475	0.487	0.128	0.159	0.149	0.101	0.261	0.123	0.079	0.079	0.102	0.508	0.433	0.446	0.159	0.312	0.366	0.100	0.192	0.115	0.078	0.079	0.133	0.469	0.420	0.427	0.116	0.247	0.213	0.100	0.212	0.127	0.079	0.079	0.101	0.531	0.482	0.508	0.123	0.180	0.246	0.112	0.204	0.119	0.079	0.079	0.079	0.080	0.077	0.079	0.079	0.079	0.079	0.079	0.079	0.080	0.079
7:20:00	0.079	0.079	0.079	0.079	0.079	0.079	0.079	0.079	0.083	0.079	0.079	0.079	0.079	0.102	0.482	0.443	0.461	0.129	0.295	0.400	0.106	0.155	0.117	0.079	0.079	0.101	0.463	0.430	0.420	0.150	0.527	0.175	0.102	0.164	0.124	0.079	0.079	0.102	0.546	0.463	0.494	0.128	0.160	0.151	0.101	0.265	0.123	0.080	0.079	0.102	0.505	0.427	0.448	0.161	0.314	0.383	0.100	0.194	0.116	0.079	0.079	0.155	0.466	0.426	0.433	0.116	0.253	0.213	0.101	0.232	0.126	0.079	0.079	0.102	0.528	0.479	0.509	0.127	0.182	0.253	0.113	0.210	0.119	0.079	0.079	0.079	0.080	0.077	0.079	0.079	0.079	0.079	0.079	0.080	0.080	0.079
7:30:00	0.079	0.079	0.079	0.079	0.079	0.079	0.079	0.079	0.082	0.079	0.079	0.079	0.079	0.102	0.499	0.456	0.481	0.128	0.312	0.417	0.107	0.154	0.118	0.079	0.079	0.101	0.490	0.443	0.442	0.152	0.543	0.177	0.102	0.165	0.124	0.079	0.079	0.102	0.562	0.486	0.499	0.129	0.161	0.155	0.101	0.273	0.124	0.080	0.079	0.102	0.520	0.456	0.461	0.167	0.321	0.380	0.100	0.192	0.116	0.078	0.079	0.157	0.483	0.447	0.451	0.117	0.261	0.217	0.100	0.245	0.126	0.079	0.079	0.101	0.551	0.494	0.539	0.128	0.183	0.258	0.113	0.210	0.120	0.079	0.079	0.079	0.080	0.077	0.079	0.079	0.079	0.079	0.079	0.079	0.080	0.078
7:40:00	0.079	0.079	0.079	0.079	0.079	0.079	0.079	0.079	0.082	0.079	0.079	0.079	0.079	0.102	0.526	0.466	0.494	0.128	0.326	0.448	0.107	0.155	0.118	0.079	0.079	0.101	0.512	0.453	0.454	0.154	0.565	0.180	0.102	0.166	0.124	0.079	0.079	0.102	0.573	0.513	0.507	0.130	0.162	0.159	0.101	0.281	0.124	0.080	0.079	0.102	0.533	0.465	0.471	0.171	0.329	0.371	0.100	0.192	0.116	0.078	0.079	0.146	0.495	0.453	0.467	0.117	0.273	0.225	0.100	0.258	0.128	0.079	0.079	0.101	0.565	0.504	0.561	0.131	0.188	0.261	0.114	0.214	0.121	0.079	0.079	0.079	0.080	0.077	0.079	0.079	0.079	0.079	0.079	0.079	0.080	0.079
7:50:00	0.079	0.079	0.079	0.079	0.079	0.079	0.079	0.079	0.082	0.079	0.078	0.079	0.079	0.102	0.530	0.479	0.502	0.126	0.335	0.445	0.107	0.156	0.118	0.079	0.079	0.101	0.503	0.462	0.453	0.156	0.552	0.179	0.102	0.167	0.125	0.079	0.079	0.102	0.583	0.519	0.523	0.130	0.164	0.163	0.101	0.285	0.124	0.080	0.079	0.102	0.548	0.477	0.487	0.174	0.344	0.387	0.100	0.193	0.117	0.079	0.079	0.172	0.501	0.453	0.474	0.117	0.279	0.225	0.100	0.261	0.127	0.079	0.079	0.101	0.568	0.514	0.590	0.133	0.189	0.273	0.113	0.219	0.121	0.079	0.079	0.079	0.080	0.077	0.079	0.079	0.079	0.079	0.079	0.079	0.080	0.079
8:00:00	0.079	0.079	0.079	0.079	0.079	0.079	0.079	0.079	0.081	0.079	0.079	0.079	0.079	0.102	0.532	0.498	0.514	0.129	0.357	0.471	0.107	0.156	0.119	0.079	0.079	0.101	0.515	0.478	0.475	0.159	0.563	0.179	0.102	0.168	0.125	0.079	0.079	0.102	0.603	0.530	0.531	0.131	0.165	0.167	0.101	0.299	0.124	0.080	0.079	0.102	0.562	0.499	0.499	0.177	0.355	0.390	0.100	0.188	0.117	0.079	0.079	0.163	0.513	0.478	0.491	0.117	0.290	0.232	0.100	0.268	0.127	0.079	0.079	0.101	0.580	0.532	0.619	0.135	0.188	0.281	0.113	0.224	0.122	0.079	0.079	0.079	0.080	0.078	0.079	0.079	0.079	0.079	0.079	0.080	0.080	0.079
8:10:00	0.079	0.079	0.080	0.079	0.079	0.079	0.079	0.079	0.083	0.079	0.079	0.079	0.079	0.102	0.540	0.510	0.527	0.131	0.356	0.503	0.108	0.158	0.119	0.079	0.079	0.101	0.527	0.494	0.483	0.161	0.566	0.182	0.102	0.169	0.126	0.079	0.079	0.102	0.610	0.540	0.541	0.131	0.167	0.172	0.101	0.307	0.124	0.080	0.079	0.102	0.571	0.514	0.512	0.178	0.368	0.394	0.100	0.189	0.117	0.079	0.079	0.169	0.527	0.503	0.506	0.118	0.299	0.236	0.101	0.281	0.128	0.079	0.080	0.101	0.591	0.538	0.628	0.134	0.191	0.289	0.113	0.232	0.123	0.079	0.080	0.079	0.080	0.077	0.080	0.079	0.079	0.079	0.079	0.080	0.080	0.079
8:20:00	0.079	0.079	0.079	0.079	0.079	0.079	0.079	0.079	0.083	0.079	0.079	0.079	0.079	0.102	0.550	0.524	0.541	0.133	0.372	0.484	0.107	0.158	0.119	0.079	0.079	0.101	0.532	0.503	0.495	0.163	0.579	0.183	0.102	0.168	0.126	0.079	0.079	0.101	0.627	0.554	0.554	0.133	0.168	0.178	0.101	0.314	0.124	0.080	0.079	0.102	0.579	0.514	0.526	0.182	0.379	0.388	0.100	0.191	0.117	0.078	0.079	0.159	0.535	0.510	0.515	0.118	0.307	0.243	0.100	0.289	0.128	0.079	0.079	0.101	0.611	0.535	0.632	0.135	0.192	0.292	0.115	0.237	0.122	0.079	0.079	0.079	0.079	0.077	0.079	0.079	0.079	0.079	0.079	0.079	0.079	0.079
8:30:00	0.079	0.079	0.079	0.079	0.079	0.079	0.079	0.079	0.082	0.079	0.079	0.079	0.079	0.102	0.568	0.538	0.554	0.136	0.384	0.522	0.107	0.159	0.119	0.079	0.079	0.101	0.543	0.521	0.514	0.165	0.587	0.187	0.102	0.170	0.127	0.079	0.079	0.101	0.647	0.568	0.564	0.133	0.169	0.184	0.101	0.330	0.124	0.080	0.079	0.102	0.588	0.542	0.536	0.188	0.390	0.393	0.100	0.188	0.118	0.078	0.079	0.161	0.541	0.517	0.529	0.118	0.319	0.251	0.100	0.300	0.129	0.079	0.079	0.101	0.632	0.545	0.654	0.133	0.194	0.300	0.117	0.244	0.124	0.079	0.079	0.079	0.080	0.077	0.079	0.079	0.079	0.079	0.079	0.080	0.079	0.079
8:40:00	0.079	0.079	0.079	0.079	0.079	0.079	0.079	0.079	0.083	0.079	0.079	0.079	0.079	0.102	0.565	0.553	0.562	0.137	0.396	0.511	0.107	0.160	0.119	0.079	0.079	0.101	0.549	0.521	0.514	0.169	0.593	0.195	0.102	0.171	0.127	0.079	0.079	0.101	0.665	0.565	0.571	0.134	0.171	0.190	0.101	0.335	0.124	0.079	0.079	0.102	0.596	0.537	0.538	0.192	0.401	0.387	0.100	0.191	0.117	0.078	0.079	0.140	0.548	0.513	0.525	0.118	0.326	0.266	0.100	0.309	0.130	0.079	0.079	0.101	0.635	0.555	0.661	0.134	0.197	0.303	0.118	0.246	0.123	0.079	0.079	0.079	0.080	0.077	0.079	0.079	0.079	0.079	0.079	0.079	0.079	0.079
8:50:00	0.079	0.079	0.079	0.079	0.079	0.079	0.079	0.079	0.082	0.079	0.079	0.079	0.079	0.102	0.574	0.570	0.580	0.137	0.413	0.554	0.108	0.162	0.120	0.079	0.079	0.101	0.573	0.534	0.537	0.173	0.595	0.195	0.102	0.170	0.128	0.079	0.079	0.102	0.671	0.581	0.582	0.134	0.173	0.198	0.101	0.352	0.125	0.080	0.079	0.102	0.611	0.555	0.567	0.193	0.399	0.400	0.100	0.190	0.119	0.079	0.079	0.161	0.555	0.545	0.555	0.119	0.337	0.271	0.101	0.315	0.129	0.079	0.079	0.101	0.659	0.568	0.678	0.131	0.202	0.315	0.118	0.237	0.125	0.079	0.079	0.079	0.080	0.077	0.080	0.079	0.079	0.080	0.079	0.080	0.079	0.079
9:00:00	0.079	0.079	0.079	0.079	0.079	0.079	0.079	0.079	0.084	0.079	0.079	0.079	0.079	0.102	0.580	0.581	0.588	0.136	0.438	0.555	0.108	0.164	0.120	0.079	0.079	0.101	0.582	0.556	0.544	0.177	0.615	0.200	0.102	0.175	0.128	0.079	0.079	0.102	0.685	0.598	0.594	0.135	0.173	0.201	0.101	0.369	0.125	0.080	0.079	0.102	0.623	0.577	0.587	0.198	0.404	0.393	0.100	0.190	0.119	0.079	0.079	0.148	0.563	0.554	0.579	0.119	0.348	0.281	0.101	0.333	0.130	0.079	0.079	0.102	0.676	0.604	0.693	0.131	0.203	0.323	0.119	0.236	0.125	0.079	0.079	0.079	0.080	0.077	0.080	0.079	0.079	0.080	0.079	0.080	0.080	0.079
9:10:00	0.079	0.079	0.079	0.079	0.079	0.079	0.079	0.079	0.084	0.079	0.079	0.079	0.079	0.102	0.577	0.598	0.594	0.134	0.455	0.535	0.108	0.165	0.121	0.079	0.079	0.101	0.596	0.564	0.542	0.178	0.605	0.204	0.102	0.175	0.128	0.079	0.079	0.102	0.695	0.604	0.595	0.135	0.172	0.200	0.101	0.365	0.125	0.080	0.079	0.102	0.637	0.559	0.574	0.200	0.419	0.392	0.100	0.191	0.119	0.079	0.079	0.147	0.573	0.551	0.575	0.119	0.358	0.291	0.100	0.355	0.130	0.079	0.079	0.101	0.680	0.608	0.680	0.131	0.205	0.329	0.119	0.232	0.125	0.079	0.079	0.079	0.080	0.077	0.079	0.079	0.079	0.079	0.079	0.079	0.079	0.079
9:20:00	0.079	0.079	0.079	0.078	0.079	0.079	0.079	0.079	0.082	0.079	0.079	0.079	0.079	0.102	0.591	0.611	0.605	0.135	0.469	0.549	0.108	0.166	0.121	0.079	0.079	0.101	0.611	0.580	0.571	0.187	0.618	0.211	0.102	0.173	0.129	0.079	0.079	0.102	0.711	0.620	0.613	0.136	0.175	0.220	0.101	0.393	0.126	0.080	0.079	0.102	0.656	0.576	0.613	0.203	0.428	0.395	0.100	0.195	0.119	0.079	0.079	0.154	0.582	0.570	0.596	0.120	0.375	0.307	0.100	0.375	0.131	0.079	0.079	0.101	0.702	0.619	0.702	0.130	0.205	0.336	0.118	0.230	0.126	0.079	0.079	0.079	0.080	0.077	0.079	0.079	0.079	0.079	0.079	0.080	0.079	0.079
9:30:00	0.079	0.079	0.079	0.078	0.079	0.078	0.079	0.079	0.082	0.079	0.079	0.079	0.079	0.102	0.605	0.629	0.622	0.136	0.485	0.557	0.108	0.167	0.121	0.079	0.079	0.101	0.627	0.592	0.600	0.188	0.629	0.215	0.102	0.177	0.129	0.079	0.079	0.102	0.728	0.635	0.617	0.136	0.177	0.232	0.101	0.414	0.125	0.080	0.079	0.102	0.665	0.589	0.634	0.204	0.442	0.398	0.100	0.199	0.120	0.079	0.079	0.155	0.591	0.590	0.612	0.121	0.392	0.320	0.100	0.400	0.131	0.079	0.079	0.101	0.716	0.633	0.723	0.130	0.209	0.345	0.118	0.231	0.127	0.079	0.079	0.079	0.080	0.077	0.079	0.079	0.079	0.079	0.079	0.079	0.079	0.079
9:40:00	0.079	0.079	0.079	0.079	0.079	0.079	0.079	0.079	0.082	0.079	0.079	0.079	0.079	0.102	0.609	0.645	0.636	0.138	0.502	0.570	0.108	0.171	0.122	0.079	0.079	0.101	0.636	0.607	0.596	0.191	0.622	0.218	0.102	0.180	0.129	0.079	0.079	0.101	0.743	0.635	0.625	0.136	0.180	0.238	0.101	0.411	0.126	0.080	0.079	0.102	0.680	0.595	0.648	0.209	0.448	0.412	0.100	0.199	0.120	0.079	0.079	0.181	0.602	0.608	0.625	0.122	0.409	0.329	0.101	0.413	0.130	0.079	0.079	0.101	0.736	0.635	0.744	0.127	0.209	0.332	0.117	0.236	0.126	0.079	0.079	0.079	0.080	0.078	0.080	0.079	0.079	0.080	0.079	0.080	0.079	0.079
9:50:00	0.079	0.079	0.080	0.079	0.079	0.079	0.080	0.079	0.083	0.080	0.079	0.079	0.079	0.102	0.619	0.658	0.649	0.139	0.518	0.612	0.109	0.173	0.122	0.079	0.079	0.101	0.660	0.623	0.620	0.199	0.629	0.226	0.103	0.181	0.130	0.079	0.079	0.101	0.762	0.648	0.629	0.136	0.183	0.247	0.101	0.434	0.126	0.080	0.079	0.102	0.693	0.619	0.648	0.211	0.455	0.411	0.100	0.200	0.121	0.079	0.079	0.178	0.611	0.625	0.640	0.124	0.429	0.352	0.101	0.424	0.131	0.079	0.080	0.101	0.758	0.646	0.772	0.127	0.212	0.348	0.117	0.236	0.128	0.079	0.080	0.079	0.080	0.077	0.080	0.079	0.079	0.080	0.079	0.080	0.080	0.079
10:00:00	0.079	0.079	0.079	0.078	0.079	0.079	0.079	0.079	0.085	0.080	0.079	0.079	0.079	0.102	0.632	0.671	0.655	0.141	0.534	0.626	0.109	0.173	0.122	0.079	0.079	0.101	0.684	0.642	0.638	0.202	0.641	0.234	0.103	0.180	0.130	0.079	0.079	0.101	0.777	0.654	0.635	0.136	0.185	0.261	0.101	0.451	0.126	0.080	0.079	0.102	0.708	0.625	0.664	0.214	0.459	0.401	0.100	0.199	0.120	0.079	0.079	0.156	0.618	0.634	0.647	0.125	0.447	0.374	0.100	0.434	0.133	0.079	0.079	0.101	0.780	0.655	0.784	0.128	0.217	0.359	0.117	0.241	0.129	0.079	0.079	0.079	0.079	0.077	0.079	0.079	0.079	0.079	0.079	0.079	0.079	0.078
10:10:00	0.079	0.079	0.079	0.078	0.079	0.079	0.079	0.079	0.083	0.080	0.079	0.079	0.079	0.102	0.633	0.689	0.672	0.144	0.548	0.615	0.110	0.174	0.122	0.079	0.079	0.101	0.704	0.662	0.652	0.198	0.653	0.239	0.103	0.184	0.130	0.079	0.079	0.101	0.793	0.659	0.650	0.138	0.188	0.273	0.101	0.446	0.126	0.080	0.079	0.102	0.729	0.635	0.685	0.221	0.468	0.397	0.100	0.202	0.120	0.079	0.079	0.144	0.623	0.653	0.662	0.127	0.472	0.391	0.101	0.439	0.133	0.079	0.079	0.101	0.812	0.669	0.795	0.128	0.218	0.369	0.117	0.246	0.128	0.078	0.079	0.079	0.080	0.077	0.080	0.079	0.079	0.080	0.079	0.080	0.079	0.079
10:20:00	0.079	0.079	0.079	0.079	0.079	0.079	0.079	0.079	0.082	0.079	0.079	0.079	0.079	0.102	0.648	0.713	0.683	0.145	0.562	0.632	0.110	0.177	0.123	0.079	0.079	0.101	0.712	0.684	0.664	0.204	0.656	0.244	0.103	0.185	0.131	0.079	0.079	0.101	0.813	0.669	0.662	0.138	0.191	0.285	0.101	0.468	0.127	0.080	0.079	0.102	0.739	0.648	0.701	0.223	0.474	0.417	0.100	0.201	0.121	0.079	0.079	0.168	0.637	0.663	0.670	0.132	0.503	0.414	0.101	0.451	0.133	0.079	0.080	0.101	0.823	0.692	0.809	0.127	0.222	0.365	0.117	0.252	0.129	0.078	0.079	0.079	0.080	0.077	0.080	0.079	0.079	0.080	0.079	0.080	0.080	0.079
10:30:00	0.079	0.079	0.079	0.079	0.079	0.079	0.080	0.079	0.084	0.079	0.079	0.079	0.079	0.102	0.664	0.735	0.689	0.147	0.562	0.642	0.110	0.180	0.124	0.079	0.079	0.101	0.726	0.692	0.668	0.203	0.647	0.259	0.103	0.188	0.132	0.079	0.079	0.102	0.831	0.676	0.659	0.138	0.193	0.298	0.101	0.479	0.127	0.080	0.079	0.102	0.743	0.646	0.704	0.229	0.475	0.414	0.100	0.201	0.122	0.079	0.079	0.168	0.650	0.673	0.687	0.136	0.520	0.423	0.101	0.454	0.133	0.079	0.080	0.101	0.835	0.682	0.817	0.128	0.224	0.369	0.118	0.253	0.129	0.078	0.080	0.079	0.080	0.077	0.080	0.079	0.079	0.080	0.079	0.080	0.080	0.079
10:40:00	0.079	0.079	0.079	0.079	0.079	0.079	0.080	0.079	0.084	0.080	0.079	0.079	0.079	0.102	0.672	0.758	0.705	0.149	0.580	0.646	0.111	0.181	0.124	0.079	0.079	0.101	0.747	0.711	0.691	0.206	0.659	0.267	0.103	0.190	0.132	0.079	0.079	0.102	0.852	0.694	0.666	0.138	0.194	0.315	0.101	0.488	0.128	0.080	0.079	0.102	0.750	0.667	0.734	0.231	0.489	0.417	0.100	0.203	0.122	0.079	0.079	0.173	0.664	0.702	0.713	0.139	0.555	0.458	0.101	0.455	0.133	0.080	0.080	0.101	0.857	0.695	0.837	0.128	0.224	0.374	0.118	0.253	0.129	0.079	0.080	0.080	0.080	0.077	0.080	0.080	0.079	0.080	0.079	0.080	0.080	0.079
10:50:00	0.079	0.079	0.079	0.079	0.079	0.079	0.080	0.079	0.085	0.080	0.079	0.080	0.079	0.102	0.681	0.777	0.708	0.151	0.592	0.655	0.111	0.185	0.125	0.079	0.079	0.101	0.770	0.729	0.698	0.205	0.664	0.280	0.103	0.192	0.133	0.079	0.079	0.102	0.866	0.707	0.677	0.138	0.197	0.327	0.101	0.508	0.128	0.080	0.079	0.102	0.748	0.672	0.746	0.235	0.492	0.419	0.100	0.208	0.122	0.079	0.079	0.179	0.677	0.717	0.722	0.141	0.578	0.490	0.101	0.459	0.134	0.079	0.080	0.101	0.868	0.704	0.852	0.128	0.225	0.382	0.119	0.254	0.130	0.079	0.080	0.079	0.080	0.077	0.080	0.079	0.079	0.080	0.079	0.080	0.080	0.079
11:00:00	0.079	0.079	0.079	0.079	0.079	0.079	0.079	0.079	0.084	0.079	0.079	0.080	0.079	0.102	0.690	0.797	0.729	0.153	0.604	0.667	0.111	0.187	0.125	0.079	0.079	0.101	0.786	0.745	0.717	0.213	0.669	0.284	0.103	0.194	0.133	0.079	0.079	0.102	0.880	0.729	0.693	0.139	0.200	0.349	0.101	0.528	0.128	0.080	0.079	0.102	0.745	0.703	0.759	0.243	0.496	0.420	0.100	0.207	0.122	0.079	0.079	0.185	0.692	0.733	0.748	0.142	0.616	0.516	0.101	0.468	0.134	0.079	0.080	0.101	0.896	0.711	0.871	0.128	0.229	0.386	0.119	0.254	0.130	0.079	0.080	0.080	0.080	0.077	0.080	0.079	0.079	0.080	0.079	0.080	0.080	0.079
11:10:00	0.079	0.079	0.079	0.079	0.079	0.079	0.079	0.079	0.085	0.079	0.079	0.079	0.079	0.102	0.701	0.814	0.746	0.154	0.617	0.701	0.111	0.188	0.125	0.079	0.079	0.101	0.797	0.767	0.738	0.221	0.684	0.293	0.103	0.196	0.133	0.079	0.079	0.102	0.899	0.742	0.703	0.139	0.204	0.395	0.101	0.549	0.128	0.080	0.079	0.102	0.756	0.720	0.770	0.246	0.511	0.416	0.100	0.209	0.122	0.079	0.079	0.169	0.699	0.747	0.764	0.143	0.661	0.553	0.101	0.486	0.135	0.079	0.079	0.101	0.916	0.716	0.888	0.128	0.232	0.398	0.119	0.265	0.130	0.079	0.079	0.079	0.080	0.077	0.080	0.079	0.079	0.079	0.079	0.080	0.079	0.079
11:20:00	0.079	0.079	0.079	0.079	0.079	0.079	0.079	0.079	0.083	0.080	0.079	0.079	0.079	0.102	0.711	0.831	0.739	0.154	0.632	0.705	0.112	0.191	0.126	0.079	0.079	0.101	0.805	0.779	0.748	0.224	0.675	0.313	0.104	0.197	0.134	0.079	0.079	0.101	0.915	0.758	0.697	0.139	0.209	0.397	0.101	0.578	0.129	0.080	0.079	0.102	0.760	0.728	0.768	0.248	0.510	0.428	0.100	0.212	0.123	0.079	0.079	0.188	0.708	0.752	0.778	0.145	0.688	0.572	0.101	0.485	0.134	0.079	0.080	0.101	0.929	0.710	0.897	0.129	0.232	0.405	0.119	0.263	0.130	0.079	0.080	0.079	0.080	0.078	0.080	0.079	0.079	0.079	0.079	0.080	0.079	0.079
11:30:00	0.079	0.079	0.079	0.079	0.079	0.079	0.079	0.079	0.084	0.080	0.079	0.080	0.079	0.102	0.723	0.845	0.753	0.152	0.652	0.717	0.112	0.193	0.126	0.079	0.079	0.101	0.817	0.793	0.757	0.227	0.688	0.316	0.104	0.197	0.134	0.079	0.080	0.101	0.928	0.772	0.706	0.140	0.210	0.432	0.102	0.598	0.129	0.080	0.079	0.101	0.769	0.746	0.793	0.251	0.524	0.427	0.100	0.211	0.123	0.079	0.079	0.186	0.722	0.772	0.807	0.144	0.737	0.655	0.101	0.495	0.135	0.079	0.080	0.101	0.944	0.731	0.913	0.129	0.231	0.411	0.120	0.264	0.131	0.079	0.080	0.080	0.080	0.077	0.080	0.080	0.079	0.079	0.079	0.080	0.080	0.079
11:40:00	0.079	0.079	0.079	0.079	0.079	0.079	0.079	0.079	0.087	0.080	0.079	0.079	0.079	0.102	0.735	0.863	0.761	0.153	0.669	0.733	0.113	0.196	0.127	0.079	0.079	0.101	0.832	0.809	0.771	0.230	0.699	0.324	0.104	0.197	0.135	0.079	0.079	0.101	0.944	0.783	0.714	0.141	0.210	0.472	0.101	0.614	0.129	0.080	0.079	0.102	0.783	0.775	0.814	0.257	0.532	0.424	0.100	0.215	0.123	0.079	0.079	0.173	0.742	0.790	0.818	0.146	0.792	0.763	0.101	0.504	0.136	0.079	0.079	0.101	0.962	0.744	0.928	0.129	0.233	0.416	0.120	0.266	0.131	0.079	0.080	0.079	0.080	0.077	0.079	0.079	0.079	0.079	0.079	0.080	0.079	0.079
11:50:00	0.079	0.079	0.079	0.079	0.079	0.079	0.079	0.079	0.085	0.080	0.079	0.079	0.079	0.102	0.742	0.878	0.764	0.157	0.672	0.738	0.113	0.201	0.126	0.079	0.079	0.100	0.846	0.817	0.787	0.233	0.702	0.337	0.104	0.200	0.135	0.079	0.079	0.101	0.965	0.794	0.716	0.140	0.213	0.468	0.101	0.638	0.129	0.080	0.079	0.101	0.793	0.773	0.828	0.263	0.537	0.415	0.100	0.210	0.123	0.079	0.079	0.158	0.750	0.794	0.829	0.145	0.830	0.740	0.101	0.515	0.137	0.079	0.079	0.101	0.973	0.738	0.943	0.130	0.233	0.429	0.120	0.268	0.131	0.079	0.079	0.079	0.080	0.077	0.079	0.079	0.079	0.079	0.079	0.080	0.079	0.079
12:00:00	0.079	0.079	0.079	0.079	0.079	0.079	0.079	0.079	0.085	0.080	0.078	0.079	0.079	0.102	0.757	0.897	0.776	0.163	0.695	0.767	0.114	0.202	0.127	0.079	0.079	0.101	0.870	0.838	0.805	0.240	0.707	0.348	0.104	0.203	0.135	0.079	0.079	0.101	0.988	0.820	0.730	0.142	0.214	0.511	0.102	0.659	0.130	0.080	0.079	0.101	0.798	0.797	0.850	0.268	0.555	0.426	0.100	0.209	0.123	0.079	0.079	0.172	0.769	0.809	0.843	0.144	0.869	0.744	0.101	0.526	0.137	0.079	0.079	0.101	0.984	0.750	0.961	0.130	0.236	0.433	0.122	0.270	0.132	0.079	0.080	0.080	0.080	0.077	0.080	0.080	0.079	0.079	0.079	0.080	0.079	0.079
12:10:00	0.079	0.079	0.079	0.079	0.079	0.079	0.079	0.079	0.084	0.080	0.079	0.079	0.079	0.102	0.768	0.908	0.780	0.171	0.713	0.779	0.115	0.206	0.127	0.079	0.079	0.101	0.892	0.858	0.821	0.249	0.713	0.363	0.104	0.205	0.136	0.079	0.079	0.101	1.013	0.835	0.739	0.143	0.216	0.535	0.102	0.685	0.130	0.080	0.079	0.101	0.814	0.805	0.864	0.270	0.564	0.430	0.100	0.209	0.124	0.079	0.079	0.174	0.783	0.823	0.857	0.144	0.915	0.744	0.101	0.534	0.138	0.079	0.079	0.101	0.991	0.766	0.974	0.131	0.235	0.445	0.122	0.271	0.132	0.079	0.080	0.079	0.080	0.077	0.080	0.079	0.079	0.079	0.079	0.080	0.079	0.079
12:20:00	0.079	0.079	0.079	0.079	0.079	0.079	0.079	0.079	0.085	0.080	0.079	0.079	0.079	0.102	0.776	0.917	0.791	0.179	0.715	0.785	0.116	0.209	0.127	0.079	0.079	0.101	0.906	0.874	0.835	0.249	0.718	0.375	0.104	0.208	0.136	0.079	0.079	0.101	1.037	0.840	0.745	0.144	0.218	0.537	0.102	0.700	0.130	0.080	0.079	0.101	0.824	0.807	0.878	0.275	0.569	0.424	0.100	0.210	0.124	0.079	0.079	0.156	0.783	0.828	0.868	0.145	0.943	0.742	0.101	0.536	0.138	0.079	0.079	0.101	0.999	0.767	0.991	0.132	0.237	0.454	0.124	0.273	0.132	0.079	0.080	0.080	0.080	0.077	0.080	0.079	0.079	0.079	0.079	0.080	0.079	0.079
12:30:00	0.079	0.079	0.079	0.079	0.079	0.079	0.079	0.079	0.084	0.080	0.079	0.079	0.079	0.102	0.791	0.931	0.803	0.184	0.721	0.804	0.117	0.212	0.128	0.080	0.079	0.101	0.918	0.890	0.849	0.253	0.716	0.391	0.105	0.211	0.137	0.079	0.079	0.101	1.062	0.851	0.753	0.145	0.218	0.552	0.102	0.717	0.131	0.080	0.079	0.102	0.839	0.813	0.896	0.279	0.585	0.437	0.100	0.211	0.124	0.079	0.079	0.176	0.790	0.839	0.878	0.143	0.964	0.750	0.101	0.549	0.139	0.079	0.079	0.101	1.013	0.778	1.007	0.133	0.236	0.459	0.124	0.277	0.133	0.079	0.080	0.080	0.080	0.077	0.080	0.080	0.079	0.079	0.079	0.080	0.080	0.079
12:40:00	0.079	0.079	0.079	0.079	0.079	0.079	0.079	0.079	0.085	0.080	0.078	0.079	0.079	0.102	0.800	0.949	0.806	0.186	0.725	0.814	0.118	0.214	0.128	0.079	0.079	0.101	0.924	0.898	0.862	0.256	0.721	0.404	0.105	0.213	0.138	0.079	0.079	0.102	1.084	0.867	0.755	0.146	0.222	0.564	0.102	0.731	0.132	0.080	0.079	0.102	0.849	0.812	0.906	0.285	0.586	0.434	0.100	0.215	0.124	0.079	0.079	0.170	0.791	0.847	0.885	0.144	1.003	0.751	0.101	0.551	0.139	0.079	0.079	0.101	1.024	0.784	1.024	0.133	0.240	0.463	0.125	0.282	0.133	0.079	0.080	0.079	0.080	0.077	0.080	0.079	0.079	0.079	0.079	0.080	0.079	0.079
12:50:00	0.079	0.079	0.079	0.079	0.079	0.079	0.079	0.079	0.083	0.080	0.078	0.079	0.079	0.102	0.807	0.959	0.820	0.185	0.738	0.821	0.118	0.219	0.129	0.080	0.079	0.101	0.931	0.915	0.879	0.260	0.728	0.426	0.105	0.216	0.138	0.079	0.079	0.102	1.110	0.875	0.762	0.147	0.222	0.569	0.102	0.749	0.132	0.080	0.079	0.102	0.853	0.827	0.912	0.291	0.597	0.440	0.100	0.213	0.125	0.079	0.079	0.179	0.797	0.854	0.894	0.143	1.034	0.756	0.101	0.562	0.139	0.079	0.079	0.101	1.033	0.786	1.040	0.134	0.241	0.467	0.126	0.286	0.134	0.079	0.080	0.080	0.080	0.077	0.080	0.080	0.079	0.079	0.079	0.080	0.079	0.079
13:00:00	0.079	0.079	0.079	0.079	0.079	0.079	0.079	0.079	0.084	0.079	0.078	0.079	0.079	0.102	0.811	0.968	0.831	0.185	0.748	0.843	0.118	0.220	0.129	0.079	0.079	0.101	0.938	0.936	0.895	0.266	0.730	0.474	0.105	0.221	0.139	0.079	0.079	0.102	1.136	0.891	0.773	0.147	0.225	0.582	0.102	0.764	0.132	0.080	0.079	0.102	0.860	0.837	0.922	0.295	0.611	0.445	0.100	0.215	0.125	0.079	0.079	0.194	0.806	0.862	0.907	0.141	1.052	0.765	0.101	0.575	0.140	0.079	0.079	0.101	1.041	0.796	1.057	0.134	0.241	0.474	0.128	0.287	0.134	0.079	0.080	0.080	0.080	0.077	0.080	0.079	0.079	0.079	0.079	0.080	0.079	0.079
13:10:00	0.079	0.079	0.079	0.079	0.079	0.079	0.079	0.079	0.084	0.080	0.079	0.079	0.079	0.102	0.818	0.978	0.832	0.184	0.746	0.845	0.118	0.224	0.129	0.080	0.079	0.101	0.940	0.947	0.904	0.267	0.735	0.463	0.105	0.221	0.139	0.079	0.079	0.101	1.153	0.893	0.780	0.148	0.229	0.591	0.102	0.775	0.133	0.080	0.079	0.102	0.859	0.835	0.929	0.299	0.612	0.448	0.100	0.218	0.125	0.079	0.079	0.193	0.814	0.865	0.918	0.141	1.068	0.763	0.101	0.574	0.139	0.079	0.079	0.101	1.044	0.799	1.073	0.135	0.247	0.479	0.129	0.290	0.135	0.079	0.080	0.080	0.080	0.078	0.080	0.080	0.079	0.079	0.079	0.080	0.079	0.079
13:20:00	0.079	0.079	0.080	0.079	0.079	0.079	0.079	0.080	0.084	0.080	0.079	0.080	0.080	0.102	0.829	0.986	0.840	0.182	0.766	0.853	0.118	0.226	0.129	0.080	0.080	0.101	0.947	0.957	0.921	0.273	0.742	0.525	0.106	0.224	0.139	0.079	0.080	0.101	1.170	0.909	0.792	0.149	0.230	0.620	0.102	0.786	0.133	0.080	0.079	0.101	0.866	0.847	0.936	0.301	0.628	0.449	0.100	0.218	0.125	0.079	0.080	0.190	0.821	0.875	0.929	0.140	1.091	0.769	0.102	0.584	0.140	0.079	0.080	0.101	1.050	0.808	1.087	0.135	0.246	0.488	0.130	0.292	0.135	0.079	0.079	0.079	0.080	0.077	0.080	0.080	0.080	0.079	0.080	0.080	0.079	0.079
13:30:00	0.080	0.079	0.080	0.079	0.079	0.079	0.079	0.080	0.089	0.080	0.079	0.080	0.080	0.102	0.837	0.994	0.844	0.182	0.783	0.872	0.119	0.229	0.129	0.080	0.080	0.101	0.954	0.965	0.932	0.279	0.747	0.553	0.106	0.227	0.140	0.079	0.080	0.101	1.188	0.924	0.800	0.150	0.231	0.640	0.102	0.802	0.134	0.080	0.079	0.102	0.872	0.856	0.942	0.305	0.644	0.449	0.100	0.220	0.125	0.078	0.079	0.186	0.824	0.883	0.939	0.140	1.124	0.778	0.101	0.591	0.141	0.079	0.079	0.101	1.059	0.821	1.104	0.135	0.248	0.500	0.131	0.296	0.135	0.079	0.079	0.079	0.080	0.077	0.079	0.079	0.079	0.079	0.079	0.080	0.079	0.078
13:40:00	0.079	0.079	0.079	0.079	0.079	0.079	0.079	0.079	0.084	0.080	0.079	0.079	0.079	0.102	0.843	1.006	0.849	0.186	0.781	0.870	0.119	0.234	0.130	0.080	0.079	0.101	0.963	0.973	0.936	0.283	0.752	0.555	0.106	0.225	0.140	0.079	0.079	0.101	1.210	0.923	0.804	0.151	0.234	0.635	0.103	0.807	0.133	0.080	0.079	0.101	0.874	0.851	0.944	0.310	0.647	0.446	0.100	0.221	0.125	0.078	0.079	0.177	0.826	0.892	0.946	0.140	1.139	0.779	0.101	0.589	0.141	0.079	0.079	0.101	1.065	0.817	1.116	0.136	0.250	0.508	0.131	0.298	0.135	0.079	0.079	0.079	0.080	0.077	0.080	0.080	0.079	0.079	0.079	0.080	0.079	0.079
13:50:00	0.079	0.079	0.079	0.079	0.079	0.079	0.079	0.079	0.086	0.080	0.079	0.079	0.079	0.102	0.852	1.017	0.860	0.193	0.794	0.889	0.119	0.235	0.129	0.079	0.079	0.101	0.972	0.987	0.947	0.288	0.766	0.582	0.106	0.231	0.140	0.079	0.079	0.101	1.225	0.935	0.812	0.152	0.236	0.666	0.103	0.824	0.134	0.080	0.079	0.101	0.882	0.862	0.949	0.313	0.661	0.440	0.100	0.222	0.125	0.078	0.079	0.157	0.830	0.900	0.954	0.141	1.159	0.785	0.101	0.604	0.143	0.079	0.079	0.101	1.074	0.831	1.133	0.136	0.252	0.519	0.132	0.301	0.136	0.079	0.079	0.079	0.080	0.077	0.080	0.079	0.079	0.079	0.079	0.080	0.079	0.079
14:00:00	0.079	0.079	0.079	0.079	0.079	0.079	0.079	0.079	0.083	0.080	0.079	0.079	0.079	0.102	0.864	1.026	0.862	0.209	0.805	0.911	0.120	0.238	0.130	0.079	0.079	0.101	0.976	0.992	0.953	0.291	0.770	0.601	0.106	0.233	0.141	0.079	0.080	0.101	1.239	0.946	0.819	0.156	0.239	0.684	0.103	0.842	0.135	0.080	0.079	0.101	0.889	0.869	0.952	0.319	0.668	0.449	0.100	0.220	0.126	0.078	0.080	0.165	0.837	0.905	0.960	0.140	1.175	0.795	0.102	0.607	0.143	0.079	0.079	0.101	1.079	0.840	1.143	0.137	0.253	0.525	0.132	0.306	0.136	0.079	0.080	0.079	0.080	0.077	0.080	0.080	0.080	0.079	0.079	0.080	0.079	0.079
14:10:00	0.079	0.079	0.079	0.079	0.079	0.079	0.079	0.079	0.084	0.080	0.079	0.080	0.080	0.102	0.874	1.036	0.875	0.224	0.813	0.905	0.120	0.241	0.131	0.080	0.079	0.101	0.980	0.998	0.961	0.294	0.774	0.634	0.107	0.235	0.141	0.079	0.080	0.101	1.251	0.950	0.826	0.156	0.240	0.695	0.103	0.862	0.135	0.081	0.079	0.101	0.893	0.874	0.957	0.322	0.679	0.455	0.101	0.219	0.126	0.078	0.080	0.178	0.839	0.908	0.968	0.138	1.198	0.796	0.102	0.618	0.142	0.079	0.080	0.101	1.081	0.846	1.157	0.137	0.256	0.533	0.134	0.308	0.137	0.079	0.080	0.079	0.080	0.078	0.080	0.080	0.080	0.079	0.079	0.080	0.079	0.079
14:20:00	0.079	0.079	0.080	0.079	0.079	0.079	0.079	0.080	0.084	0.080	0.079	0.079	0.080	0.102	0.884	1.047	0.881	0.237	0.823	0.916	0.120	0.245	0.131	0.079	0.080	0.101	0.988	1.004	0.971	0.298	0.780	0.662	0.107	0.234	0.142	0.079	0.080	0.102	1.261	0.963	0.836	0.158	0.242	0.713	0.103	0.866	0.136	0.080	0.079	0.102	0.901	0.883	0.965	0.329	0.693	0.456	0.101	0.221	0.127	0.078	0.080	0.173	0.845	0.914	0.971	0.138	1.207	0.807	0.102	0.620	0.144	0.079	0.079	0.101	1.085	0.855	1.167	0.138	0.259	0.544	0.134	0.314	0.137	0.079	0.080	0.079	0.080	0.077	0.079	0.080	0.079	0.079	0.079	0.080	0.079	0.079
14:30:00	0.079	0.079	0.079	0.079	0.079	0.079	0.079	0.079	0.083	0.080	0.079	0.079	0.079	0.102	0.889	1.059	0.887	0.244	0.824	0.914	0.121	0.251	0.132	0.079	0.079	0.101	0.994	1.008	0.977	0.303	0.783	0.677	0.107	0.238	0.143	0.079	0.080	0.101	1.267	0.960	0.842	0.159	0.247	0.713	0.103	0.875	0.136	0.080	0.079	0.102	0.903	0.880	0.971	0.333	0.698	0.457	0.101	0.224	0.127	0.078	0.080	0.179	0.848	0.920	0.978	0.137	1.219	0.805	0.102	0.626	0.143	0.079	0.079	0.101	1.088	0.859	1.179	0.138	0.264	0.547	0.134	0.316	0.138	0.079	0.080	0.079	0.080	0.077	0.079	0.080	0.079	0.079	0.079	0.080	0.079	0.079
14:40:00	0.079	0.079	0.080	0.079	0.079	0.079	0.079	0.080	0.086	0.080	0.079	0.079	0.080	0.102	0.900	1.070	0.895	0.253	0.837	0.923	0.121	0.254	0.132	0.079	0.080	0.101	1.001	1.017	0.987	0.307	0.786	0.752	0.107	0.239	0.143	0.079	0.080	0.102	1.270	0.973	0.846	0.160	0.249	0.729	0.103	0.893	0.137	0.080	0.079	0.102	0.912	0.892	0.975	0.334	0.718	0.462	0.101	0.225	0.127	0.078	0.080	0.197	0.853	0.928	0.988	0.135	1.230	0.812	0.102	0.636	0.144	0.079	0.080	0.101	1.093	0.866	1.185	0.138	0.264	0.564	0.136	0.320	0.139	0.079	0.080	0.079	0.080	0.078	0.079	0.080	0.079	0.079	0.079	0.080	0.079	0.079
14:50:00	0.079	0.079	0.079	0.079	0.079	0.079	0.079	0.079	0.084	0.080	0.079	0.079	0.079	0.102	0.910	1.079	0.902	0.255	0.846	0.935	0.121	0.263	0.132	0.079	0.079	0.101	1.002	1.022	0.997	0.309	0.790	0.947	0.107	0.240	0.143	0.079	0.080	0.102	1.274	0.981	0.856	0.161	0.252	0.739	0.103	0.903	0.137	0.080	0.079	0.102	0.921	0.900	0.981	0.342	0.732	0.468	0.101	0.226	0.128	0.079	0.080	0.198	0.859	0.933	0.993	0.134	1.246	0.824	0.102	0.640	0.145	0.079	0.080	0.101	1.099	0.879	1.191	0.139	0.266	0.570	0.137	0.322	0.138	0.079	0.080	0.079	0.080	0.078	0.079	0.080	0.079	0.079	0.079	0.080	0.079	0.079
15:00:00	0.079	0.079	0.079	0.079	0.079	0.079	0.079	0.079	0.083	0.080	0.079	0.079	0.079	0.101	0.916	1.090	0.909	0.254	0.846	0.929	0.122	0.269	0.132	0.079	0.079	0.100	1.009	1.025	1.002	0.311	0.798	0.954	0.108	0.240	0.143	0.079	0.080	0.101	1.280	0.976	0.862	0.162	0.257	0.740	0.104	0.905	0.136	0.080	0.079	0.101	0.927	0.897	0.986	0.348	0.733	0.460	0.101	0.227	0.127	0.079	0.080	0.163	0.860	0.937	0.999	0.136	1.251	0.826	0.102	0.637	0.145	0.079	0.080	0.101	1.103	0.883	1.197	0.140	0.268	0.580	0.136	0.322	0.139	0.079	0.080	0.079	0.080	0.078	0.079	0.080	0.079	0.080	0.079	0.080	0.079	0.079
15:10:00	0.079	0.079	0.080	0.079	0.079	0.079	0.079	0.080	0.085	0.080	0.079	0.079	0.080	0.101	0.929	1.098	0.918	0.250	0.856	0.939	0.122	0.271	0.133	0.079	0.079	0.101	1.014	1.028	1.008	0.313	0.797	0.951	0.108	0.244	0.144	0.079	0.080	0.101	1.284	0.988	0.871	0.163	0.256	0.759	0.104	0.918	0.138	0.080	0.080	0.101	0.937	0.911	0.992	0.350	0.744	0.471	0.101	0.228	0.128	0.078	0.080	0.190	0.869	0.940	1.002	0.134	1.265	0.844	0.102	0.644	0.146	0.079	0.080	0.101	1.107	0.887	1.201	0.140	0.271	0.625	0.138	0.325	0.140	0.079	0.080	0.079	0.080	0.078	0.079	0.080	0.079	0.080	0.079	0.080	0.079	0.079
15:20:00	0.079	0.079	0.080	0.079	0.079	0.079	0.079	0.080	0.089	0.080	0.079	0.079	0.080	0.101	0.949	1.102	0.922	0.241	0.864	0.960	0.122	0.277	0.133	0.079	0.079	0.101	1.019	1.034	1.016	0.316	0.803	0.964	0.108	0.248	0.145	0.079	0.080	0.101	1.287	0.998	0.876	0.165	0.259	0.774	0.104	0.932	0.138	0.080	0.079	0.102	0.947	0.918	0.997	0.354	0.756	0.471	0.101	0.227	0.128	0.078	0.079	0.186	0.877	0.949	1.008	0.133	1.277	0.861	0.102	0.654	0.147	0.079	0.079	0.100	1.114	0.895	1.208	0.140	0.273	0.705	0.139	0.327	0.140	0.079	0.079	0.079	0.080	0.077	0.079	0.079	0.079	0.079	0.079	0.080	0.079	0.079
15:30:00	0.079	0.079	0.080	0.079	0.079	0.079	0.079	0.080	0.084	0.079	0.079	0.079	0.080	0.102	0.957	1.104	0.929	0.237	0.869	0.955	0.123	0.282	0.134	0.079	0.079	0.101	1.025	1.037	1.024	0.319	0.806	0.957	0.109	0.251	0.145	0.079	0.080	0.101	1.289	0.996	0.885	0.167	0.263	0.775	0.104	0.935	0.138	0.080	0.080	0.101	0.955	0.918	1.004	0.357	0.759	0.468	0.101	0.228	0.129	0.078	0.080	0.179	0.882	0.954	1.016	0.133	1.286	0.853	0.102	0.658	0.146	0.079	0.080	0.101	1.116	0.900	1.215	0.141	0.275	0.726	0.139	0.324	0.140	0.079	0.080	0.079	0.081	0.077	0.079	0.079	0.079	0.080	0.079	0.080	0.080	0.079
15:40:00	0.079	0.079	0.080	0.079	0.079	0.079	0.079	0.080	0.085	0.079	0.079	0.079	0.080	0.101	0.972	1.105	0.937	0.230	0.881	0.968	0.124	0.286	0.134	0.079	0.079	0.101	1.028	1.041	1.029	0.322	0.809	0.968	0.109	0.252	0.146	0.079	0.080	0.101	1.292	1.008	0.891	0.169	0.265	0.790	0.104	0.945	0.139	0.080	0.079	0.101	0.967	0.929	1.008	0.360	0.767	0.474	0.101	0.231	0.129	0.078	0.079	0.177	0.887	0.960	1.019	0.132	1.294	0.880	0.102	0.655	0.148	0.079	0.079	0.101	1.123	0.909	1.219	0.141	0.277	0.732	0.140	0.323	0.140	0.079	0.080	0.079	0.080	0.077	0.079	0.079	0.079	0.079	0.079	0.080	0.079	0.079
15:50:00	0.079	0.079	0.080	0.079	0.079	0.079	0.079	0.080	0.084	0.079	0.079	0.079	0.080	0.102	0.981	1.112	0.939	0.226	0.888	0.967	0.124	0.292	0.135	0.079	0.079	0.101	1.031	1.048	1.035	0.327	0.815	0.970	0.110	0.252	0.146	0.080	0.080	0.101	1.296	1.010	0.896	0.170	0.271	0.794	0.105	0.952	0.140	0.080	0.080	0.101	0.966	0.928	1.013	0.365	0.770	0.477	0.101	0.232	0.129	0.079	0.079	0.179	0.890	0.963	1.026	0.131	1.305	0.882	0.102	0.655	0.147	0.079	0.079	0.101	1.125	0.911	1.224	0.142	0.281	0.733	0.141	0.321	0.141	0.079	0.080	0.079	0.081	0.078	0.079	0.079	0.079	0.079	0.079	0.080	0.080	0.079
16:00:00	0.079	0.079	0.080	0.079	0.079	0.079	0.079	0.079	0.085	0.079	0.079	0.079	0.080	0.102	0.994	1.113	0.946	0.227	0.900	0.969	0.125	0.294	0.135	0.079	0.079	0.101	1.037	1.056	1.041	0.331	0.820	0.958	0.110	0.253	0.146	0.080	0.080	0.101	1.298	1.015	0.897	0.172	0.275	0.809	0.105	0.960	0.140	0.080	0.080	0.102	0.977	0.935	1.016	0.368	0.783	0.480	0.101	0.230	0.130	0.079	0.079	0.180	0.896	0.973	1.032	0.131	1.315	0.895	0.103	0.656	0.148	0.079	0.080	0.101	1.131	0.922	1.226	0.142	0.281	0.736	0.142	0.319	0.141	0.079	0.080	0.080	0.081	0.077	0.079	0.079	0.079	0.080	0.079	0.080	0.080	0.079
16:10:00	0.079	0.079	0.080	0.079	0.079	0.079	0.079	0.079	0.086	0.079	0.079	0.079	0.080	0.102	1.009	1.115	0.949	0.232	0.909	0.981	0.126	0.299	0.135	0.079	0.079	0.101	1.038	1.061	1.050	0.334	0.824	0.964	0.110	0.257	0.147	0.080	0.080	0.102	1.298	1.024	0.903	0.173	0.277	0.819	0.105	0.968	0.141	0.080	0.080	0.102	0.990	0.942	1.020	0.372	0.794	0.483	0.101	0.234	0.130	0.079	0.079	0.187	0.902	0.977	1.032	0.130	1.326	0.922	0.103	0.662	0.150	0.079	0.079	0.101	1.135	0.931	1.229	0.143	0.284	0.740	0.143	0.325	0.142	0.079	0.079	0.079	0.080	0.077	0.079	0.079	0.079	0.079	0.079	0.080	0.080	0.079
16:20:00	0.079	0.079	0.080	0.079	0.079	0.079	0.079	0.079	0.083	0.079	0.079	0.079	0.080	0.102	1.014	1.119	0.952	0.241	0.910	0.975	0.127	0.304	0.136	0.079	0.079	0.101	1.043	1.065	1.058	0.338	0.828	0.958	0.110	0.258	0.148	0.080	0.079	0.102	1.299	1.021	0.910	0.174	0.283	0.821	0.105	0.969	0.141	0.080	0.079	0.102	0.983	0.943	1.024	0.376	0.796	0.484	0.101	0.233	0.131	0.079	0.079	0.186	0.907	0.983	1.039	0.131	1.334	0.916	0.103	0.661	0.148	0.079	0.079	0.101	1.135	0.931	1.235	0.143	0.289	0.741	0.143	0.325	0.142	0.079	0.080	0.079	0.081	0.077	0.079	0.079	0.079	0.079	0.079	0.080	0.080	0.079
16:30:00	0.079	0.079	0.080	0.079	0.079	0.079	0.079	0.079	0.084	0.079	0.079	0.079	0.080	0.102	1.028	1.121	0.963	0.250	0.919	0.984	0.127	0.306	0.136	0.079	0.079	0.101	1.049	1.071	1.060	0.339	0.831	0.972	0.111	0.261	0.148	0.080	0.080	0.102	1.300	1.028	0.910	0.175	0.283	0.837	0.105	0.982	0.142	0.080	0.079	0.102	0.994	0.952	1.028	0.381	0.809	0.490	0.101	0.237	0.131	0.079	0.079	0.197	0.915	0.988	1.042	0.130	1.343	0.935	0.103	0.674	0.149	0.079	0.079	0.101	1.141	0.938	1.240	0.143	0.290	0.749	0.144	0.328	0.142	0.079	0.079	0.079	0.080	0.078	0.079	0.079	0.079	0.079	0.079	0.080	0.079	0.079
16:40:00	0.079	0.079	0.080	0.079	0.079	0.079	0.079	0.079	0.084	0.079	0.079	0.079	0.080	0.102	1.035	1.127	0.966	0.254	0.925	0.995	0.127	0.309	0.137	0.079	0.079	0.101	1.054	1.075	1.066	0.343	0.836	0.970	0.111	0.262	0.148	0.080	0.079	0.101	1.301	1.033	0.919	0.177	0.287	0.847	0.105	0.990	0.142	0.080	0.079	0.102	1.000	0.960	1.031	0.384	0.813	0.493	0.101	0.237	0.131	0.079	0.079	0.185	0.920	0.993	1.045	0.130	1.351	0.951	0.103	0.676	0.150	0.079	0.079	0.101	1.146	0.946	1.243	0.144	0.292	0.751	0.145	0.335	0.142	0.079	0.079	0.079	0.081	0.078	0.079	0.079	0.079	0.079	0.079	0.080	0.080	0.079
16:50:00	0.079	0.080	0.080	0.079	0.079	0.079	0.079	0.079	0.083	0.079	0.079	0.080	0.080	0.101	1.036	1.126	0.970	0.254	0.928	0.992	0.128	0.314	0.137	0.079	0.079	0.100	1.058	1.074	1.071	0.344	0.839	0.985	0.112	0.266	0.149	0.080	0.080	0.101	1.299	1.033	0.915	0.178	0.291	0.854	0.106	0.999	0.142	0.080	0.080	0.101	0.994	0.956	1.034	0.387	0.816	0.498	0.101	0.236	0.132	0.079	0.079	0.195	0.921	0.996	1.049	0.130	1.351	0.953	0.103	0.679	0.149	0.079	0.080	0.101	1.145	0.947	1.246	0.145	0.294	0.765	0.145	0.332	0.143	0.079	0.080	0.080	0.081	0.078	0.080	0.079	0.079	0.080	0.080	0.080	0.080	0.079
17:00:00	0.080	0.079	0.080	0.079	0.079	0.080	0.079	0.079	0.085	0.079	0.079	0.080	0.080	0.101	1.042	1.128	0.979	0.257	0.935	0.994	0.128	0.320	0.138	0.079	0.080	0.101	1.060	1.078	1.075	0.347	0.843	0.982	0.112	0.267	0.149	0.080	0.080	0.101	1.299	1.039	0.921	0.180	0.289	0.862	0.106	1.005	0.142	0.080	0.080	0.101	0.998	0.961	1.039	0.392	0.825	0.494	0.102	0.237	0.132	0.079	0.079	0.191	0.923	1.003	1.055	0.129	1.371	0.957	0.103	0.678	0.150	0.079	0.080	0.101	1.149	0.952	1.247	0.145	0.296	0.769	0.146	0.338	0.143	0.079	0.080	0.080	0.081	0.078	0.079	0.079	0.079	0.080	0.080	0.080	0.080	0.079
17:10:01	0.080	0.079	0.080	0.079	0.079	0.079	0.079	0.079	0.089	0.079	0.079	0.080	0.080	0.101	1.053	1.130	0.985	0.254	0.942	1.001	0.129	0.325	0.138	0.079	0.079	0.101	1.063	1.079	1.078	0.348	0.851	0.987	0.112	0.270	0.149	0.080	0.080	0.101	1.301	1.044	0.924	0.182	0.291	0.871	0.106	1.014	0.143	0.080	0.079	0.101	1.010	0.969	1.043	0.399	0.834	0.495	0.101	0.239	0.132	0.079	0.079	0.186	0.927	1.005	1.055	0.130	1.374	0.955	0.103	0.681	0.151	0.079	0.079	0.100	1.152	0.960	1.250	0.145	0.298	0.775	0.148	0.339	0.143	0.079	0.079	0.079	0.080	0.077	0.079	0.079	0.079	0.079	0.079	0.080	0.079	0.079
17:20:01	0.079	0.079	0.080	0.079	0.079	0.079	0.079	0.079	0.085	0.079	0.079	0.079	0.080	0.102	1.053	1.132	0.989	0.250	0.945	1.002	0.129	0.331	0.139	0.079	0.079	0.100	1.066	1.084	1.085	0.352	0.855	0.991	0.113	0.274	0.150	0.080	0.080	0.101	1.301	1.045	0.932	0.183	0.296	0.875	0.106	1.020	0.142	0.080	0.080	0.101	1.012	0.971	1.047	0.403	0.837	0.499	0.102	0.240	0.132	0.079	0.079	0.180	0.932	1.011	1.060	0.130	1.375	0.937	0.103	0.677	0.151	0.079	0.079	0.101	1.154	0.963	1.255	0.146	0.303	0.780	0.148	0.340	0.143	0.079	0.080	0.079	0.081	0.078	0.079	0.079	0.079	0.079	0.079	0.080	0.079	0.079
17:30:01	0.079	0.079	0.079	0.079	0.079	0.079	0.079	0.079	0.085	0.079	0.078	0.079	0.080	0.101	1.065	1.134	0.993	0.248	0.951	1.009	0.130	0.329	0.139	0.079	0.079	0.100	1.067	1.091	1.085	0.353	0.859	0.995	0.113	0.276	0.149	0.080	0.080	0.101	1.301	1.055	0.934	0.186	0.299	0.887	0.107	1.025	0.143	0.080	0.079	0.101	1.020	0.979	1.047	0.406	0.846	0.499	0.102	0.243	0.133	0.079	0.079	0.176	0.934	1.016	1.060	0.130	1.377	0.937	0.103	0.685	0.151	0.079	0.079	0.100	1.158	0.971	1.255	0.146	0.303	0.787	0.149	0.341	0.144	0.079	0.080	0.079	0.080	0.077	0.079	0.079	0.079	0.079	0.079	0.080	0.079	0.079
17:40:01	0.079	0.079	0.079	0.079	0.079	0.079	0.079	0.079	0.085	0.079	0.078	0.079	0.080	0.101	1.073	1.139	0.996	0.248	0.958	1.022	0.131	0.332	0.140	0.079	0.079	0.101	1.071	1.093	1.089	0.355	0.866	1.008	0.114	0.278	0.150	0.080	0.080	0.101	1.302	1.062	0.936	0.189	0.303	0.896	0.107	1.032	0.144	0.080	0.080	0.101	1.030	0.986	1.052	0.407	0.855	0.502	0.102	0.243	0.133	0.079	0.079	0.176	0.941	1.018	1.063	0.130	1.380	0.945	0.103	0.688	0.152	0.079	0.080	0.101	1.160	0.976	1.258	0.146	0.305	0.799	0.151	0.346	0.144	0.079	0.080	0.080	0.081	0.078	0.079	0.079	0.079	0.080	0.079	0.080	0.079	0.079
17:50:01	0.079	0.079	0.079	0.079	0.079	0.079	0.079	0.079	0.084	0.079	0.079	0.079	0.080	0.102	1.077	1.142	1.001	0.249	0.964	1.021	0.131	0.335	0.141	0.079	0.079	0.101	1.072	1.095	1.093	0.359	0.869	0.981	0.114	0.281	0.151	0.080	0.080	0.101	1.305	1.063	0.936	0.191	0.306	0.900	0.107	1.039	0.144	0.080	0.080	0.101	1.032	0.984	1.055	0.413	0.854	0.506	0.102	0.243	0.134	0.079	0.079	0.179	0.944	1.023	1.068	0.130	1.383	0.949	0.104	0.687	0.153	0.079	0.080	0.101	1.162	0.982	1.262	0.147	0.308	0.806	0.151	0.351	0.145	0.079	0.080	0.080	0.081	0.078	0.079	0.079	0.079	0.080	0.080	0.080	0.080	0.079
18:00:01	0.079	0.079	0.080	0.079	0.080	0.079	0.079	0.079	0.085	0.080	0.079	0.079	0.080	0.102	1.088	1.145	1.007	0.249	0.969	1.028	0.133	0.337	0.141	0.080	0.080	0.101	1.074	1.099	1.098	0.361	0.871	1.009	0.115	0.282	0.151	0.080	0.080	0.101	1.304	1.068	0.934	0.192	0.307	0.911	0.108	1.045	0.145	0.080	0.079	0.102	1.037	0.988	1.057	0.416	0.861	0.510	0.102	0.243	0.134	0.079	0.079	0.187	0.950	1.026	1.069	0.130	1.388	0.955	0.104	0.691	0.154	0.079	0.080	0.101	1.165	0.989	1.264	0.147	0.309	0.818	0.153	0.348	0.146	0.079	0.080	0.080	0.081	0.078	0.079	0.079	0.079	0.080	0.080	0.080	0.079	0.079
18:10:01	0.079	0.079	0.079	0.079	0.079	0.079	0.079	0.079	0.084	0.079	0.078	0.079	0.080	0.102	1.088	1.149	1.009	0.251	0.975	1.030	0.133	0.343	0.142	0.079	0.079	0.101	1.078	1.102	1.103	0.365	0.874	0.999	0.115	0.288	0.152	0.080	0.080	0.101	1.304	1.067	0.934	0.194	0.315	0.915	0.108	1.045	0.146	0.080	0.079	0.102	1.039	0.985	1.063	0.419	0.867	0.510	0.102	0.242	0.134	0.079	0.079	0.181	0.953	1.030	1.071	0.130	1.393	0.959	0.104	0.688	0.154	0.079	0.079	0.101	1.168	0.992	1.271	0.148	0.313	0.819	0.153	0.351	0.146	0.078	0.080	0.079	0.081	0.078	0.079	0.079	0.079	0.079	0.079	0.080	0.079	0.079
18:20:01	0.079	0.079	0.079	0.079	0.079	0.079	0.079	0.079	0.084	0.079	0.078	0.079	0.080	0.102	1.098	1.151	1.014	0.253	0.981	1.034	0.134	0.341	0.143	0.079	0.079	0.101	1.079	1.104	1.104	0.368	0.875	0.994	0.115	0.287	0.153	0.080	0.080	0.101	1.303	1.071	0.939	0.196	0.316	0.924	0.108	1.052	0.147	0.080	0.079	0.102	1.046	0.994	1.063	0.424	0.877	0.514	0.102	0.245	0.135	0.079	0.079	0.187	0.957	1.030	1.071	0.130	1.395	0.967	0.104	0.692	0.155	0.079	0.079	0.101	1.171	1.000	1.273	0.148	0.313	0.835	0.155	0.355	0.146	0.078	0.080	0.079	0.080	0.078	0.079	0.079	0.079	0.079	0.079	0.080	0.079	0.079
18:30:01	0.079	0.079	0.079	0.079	0.079	0.079	0.079	0.079	0.084	0.079	0.079	0.079	0.080	0.101	1.111	1.154	1.018	0.256	0.987	1.044	0.134	0.345	0.143	0.079	0.079	0.101	1.082	1.105	1.109	0.371	0.878	1.002	0.115	0.290	0.153	0.080	0.080	0.101	1.302	1.075	0.942	0.198	0.319	0.929	0.108	1.058	0.147	0.080	0.079	0.101	1.050	1.001	1.065	0.425	0.879	0.520	0.102	0.246	0.135	0.079	0.079	0.189	0.961	1.030	1.072	0.130	1.398	0.972	0.104	0.693	0.156	0.079	0.080	0.101	1.175	1.006	1.276	0.149	0.315	0.850	0.155	0.359	0.146	0.079	0.080	0.080	0.081	0.078	0.079	0.079	0.079	0.079	0.079	0.080	0.079	0.079
18:40:01	0.079	0.079	0.079	0.079	0.079	0.079	0.079	0.079	0.082	0.080	0.079	0.080	0.080	0.101	1.109	1.155	1.021	0.260	0.991	1.041	0.135	0.352	0.144	0.080	0.080	0.100	1.085	1.106	1.112	0.372	0.880	1.004	0.116	0.290	0.153	0.080	0.080	0.101	1.302	1.073	0.940	0.200	0.322	0.935	0.109	1.063	0.147	0.080	0.079	0.101	1.050	0.999	1.067	0.431	0.881	0.519	0.102	0.248	0.136	0.079	0.079	0.184	0.966	1.030	1.076	0.131	1.394	0.967	0.104	0.695	0.156	0.079	0.080	0.101	1.175	1.009	1.276	0.149	0.317	0.856	0.155	0.361	0.147	0.079	0.080	0.080	0.081	0.078	0.080	0.080	0.080	0.080	0.080	0.080	0.080	0.079
18:50:01	0.079	0.079	0.079	0.079	0.079	0.079	0.079	0.079	0.084	0.079	0.079	0.079	0.080	0.101	1.120	1.159	1.026	0.266	0.998	1.047	0.136	0.355	0.144	0.079	0.079	0.101	1.089	1.110	1.116	0.376	0.882	1.012	0.117	0.296	0.153	0.080	0.080	0.101	1.301	1.079	0.939	0.203	0.322	0.943	0.109	1.066	0.148	0.080	0.079	0.101	1.056	1.010	1.069	0.437	0.885	0.521	0.102	0.251	0.136	0.079	0.079	0.180	0.968	1.033	1.077	0.130	1.399	0.975	0.104	0.699	0.157	0.079	0.080	0.100	1.179	1.014	1.276	0.149	0.319	0.878	0.156	0.362	0.148	0.079	0.080	0.080	0.081	0.077	0.080	0.079	0.079	0.080	0.080	0.080	0.080	0.079
19:00:01	0.079	0.079	0.079	0.079	0.079	0.079	0.079	0.079	0.084	0.079	0.079	0.080	0.080	0.101	1.128	1.161	1.028	0.273	1.004	1.054	0.136	0.361	0.145	0.079	0.079	0.100	1.091	1.114	1.121	0.380	0.889	1.015	0.117	0.301	0.154	0.080	0.080	0.101	1.301	1.079	0.937	0.206	0.326	0.949	0.109	1.071	0.148	0.080	0.079	0.101	1.059	1.007	1.074	0.440	0.888	0.519	0.102	0.252	0.136	0.079	0.079	0.175	0.968	1.037	1.083	0.131	1.399	0.973	0.104	0.702	0.157	0.079	0.079	0.100	1.181	1.016	1.280	0.150	0.321	0.888	0.156	0.366	0.147	0.078	0.079	0.079	0.080	0.077	0.079	0.079	0.079	0.079	0.079	0.080	0.079	0.079
19:10:01	0.079	0.079	0.079	0.079	0.079	0.079	0.079	0.079	0.085	0.079	0.079	0.079	0.080	0.101	1.135	1.161	1.031	0.283	1.010	1.052	0.137	0.363	0.146	0.079	0.080	0.101	1.093	1.120	1.123	0.382	0.892	1.023	0.117	0.303	0.155	0.079	0.080	0.101	1.300	1.081	0.936	0.208	0.328	0.953	0.110	1.079	0.148	0.080	0.079	0.101	1.062	1.009	1.077	0.441	0.894	0.521	0.103	0.251	0.137	0.079	0.079	0.179	0.970	1.044	1.086	0.131	1.401	0.978	0.105	0.704	0.158	0.079	0.080	0.101	1.185	1.018	1.284	0.150	0.324	0.905	0.159	0.369	0.147	0.079	0.080	0.080	0.080	0.078	0.080	0.079	0.079	0.080	0.080	0.080	0.080	0.079
19:20:01	0.079	0.079	0.079	0.079	0.079	0.079	0.079	0.079	0.085	0.079	0.079	0.079	0.080	0.101	1.144	1.165	1.034	0.291	1.019	1.057	0.137	0.365	0.146	0.080	0.080	0.100	1.093	1.121	1.125	0.384	0.896	1.026	0.118	0.305	0.155	0.079	0.080	0.101	1.300	1.087	0.939	0.211	0.330	0.962	0.110	1.085	0.149	0.080	0.079	0.101	1.067	1.019	1.077	0.445	0.903	0.525	0.103	0.253	0.137	0.079	0.079	0.178	0.975	1.045	1.085	0.131	1.401	0.981	0.105	0.705	0.158	0.079	0.080	0.101	1.186	1.021	1.285	0.151	0.326	0.903	0.159	0.371	0.148	0.079	0.079	0.080	0.080	0.077	0.079	0.079	0.079	0.080	0.080	0.080	0.080	0.079
19:30:01	0.079	0.079	0.079	0.079	0.080	0.079	0.080	0.079	0.084	0.080	0.079	0.079	0.080	0.101	1.157	1.168	1.037	0.302	1.026	1.063	0.138	0.366	0.147	0.080	0.080	0.101	1.094	1.124	1.129	0.385	0.901	1.031	0.118	0.309	0.157	0.079	0.080	0.101	1.300	1.090	0.942	0.212	0.332	0.970	0.111	1.090	0.150	0.080	0.079	0.101	1.070	1.024	1.078	0.454	0.904	0.530	0.103	0.254	0.138	0.079	0.079	0.179	0.979	1.045	1.085	0.132	1.403	0.991	0.105	0.703	0.159	0.079	0.080	0.101	1.188	1.023	1.288	0.152	0.327	0.895	0.159	0.375	0.149	0.079	0.079	0.080	0.080	0.078	0.080	0.079	0.079	0.080	0.080	0.080	0.080	0.079
19:40:01	0.079	0.079	0.080	0.079	0.080	0.079	0.080	0.079	0.085	0.080	0.079	0.079	0.079	0.102	1.162	1.170	1.042	0.305	1.031	1.062	0.139	0.376	0.148	0.080	0.080	0.100	1.095	1.122	1.132	0.390	0.905	1.027	0.118	0.313	0.157	0.079	0.080	0.101	1.301	1.082	0.943	0.214	0.337	0.975	0.111	1.095	0.150	0.080	0.079	0.101	1.068	1.020	1.083	0.456	0.913	0.532	0.103	0.255	0.139	0.079	0.079	0.182	0.981	1.047	1.090	0.132	1.399	0.988	0.106	0.700	0.160	0.079	0.080	0.101	1.187	1.023	1.291	0.152	0.332	0.901	0.160	0.376	0.148	0.079	0.080	0.080	0.080	0.078	0.080	0.080	0.080	0.080	0.080	0.080	0.080	0.079
19:50:01	0.079	0.079	0.079	0.079	0.080	0.079	0.080	0.079	0.085	0.080	0.079	0.079	0.079	0.102	1.168	1.172	1.046	0.308	1.033	1.064	0.140	0.379	0.149	0.080	0.080	0.101	1.095	1.122	1.132	0.392	0.907	1.017	0.118	0.314	0.157	0.079	0.080	0.101	1.299	1.084	0.944	0.217	0.338	0.977	0.111	1.098	0.151	0.080	0.079	0.101	1.072	1.022	1.082	0.457	0.911	0.529	0.103	0.257	0.139	0.078	0.079	0.176	0.982	1.049	1.089	0.133	1.395	0.997	0.106	0.694	0.160	0.079	0.080	0.101	1.190	1.027	1.292	0.153	0.333	0.920	0.160	0.377	0.149	0.079	0.079	0.080	0.080	0.078	0.079	0.079	0.079	0.080	0.079	0.080	0.079	0.079
20:00:01	0.079	0.079	0.079	0.079	0.080	0.079	0.079	0.079	0.086	0.080	0.079	0.079	0.079	0.102	1.182	1.173	1.051	0.307	1.038	1.067	0.140	0.383	0.149	0.080	0.079	0.101	1.096	1.123	1.136	0.394	0.912	1.028	0.119	0.319	0.157	0.079	0.080	0.101	1.299	1.089	0.943	0.219	0.339	0.981	0.112	1.103	0.152	0.080	0.079	0.102	1.077	1.026	1.084	0.459	0.916	0.528	0.103	0.261	0.139	0.079	0.079	0.172	0.985	1.052	1.090	0.133	1.399	1.003	0.106	0.690	0.161	0.079	0.080	0.101	1.193	1.030	1.294	0.153	0.335	0.915	0.160	0.382	0.149	0.079	0.079	0.080	0.080	0.078	0.079	0.079	0.079	0.080	0.079	0.080	0.079	0.079
20:10:01	0.079	0.079	0.079	0.078	0.079	0.079	0.079	0.079	0.083	0.079	0.079	0.079	0.079	0.101	1.181	1.174	1.052	0.304	1.045	1.069	0.141	0.389	0.150	0.079	0.079	0.101	1.098	1.126	1.140	0.395	0.912	1.021	0.119	0.322	0.158	0.079	0.080	0.101	1.299	1.084	0.943	0.221	0.345	0.993	0.112	1.112	0.151	0.080	0.079	0.102	1.071	1.019	1.087	0.463	0.920	0.539	0.103	0.260	0.140	0.078	0.079	0.186	0.986	1.057	1.094	0.133	1.396	1.011	0.106	0.687	0.161	0.079	0.080	0.101	1.193	1.031	1.295	0.154	0.338	0.933	0.161	0.385	0.149	0.079	0.079	0.080	0.080	0.078	0.079	0.079	0.079	0.079	0.079	0.080	0.079	0.079
20:20:01	0.079	0.079	0.079	0.079	0.079	0.079	0.079	0.079	0.084	0.080	0.079	0.079	0.079	0.101	1.187	1.176	1.057	0.301	1.048	1.071	0.142	0.386	0.151	0.080	0.079	0.100	1.098	1.125	1.140	0.396	0.913	1.026	0.119	0.324	0.159	0.079	0.080	0.101	1.297	1.087	0.944	0.223	0.345	0.996	0.112	1.114	0.152	0.080	0.079	0.101	1.079	1.024	1.087	0.465	0.922	0.542	0.103	0.259	0.141	0.079	0.079	0.185	0.988	1.057	1.091	0.133	1.395	1.019	0.106	0.685	0.161	0.079	0.079	0.100	1.195	1.036	1.296	0.154	0.339	0.946	0.161	0.382	0.150	0.079	0.079	0.080	0.080	0.078	0.080	0.079	0.079	0.080	0.079	0.080	0.079	0.079
20:30:01	0.079	0.079	0.080	0.079	0.080	0.079	0.079	0.079	0.083	0.080	0.079	0.079	0.080	0.101	1.199	1.177	1.061	0.296	1.052	1.075	0.143	0.390	0.151	0.080	0.080	0.100	1.099	1.129	1.142	0.399	0.915	1.039	0.120	0.330	0.160	0.079	0.080	0.101	1.296	1.090	0.945	0.227	0.344	1.000	0.113	1.117	0.152	0.080	0.079	0.101	1.081	1.033	1.087	0.468	0.929	0.549	0.104	0.260	0.143	0.079	0.080	0.194	0.989	1.059	1.092	0.134	1.396	1.022	0.107	0.684	0.162	0.079	0.080	0.100	1.197	1.040	1.299	0.155	0.340	0.953	0.161	0.382	0.150	0.079	0.080	0.080	0.080	0.078	0.080	0.080	0.080	0.080	0.079	0.080	0.079	0.079
20:40:01	0.079	0.079	0.080	0.079	0.080	0.079	0.079	0.079	0.084	0.079	0.079	0.079	0.080	0.101	1.206	1.180	1.062	0.291	1.057	1.077	0.144	0.392	0.153	0.080	0.080	0.100	1.101	1.131	1.144	0.403	0.921	1.027	0.120	0.333	0.161	0.079	0.080	0.101	1.297	1.092	0.945	0.228	0.348	1.002	0.113	1.124	0.153	0.080	0.079	0.101	1.078	1.029	1.085	0.470	0.929	0.548	0.104	0.260	0.144	0.079	0.080	0.183	0.991	1.060	1.092	0.134	1.391	1.026	0.107	0.686	0.163	0.079	0.080	0.101	1.197	1.046	1.302	0.156	0.343	0.960	0.162	0.385	0.151	0.079	0.080	0.080	0.080	0.077	0.080	0.080	0.080	0.080	0.079	0.080	0.080	0.079
20:50:01	0.079	0.079	0.080	0.079	0.080	0.079	0.079	0.079	0.085	0.080	0.079	0.079	0.079	0.101	1.211	1.181	1.066	0.287	1.061	1.078	0.144	0.393	0.153	0.080	0.080	0.100	1.102	1.131	1.145	0.407	0.924	1.041	0.120	0.339	0.161	0.079	0.079	0.101	1.297	1.099	0.946	0.231	0.349	1.008	0.114	1.126	0.153	0.079	0.079	0.101	1.085	1.036	1.088	0.472	0.931	0.546	0.104	0.262	0.144	0.079	0.079	0.182	0.995	1.059	1.092	0.134	1.393	1.033	0.107	0.686	0.164	0.079	0.079	0.100	1.200	1.052	1.304	0.156	0.346	0.967	0.162	0.387	0.151	0.079	0.079	0.079	0.080	0.078	0.079	0.079	0.079	0.080	0.079	0.080	0.079	0.079
21:00:01	0.079	0.079	0.079	0.079	0.079	0.079	0.079	0.079	0.087	0.079	0.079	0.079	0.080	0.101	1.218	1.182	1.068	0.284	1.067	1.079	0.145	0.397	0.153	0.080	0.080	0.100	1.104	1.135	1.147	0.411	0.932	1.040	0.121	0.342	0.161	0.079	0.080	0.101	1.296	1.097	0.948	0.235	0.354	1.012	0.114	1.127	0.153	0.079	0.079	0.101	1.083	1.030	1.090	0.476	0.935	0.542	0.104	0.261	0.144	0.079	0.079	0.160	1.000	1.062	1.095	0.136	1.392	1.028	0.108	0.688	0.166	0.079	0.079	0.100	1.203	1.052	1.308	0.157	0.350	0.969	0.163	0.391	0.151	0.079	0.080	0.080	0.080	0.078	0.080	0.079	0.079	0.079	0.079	0.079	0.079	0.079
21:10:01	0.079	0.079	0.080	0.079	0.079	0.079	0.079	0.079	0.084	0.079	0.079	0.079	0.080	0.101	1.219	1.183	1.073	0.288	1.071	1.080	0.146	0.401	0.154	0.080	0.080	0.100	1.106	1.135	1.147	0.414	0.930	1.045	0.121	0.343	0.162	0.079	0.080	0.101	1.294	1.100	0.947	0.239	0.354	1.018	0.114	1.133	0.153	0.080	0.079	0.101	1.087	1.033	1.091	0.478	0.942	0.551	0.104	0.260	0.145	0.079	0.080	0.179	1.005	1.064	1.096	0.135	1.389	1.036	0.108	0.686	0.165	0.079	0.080	0.100	1.203	1.054	1.308	0.157	0.350	0.976	0.164	0.393	0.152	0.079	0.080	0.080	0.080	0.078	0.080	0.080	0.080	0.079	0.079	0.079	0.079	0.079
21:20:01	0.079	0.079	0.079	0.079	0.079	0.079	0.079	0.079	0.085	0.079	0.079	0.079	0.079	0.101	1.225	1.186	1.074	0.292	1.077	1.085	0.147	0.404	0.155	0.080	0.079	0.100	1.107	1.135	1.150	0.418	0.935	1.038	0.121	0.349	0.162	0.079	0.079	0.101	1.292	1.104	0.950	0.242	0.356	1.022	0.114	1.136	0.153	0.080	0.079	0.101	1.091	1.038	1.092	0.479	0.945	0.544	0.104	0.263	0.145	0.079	0.079	0.153	1.010	1.064	1.095	0.136	1.390	1.046	0.108	0.687	0.166	0.079	0.079	0.101	1.206	1.059	1.313	0.158	0.353	0.981	0.164	0.397	0.152	0.079	0.080	0.080	0.080	0.078	0.080	0.079	0.080	0.079	0.079	0.079	0.079	0.079
21:30:01	0.079	0.079	0.080	0.079	0.079	0.079	0.079	0.079	0.086	0.080	0.079	0.079	0.080	0.102	1.226	1.187	1.076	0.299	1.082	1.083	0.148	0.409	0.156	0.080	0.080	0.100	1.107	1.133	1.151	0.422	0.939	1.034	0.122	0.353	0.164	0.079	0.080	0.101	1.291	1.100	0.948	0.247	0.358	1.024	0.115	1.139	0.154	0.080	0.079	0.101	1.085	1.028	1.091	0.482	0.947	0.548	0.105	0.264	0.146	0.079	0.080	0.154	1.009	1.064	1.095	0.136	1.384	1.038	0.108	0.687	0.167	0.079	0.079	0.101	1.208	1.058	1.312	0.158	0.354	0.984	0.165	0.401	0.152	0.079	0.080	0.080	0.080	0.078	0.080	0.080	0.080	0.079	0.079	0.079	0.079	0.079
21:40:01	0.079	0.079	0.080	0.079	0.079	0.079	0.079	0.079	0.086	0.079	0.079	0.080	0.080	0.102	1.228	1.188	1.081	0.315	1.087	1.087	0.148	0.410	0.156	0.080	0.080	0.101	1.108	1.134	1.155	0.425	0.936	1.060	0.123	0.356	0.164	0.079	0.080	0.101	1.290	1.106	0.948	0.250	0.358	1.030	0.115	1.145	0.155	0.080	0.079	0.102	1.087	1.038	1.092	0.486	0.954	0.564	0.105	0.269	0.146	0.079	0.080	0.192	1.008	1.067	1.097	0.137	1.385	1.036	0.109	0.685	0.166	0.079	0.080	0.101	1.212	1.061	1.312	0.159	0.358	0.993	0.166	0.402	0.153	0.079	0.080	0.080	0.080	0.078	0.080	0.079	0.079	0.079	0.079	0.079	0.079	0.079
21:50:01	0.079	0.079	0.080	0.079	0.079	0.079	0.079	0.079	0.084	0.079	0.079	0.080	0.080	0.102	1.233	1.191	1.079	0.328	1.091	1.089	0.149	0.414	0.157	0.080	0.080	0.101	1.109	1.132	1.157	0.428	0.940	1.060	0.123	0.360	0.165	0.079	0.080	0.101	1.289	1.106	0.949	0.253	0.364	1.035	0.116	1.147	0.156	0.080	0.080	0.102	1.089	1.033	1.093	0.493	0.957	0.572	0.105	0.272	0.147	0.079	0.080	0.197	1.010	1.069	1.099	0.138	1.381	1.035	0.109	0.685	0.167	0.079	0.080	0.101	1.216	1.061	1.314	0.160	0.363	0.999	0.167	0.406	0.153	0.079	0.080	0.080	0.080	0.078	0.080	0.080	0.079	0.080	0.079	0.079	0.079	0.079
22:00:01	0.079	0.079	0.079	0.079	0.079	0.079	0.079	0.079	0.084	0.079	0.079	0.079	0.079	0.101	1.235	1.191	1.081	0.341	1.092	1.083	0.150	0.418	0.158	0.079	0.080	0.100	1.110	1.130	1.157	0.428	0.941	1.059	0.123	0.361	0.165	0.079	0.079	0.101	1.287	1.104	0.947	0.254	0.364	1.039	0.116	1.151	0.156	0.080	0.079	0.101	1.087	1.034	1.091	0.495	0.960	0.570	0.105	0.274	0.147	0.079	0.079	0.200	1.010	1.069	1.102	0.138	1.377	1.039	0.109	0.683	0.167	0.079	0.080	0.101	1.217	1.061	1.315	0.160	0.362	1.003	0.167	0.409	0.154	0.079	0.080	0.080	0.080	0.078	0.080	0.080	0.079	0.079	0.079	0.079	0.079	0.079
22:10:01	0.079	0.079	0.080	0.079	0.079	0.079	0.079	0.079	0.083	0.080	0.079	0.079	0.079	0.101	1.242	1.193	1.084	0.345	1.096	1.087	0.150	0.423	0.158	0.079	0.080	0.100	1.111	1.131	1.160	0.431	0.946	1.053	0.124	0.364	0.165	0.079	0.079	0.101	1.288	1.108	0.952	0.259	0.367	1.045	0.116	1.154	0.154	0.080	0.079	0.101	1.094	1.040	1.093	0.499	0.964	0.564	0.106	0.276	0.147	0.079	0.080	0.165	1.013	1.070	1.102	0.139	1.380	1.047	0.110	0.684	0.168	0.079	0.080	0.100	1.221	1.064	1.322	0.161	0.364	1.006	0.167	0.411	0.153	0.079	0.080	0.080	0.080	0.078	0.080	0.080	0.079	0.080	0.079	0.080	0.079	0.079
22:20:01	0.079	0.079	0.080	0.079	0.079	0.079	0.079	0.080	0.085	0.080	0.079	0.080	0.080	0.101	1.242	1.194	1.087	0.366	1.098	1.087	0.151	0.431	0.159	0.079	0.080	0.100	1.110	1.130	1.161	0.436	0.945	1.062	0.125	0.369	0.167	0.079	0.080	0.101	1.286	1.105	0.952	0.259	0.368	1.048	0.116	1.159	0.156	0.080	0.080	0.101	1.087	1.032	1.095	0.501	0.967	0.574	0.106	0.278	0.148	0.079	0.080	0.192	1.012	1.073	1.103	0.140	1.377	1.045	0.110	0.682	0.169	0.079	0.080	0.100	1.220	1.066	1.322	0.162	0.369	1.010	0.169	0.410	0.154	0.079	0.080	0.080	0.080	0.078	0.080	0.080	0.079	0.080	0.079	0.080	0.079	0.079
22:30:01	0.079	0.079	0.080	0.079	0.079	0.079	0.079	0.080	0.089	0.080	0.079	0.080	0.080	0.101	1.245	1.194	1.090	0.378	1.103	1.087	0.152	0.429	0.159	0.079	0.080	0.100	1.109	1.129	1.164	0.438	0.947	1.063	0.126	0.369	0.167	0.079	0.080	0.101	1.286	1.109	0.955	0.260	0.366	1.054	0.117	1.162	0.155	0.080	0.080	0.101	1.093	1.036	1.093	0.501	0.973	0.570	0.106	0.278	0.149	0.079	0.080	0.188	1.013	1.073	1.101	0.140	1.374	1.042	0.110	0.681	0.169	0.079	0.080	0.100	1.222	1.071	1.324	0.163	0.369	1.013	0.169	0.412	0.154	0.079	0.080	0.080	0.080	0.077	0.079	0.079	0.079	0.079	0.079	0.079	0.079	0.079
22:40:01	0.079	0.079	0.080	0.079	0.079	0.079	0.079	0.079	0.085	0.080	0.079	0.079	0.080	0.101	1.249	1.198	1.095	0.371	1.106	1.090	0.152	0.430	0.159	0.079	0.079	0.100	1.112	1.130	1.167	0.437	0.956	1.065	0.126	0.373	0.167	0.079	0.079	0.101	1.288	1.110	0.960	0.263	0.371	1.060	0.116	1.164	0.154	0.080	0.079	0.101	1.097	1.043	1.095	0.504	0.973	0.561	0.106	0.276	0.149	0.079	0.079	0.156	1.015	1.073	1.103	0.140	1.374	1.050	0.111	0.684	0.171	0.079	0.079	0.100	1.226	1.076	1.330	0.164	0.370	1.017	0.167	0.414	0.154	0.078	0.080	0.080	0.080	0.078	0.080	0.079	0.079	0.079	0.079	0.079	0.079	0.079
22:50:01	0.079	0.079	0.080	0.079	0.079	0.079	0.079	0.079	0.085	0.080	0.079	0.079	0.080	0.101	1.250	1.202	1.095	0.374	1.112	1.092	0.153	0.433	0.161	0.079	0.079	0.100	1.113	1.129	1.167	0.439	0.954	1.077	0.127	0.378	0.169	0.079	0.080	0.101	1.286	1.104	0.957	0.268	0.375	1.066	0.117	1.168	0.155	0.080	0.079	0.101	1.095	1.035	1.096	0.506	0.977	0.574	0.107	0.277	0.150	0.079	0.080	0.176	1.017	1.076	1.103	0.141	1.372	1.048	0.111	0.683	0.171	0.079	0.080	0.100	1.227	1.075	1.332	0.165	0.374	1.024	0.170	0.420	0.155	0.079	0.080	0.080	0.080	0.078	0.080	0.080	0.079	0.080	0.079	0.080	0.079	0.079
23:00:01	0.079	0.079	0.079	0.079	0.079	0.079	0.079	0.079	0.083	0.079	0.079	0.079	0.080	0.101	1.247	1.204	1.098	0.368	1.115	1.090	0.153	0.434	0.162	0.079	0.079	0.100	1.111	1.126	1.166	0.442	0.958	1.059	0.127	0.378	0.168	0.079	0.080	0.101	1.286	1.100	0.940	0.271	0.377	1.065	0.117	1.170	0.155	0.080	0.079	0.101	1.093	1.032	1.094	0.509	0.982	0.573	0.107	0.277	0.150	0.079	0.080	0.169	1.016	1.076	1.102	0.141	1.367	1.052	0.112	0.681	0.170	0.079	0.079	0.100	1.228	1.078	1.336	0.165	0.374	1.027	0.170	0.423	0.155	0.078	0.080	0.080	0.080	0.078	0.080	0.080	0.079	0.079	0.079	0.079	0.079	0.079
23:10:01	0.079	0.079	0.080	0.079	0.079	0.079	0.079	0.080	0.084	0.080	0.079	0.079	0.080	0.101	1.247	1.204	1.105	0.364	1.118	1.092	0.154	0.441	0.162	0.079	0.080	0.100	1.112	1.126	1.169	0.445	0.956	1.075	0.128	0.385	0.169	0.079	0.080	0.101	1.290	1.107	0.943	0.273	0.380	1.071	0.118	1.177	0.156	0.080	0.080	0.101	1.098	1.042	1.097	0.511	0.983	0.580	0.107	0.280	0.151	0.079	0.080	0.177	1.020	1.077	1.103	0.142	1.370	1.057	0.112	0.681	0.171	0.079	0.080	0.100	1.230	1.081	1.338	0.166	0.375	1.036	0.170	0.428	0.156	0.079	0.080	0.080	0.080	0.078	0.080	0.080	0.079	0.080	0.079	0.080	0.079	0.079
23:20:01	0.079	0.079	0.080	0.079	0.079	0.079	0.079	0.080	0.085	0.080	0.078	0.079	0.080	0.101	1.250	1.210	1.106	0.358	1.123	1.094	0.155	0.449	0.164	0.079	0.079	0.100	1.114	1.129	1.173	0.446	0.961	1.060	0.128	0.390	0.171	0.080	0.080	0.101	1.290	1.105	0.946	0.278	0.385	1.077	0.118	1.182	0.156	0.080	0.080	0.101	1.098	1.033	1.100	0.518	0.985	0.584	0.107	0.281	0.152	0.079	0.080	0.172	1.023	1.080	1.107	0.143	1.372	1.060	0.112	0.681	0.172	0.079	0.080	0.101	1.231	1.079	1.342	0.167	0.381	1.039	0.170	0.431	0.157	0.079	0.080	0.080	0.080	0.078	0.080	0.080	0.079	0.080	0.079	0.080	0.080	0.079
23:30:01	0.079	0.079	0.080	0.079	0.079	0.079	0.079	0.080	0.086	0.080	0.078	0.080	0.080	0.101	1.250	1.210	1.113	0.354	1.126	1.094	0.156	0.450	0.164	0.079	0.079	0.100	1.115	1.131	1.175	0.450	0.959	1.070	0.129	0.393	0.171	0.080	0.080	0.101	1.291	1.111	0.951	0.281	0.383	1.076	0.119	1.185	0.156	0.080	0.080	0.101	1.103	1.041	1.101	0.520	0.991	0.588	0.108	0.282	0.152	0.079	0.080	0.188	1.025	1.084	1.108	0.143	1.369	1.060	0.113	0.680	0.173	0.079	0.080	0.101	1.235	1.080	1.345	0.167	0.377	1.048	0.172	0.433	0.157	0.079	0.080	0.080	0.080	0.078	0.080	0.080	0.079	0.080	0.079	0.079	0.079	0.079
23:40:01	0.079	0.079	0.080	0.079	0.079	0.079	0.079	0.079	0.084	0.080	0.078	0.080	0.080	0.101	1.251	1.214	1.116	0.350	1.131	1.097	0.157	0.451	0.165	0.079	0.079	0.101	1.116	1.133	1.180	0.456	0.962	1.074	0.129	0.396	0.172	0.080	0.080	0.101	1.294	1.115	0.957	0.285	0.387	1.083	0.119	1.187	0.156	0.080	0.079	0.101	1.108	1.043	1.102	0.525	0.987	0.588	0.108	0.283	0.153	0.079	0.080	0.183	1.027	1.085	1.112	0.145	1.369	1.065	0.113	0.682	0.173	0.079	0.080	0.101	1.236	1.080	1.349	0.168	0.380	1.044	0.171	0.435	0.157	0.079	0.080	0.080	0.080	0.078	0.080	0.080	0.079	0.080	0.079	0.080	0.079	0.079
23:50:01	0.079	0.079	0.080	0.079	0.079	0.079	0.079	0.079	0.083	0.079	0.078	0.079	0.080	0.101	1.253	1.216	1.113	0.350	1.135	1.099	0.157	0.455	0.166	0.079	0.079	0.100	1.115	1.129	1.181	0.457	0.962	1.069	0.129	0.397	0.173	0.080	0.080	0.101	1.292	1.109	0.957	0.286	0.390	1.084	0.119	1.189	0.156	0.080	0.079	0.101	1.109	1.038	1.100	0.525	0.986	0.592	0.108	0.283	0.153	0.078	0.080	0.186	1.024	1.085	1.112	0.145	1.367	1.065	0.113	0.683	0.173	0.079	0.080	0.101	1.237	1.079	1.352	0.169	0.383	1.019	0.171	0.439	0.158	0.079	0.079	0.079	0.080	0.078	0.080	0.080	0.079	0.079	0.079	0.079	0.079	0.079
24:00:01	0.079	0.079	0.080	0.079	0.079	0.079	0.079	0.080	0.084	0.080	0.079	0.079	0.079	0.101	1.253	1.218	1.119	0.355	1.140	1.101	0.158	0.461	0.166	0.079	0.079	0.100	1.116	1.131	1.182	0.460	0.961	1.082	0.130	0.403	0.173	0.080	0.080	0.101	1.294	1.111	0.958	0.290	0.391	1.085	0.120	1.191	0.157	0.080	0.079	0.101	1.108	1.044	1.104	0.527	0.993	0.600	0.109	0.287	0.154	0.079	0.079	0.199	1.024	1.086	1.114	0.146	1.368	1.070	0.114	0.684	0.174	0.079	0.080	0.100	1.241	1.081	1.356	0.170	0.383	1.013	0.172	0.442	0.158	0.079	0.080	0.080	0.080	0.078	0.080	0.080	0.079	0.080	0.080	0.080	0.079	0.079

